Minimo	Corrida
51	2278
51	4346
51	7536
51	7690
51	8751
51	9157
51	9913
52	522
52	1261
52	1416
52	1449
52	1614
52	2032
52	2457
52	2681
52	2973
52	2985
52	3053
52	3067
52	3533
52	3589
52	3648
52	4002
52	4072
52	4332
52	4544
52	4596
52	4771
52	5226
52	5471
52	5698
52	5777
52	6248
52	6819
52	6903
52	6951
52	6975
52	7008
52	7088
52	7100
52	7132
52	7466
52	7509
52	7528
52	8141
52	8162
52	8198
52	8228
52	8812
52	8999
52	9106
52	9125
52	9128
52	9416
52	9641
52	9679
53	19
53	74
53	110
53	125
53	126
53	128
53	136
53	214
53	224
53	238
53	281
53	302
53	306
53	319
53	320
53	348
53	364
53	370
53	408
53	418
53	465
53	468
53	475
53	519
53	521
53	539
53	541
53	560
53	600
53	614
53	625
53	644
53	656
53	661
53	695
53	905
53	906
53	918
53	928
53	934
53	947
53	995
53	997
53	1011
53	1017
53	1085
53	1107
53	1134
53	1142
53	1185
53	1202
53	1212
53	1232
53	1270
53	1271
53	1293
53	1303
53	1306
53	1403
53	1404
53	1429
53	1488
53	1566
53	1622
53	1627
53	1663
53	1676
53	1693
53	1694
53	1698
53	1705
53	1739
53	1741
53	1788
53	1848
53	1856
53	1858
53	1869
53	1887
53	1888
53	1939
53	1963
53	1973
53	1980
53	1988
53	1999
53	2007
53	2049
53	2062
53	2095
53	2102
53	2146
53	2178
53	2199
53	2206
53	2214
53	2240
53	2249
53	2307
53	2312
53	2362
53	2371
53	2391
53	2428
53	2430
53	2464
53	2511
53	2529
53	2540
53	2597
53	2604
53	2635
53	2683
53	2708
53	2714
53	2716
53	2738
53	2755
53	2809
53	2822
53	2824
53	2843
53	2856
53	2875
53	2890
53	2912
53	2936
53	2939
53	2976
53	3005
53	3039
53	3076
53	3128
53	3152
53	3168
53	3186
53	3209
53	3217
53	3221
53	3237
53	3242
53	3247
53	3249
53	3283
53	3287
53	3288
53	3297
53	3324
53	3342
53	3359
53	3368
53	3420
53	3445
53	3448
53	3483
53	3500
53	3508
53	3518
53	3573
53	3581
53	3597
53	3608
53	3662
53	3671
53	3673
53	3683
53	3722
53	3754
53	3766
53	3767
53	3814
53	3828
53	3839
53	3850
53	3880
53	3890
53	3899
53	3945
53	3958
53	3966
53	3969
53	3972
53	3988
53	4012
53	4032
53	4047
53	4050
53	4067
53	4071
53	4094
53	4137
53	4198
53	4232
53	4233
53	4237
53	4238
53	4256
53	4267
53	4307
53	4331
53	4373
53	4414
53	4457
53	4526
53	4560
53	4566
53	4574
53	4578
53	4580
53	4583
53	4587
53	4611
53	4640
53	4653
53	4664
53	4670
53	4714
53	4726
53	4731
53	4784
53	4795
53	4812
53	4814
53	4830
53	4871
53	4883
53	4924
53	4927
53	4944
53	4964
53	5038
53	5047
53	5055
53	5099
53	5123
53	5125
53	5127
53	5129
53	5138
53	5146
53	5148
53	5191
53	5237
53	5240
53	5274
53	5324
53	5330
53	5364
53	5392
53	5393
53	5407
53	5430
53	5458
53	5512
53	5517
53	5529
53	5557
53	5588
53	5597
53	5639
53	5654
53	5683
53	5689
53	5700
53	5701
53	5713
53	5717
53	5734
53	5785
53	5811
53	5814
53	5824
53	5830
53	5837
53	5854
53	5861
53	5923
53	5953
53	5974
53	5996
53	6015
53	6058
53	6064
53	6128
53	6224
53	6228
53	6246
53	6284
53	6288
53	6306
53	6326
53	6337
53	6347
53	6357
53	6365
53	6382
53	6432
53	6472
53	6475
53	6513
53	6527
53	6528
53	6542
53	6552
53	6558
53	6608
53	6659
53	6660
53	6661
53	6699
53	6760
53	6772
53	6805
53	6820
53	6831
53	6873
53	6927
53	6936
53	7007
53	7046
53	7061
53	7076
53	7203
53	7232
53	7235
53	7265
53	7289
53	7297
53	7298
53	7337
53	7376
53	7390
53	7415
53	7437
53	7484
53	7529
53	7537
53	7550
53	7561
53	7620
53	7629
53	7645
53	7694
53	7703
53	7715
53	7859
53	7860
53	7862
53	7895
53	7900
53	7919
53	7926
53	7935
53	7956
53	7982
53	7999
53	8027
53	8033
53	8076
53	8086
53	8093
53	8119
53	8129
53	8174
53	8240
53	8242
53	8300
53	8305
53	8336
53	8339
53	8359
53	8372
53	8415
53	8464
53	8467
53	8470
53	8481
53	8482
53	8498
53	8501
53	8564
53	8570
53	8603
53	8635
53	8651
53	8729
53	8749
53	8768
53	8774
53	8790
53	8797
53	8810
53	8875
53	8876
53	8898
53	8912
53	8925
53	8952
53	8955
53	8957
53	8963
53	8980
53	9032
53	9137
53	9166
53	9196
53	9200
53	9210
53	9242
53	9250
53	9276
53	9286
53	9287
53	9291
53	9335
53	9339
53	9362
53	9402
53	9445
53	9455
53	9469
53	9472
53	9508
53	9509
53	9570
53	9596
53	9607
53	9649
53	9674
53	9675
53	9700
53	9718
53	9723
53	9730
53	9747
53	9803
53	9853
53	9859
53	9878
53	9919
53	9922
53	9954
53	9970
53	9976
53	9981
54	10
54	14
54	15
54	16
54	18
54	30
54	34
54	35
54	41
54	48
54	49
54	51
54	64
54	67
54	77
54	79
54	96
54	101
54	102
54	113
54	116
54	152
54	160
54	166
54	167
54	178
54	185
54	199
54	212
54	217
54	223
54	230
54	235
54	240
54	248
54	267
54	269
54	271
54	272
54	278
54	285
54	288
54	289
54	293
54	295
54	299
54	303
54	304
54	333
54	336
54	349
54	350
54	358
54	379
54	380
54	381
54	392
54	404
54	406
54	410
54	422
54	423
54	428
54	434
54	435
54	441
54	451
54	453
54	455
54	460
54	461
54	476
54	481
54	487
54	499
54	507
54	511
54	517
54	518
54	525
54	526
54	529
54	530
54	532
54	534
54	536
54	577
54	584
54	586
54	588
54	589
54	591
54	594
54	598
54	603
54	604
54	605
54	609
54	624
54	639
54	649
54	655
54	657
54	669
54	670
54	673
54	677
54	682
54	684
54	687
54	689
54	699
54	706
54	716
54	720
54	726
54	729
54	763
54	767
54	768
54	772
54	777
54	792
54	793
54	796
54	800
54	801
54	811
54	812
54	815
54	816
54	818
54	820
54	827
54	829
54	832
54	838
54	845
54	846
54	851
54	867
54	871
54	874
54	875
54	888
54	892
54	902
54	926
54	930
54	943
54	944
54	950
54	957
54	961
54	962
54	991
54	993
54	1016
54	1051
54	1065
54	1069
54	1080
54	1082
54	1088
54	1090
54	1100
54	1104
54	1122
54	1125
54	1130
54	1131
54	1136
54	1143
54	1145
54	1164
54	1169
54	1175
54	1176
54	1186
54	1187
54	1194
54	1195
54	1200
54	1204
54	1206
54	1208
54	1214
54	1229
54	1231
54	1245
54	1247
54	1265
54	1278
54	1280
54	1284
54	1285
54	1289
54	1295
54	1300
54	1302
54	1305
54	1311
54	1312
54	1313
54	1320
54	1328
54	1329
54	1330
54	1331
54	1332
54	1348
54	1354
54	1364
54	1370
54	1376
54	1379
54	1387
54	1392
54	1396
54	1398
54	1399
54	1401
54	1407
54	1415
54	1417
54	1419
54	1423
54	1433
54	1435
54	1440
54	1445
54	1447
54	1461
54	1469
54	1475
54	1478
54	1489
54	1493
54	1501
54	1502
54	1507
54	1509
54	1510
54	1513
54	1521
54	1522
54	1525
54	1538
54	1547
54	1558
54	1561
54	1568
54	1569
54	1571
54	1577
54	1588
54	1591
54	1608
54	1609
54	1613
54	1618
54	1619
54	1620
54	1634
54	1635
54	1643
54	1645
54	1657
54	1668
54	1684
54	1689
54	1690
54	1708
54	1711
54	1719
54	1722
54	1726
54	1730
54	1747
54	1748
54	1750
54	1752
54	1753
54	1755
54	1760
54	1769
54	1776
54	1777
54	1786
54	1792
54	1794
54	1799
54	1806
54	1808
54	1816
54	1818
54	1822
54	1830
54	1834
54	1838
54	1841
54	1846
54	1853
54	1857
54	1867
54	1868
54	1874
54	1877
54	1880
54	1882
54	1886
54	1892
54	1898
54	1899
54	1900
54	1904
54	1916
54	1922
54	1924
54	1931
54	1934
54	1937
54	1947
54	1950
54	1952
54	1974
54	1975
54	1981
54	1997
54	2021
54	2025
54	2029
54	2042
54	2047
54	2048
54	2050
54	2065
54	2073
54	2075
54	2076
54	2106
54	2120
54	2124
54	2141
54	2153
54	2154
54	2174
54	2175
54	2181
54	2185
54	2188
54	2194
54	2201
54	2211
54	2212
54	2216
54	2231
54	2233
54	2235
54	2243
54	2252
54	2253
54	2266
54	2268
54	2276
54	2284
54	2299
54	2300
54	2309
54	2316
54	2317
54	2319
54	2322
54	2338
54	2341
54	2350
54	2359
54	2369
54	2370
54	2372
54	2386
54	2397
54	2407
54	2408
54	2420
54	2431
54	2444
54	2447
54	2450
54	2454
54	2470
54	2471
54	2472
54	2484
54	2491
54	2492
54	2495
54	2498
54	2499
54	2501
54	2503
54	2518
54	2519
54	2521
54	2524
54	2527
54	2534
54	2538
54	2539
54	2544
54	2549
54	2554
54	2557
54	2575
54	2584
54	2589
54	2592
54	2596
54	2603
54	2608
54	2613
54	2617
54	2624
54	2626
54	2629
54	2632
54	2637
54	2645
54	2649
54	2652
54	2653
54	2656
54	2662
54	2663
54	2665
54	2678
54	2680
54	2686
54	2695
54	2711
54	2715
54	2719
54	2720
54	2723
54	2729
54	2740
54	2750
54	2761
54	2770
54	2787
54	2790
54	2799
54	2802
54	2807
54	2813
54	2818
54	2834
54	2838
54	2842
54	2850
54	2873
54	2876
54	2882
54	2894
54	2901
54	2906
54	2920
54	2921
54	2923
54	2942
54	2951
54	2957
54	2967
54	2978
54	2983
54	2988
54	2990
54	2991
54	2992
54	2996
54	3006
54	3007
54	3008
54	3012
54	3016
54	3019
54	3037
54	3047
54	3049
54	3065
54	3078
54	3086
54	3096
54	3102
54	3103
54	3104
54	3113
54	3120
54	3125
54	3134
54	3150
54	3155
54	3158
54	3160
54	3166
54	3173
54	3185
54	3189
54	3195
54	3196
54	3199
54	3203
54	3204
54	3207
54	3212
54	3216
54	3224
54	3227
54	3234
54	3241
54	3243
54	3252
54	3255
54	3257
54	3264
54	3267
54	3270
54	3274
54	3275
54	3276
54	3279
54	3280
54	3290
54	3295
54	3308
54	3318
54	3330
54	3331
54	3344
54	3347
54	3361
54	3365
54	3366
54	3369
54	3371
54	3375
54	3377
54	3386
54	3391
54	3404
54	3421
54	3423
54	3428
54	3429
54	3432
54	3442
54	3443
54	3444
54	3446
54	3450
54	3454
54	3465
54	3473
54	3474
54	3476
54	3481
54	3482
54	3488
54	3492
54	3504
54	3511
54	3520
54	3521
54	3543
54	3552
54	3578
54	3582
54	3583
54	3586
54	3600
54	3618
54	3619
54	3620
54	3629
54	3641
54	3647
54	3652
54	3668
54	3677
54	3678
54	3685
54	3693
54	3701
54	3704
54	3711
54	3728
54	3735
54	3737
54	3739
54	3740
54	3757
54	3762
54	3764
54	3778
54	3780
54	3781
54	3788
54	3797
54	3805
54	3818
54	3826
54	3841
54	3842
54	3847
54	3849
54	3853
54	3854
54	3864
54	3873
54	3884
54	3888
54	3892
54	3901
54	3902
54	3904
54	3912
54	3914
54	3928
54	3942
54	3943
54	3946
54	3948
54	3950
54	3960
54	3961
54	3962
54	3964
54	3973
54	3981
54	3982
54	3992
54	4023
54	4031
54	4034
54	4040
54	4041
54	4046
54	4060
54	4081
54	4084
54	4086
54	4090
54	4092
54	4093
54	4103
54	4107
54	4114
54	4118
54	4125
54	4126
54	4129
54	4133
54	4139
54	4148
54	4159
54	4174
54	4175
54	4178
54	4180
54	4193
54	4206
54	4213
54	4223
54	4225
54	4236
54	4245
54	4246
54	4251
54	4260
54	4266
54	4277
54	4280
54	4291
54	4294
54	4295
54	4296
54	4297
54	4320
54	4341
54	4358
54	4371
54	4372
54	4385
54	4400
54	4422
54	4425
54	4427
54	4428
54	4429
54	4433
54	4439
54	4445
54	4454
54	4460
54	4462
54	4464
54	4466
54	4470
54	4484
54	4491
54	4492
54	4493
54	4500
54	4501
54	4503
54	4507
54	4513
54	4514
54	4534
54	4537
54	4539
54	4543
54	4550
54	4562
54	4601
54	4602
54	4603
54	4609
54	4614
54	4627
54	4635
54	4643
54	4651
54	4659
54	4666
54	4668
54	4699
54	4700
54	4701
54	4715
54	4718
54	4739
54	4743
54	4752
54	4763
54	4764
54	4767
54	4768
54	4772
54	4790
54	4799
54	4802
54	4807
54	4821
54	4823
54	4836
54	4838
54	4839
54	4841
54	4843
54	4850
54	4867
54	4876
54	4879
54	4895
54	4916
54	4921
54	4934
54	4937
54	4941
54	4948
54	4955
54	4956
54	4959
54	4967
54	4969
54	4971
54	4979
54	4980
54	4991
54	4997
54	5014
54	5041
54	5042
54	5043
54	5049
54	5050
54	5065
54	5069
54	5082
54	5083
54	5091
54	5092
54	5100
54	5108
54	5116
54	5136
54	5142
54	5151
54	5161
54	5170
54	5174
54	5185
54	5187
54	5190
54	5194
54	5203
54	5209
54	5215
54	5218
54	5238
54	5241
54	5243
54	5246
54	5256
54	5257
54	5261
54	5266
54	5269
54	5273
54	5276
54	5283
54	5290
54	5294
54	5295
54	5296
54	5299
54	5311
54	5314
54	5318
54	5319
54	5325
54	5331
54	5340
54	5342
54	5347
54	5357
54	5362
54	5365
54	5366
54	5377
54	5383
54	5394
54	5396
54	5400
54	5408
54	5414
54	5419
54	5431
54	5437
54	5442
54	5448
54	5463
54	5474
54	5475
54	5481
54	5484
54	5489
54	5499
54	5506
54	5518
54	5533
54	5537
54	5540
54	5548
54	5551
54	5571
54	5585
54	5586
54	5598
54	5612
54	5615
54	5618
54	5619
54	5624
54	5635
54	5640
54	5644
54	5646
54	5659
54	5660
54	5669
54	5675
54	5677
54	5682
54	5684
54	5686
54	5688
54	5695
54	5699
54	5709
54	5724
54	5728
54	5733
54	5736
54	5746
54	5749
54	5757
54	5760
54	5761
54	5762
54	5767
54	5776
54	5780
54	5794
54	5795
54	5796
54	5807
54	5816
54	5818
54	5819
54	5826
54	5846
54	5852
54	5860
54	5862
54	5866
54	5876
54	5877
54	5879
54	5881
54	5885
54	5899
54	5902
54	5908
54	5910
54	5913
54	5915
54	5936
54	5938
54	5939
54	5943
54	5944
54	5945
54	5949
54	5952
54	5959
54	5965
54	5970
54	5971
54	5978
54	5982
54	5992
54	5994
54	5999
54	6010
54	6020
54	6025
54	6027
54	6028
54	6031
54	6035
54	6046
54	6047
54	6053
54	6057
54	6063
54	6074
54	6075
54	6096
54	6098
54	6132
54	6137
54	6140
54	6141
54	6149
54	6159
54	6168
54	6172
54	6173
54	6176
54	6183
54	6197
54	6204
54	6205
54	6206
54	6211
54	6232
54	6237
54	6244
54	6260
54	6263
54	6266
54	6283
54	6294
54	6299
54	6300
54	6301
54	6305
54	6314
54	6320
54	6325
54	6328
54	6338
54	6339
54	6346
54	6349
54	6351
54	6353
54	6360
54	6362
54	6364
54	6375
54	6379
54	6385
54	6387
54	6392
54	6397
54	6404
54	6411
54	6414
54	6422
54	6431
54	6435
54	6437
54	6438
54	6442
54	6445
54	6467
54	6471
54	6473
54	6496
54	6520
54	6521
54	6523
54	6524
54	6526
54	6534
54	6536
54	6548
54	6550
54	6554
54	6557
54	6579
54	6585
54	6592
54	6594
54	6598
54	6601
54	6616
54	6621
54	6622
54	6632
54	6635
54	6637
54	6640
54	6647
54	6653
54	6665
54	6673
54	6674
54	6686
54	6688
54	6702
54	6709
54	6712
54	6714
54	6717
54	6721
54	6723
54	6728
54	6733
54	6747
54	6750
54	6753
54	6761
54	6765
54	6777
54	6788
54	6791
54	6799
54	6801
54	6840
54	6841
54	6842
54	6843
54	6845
54	6847
54	6859
54	6860
54	6867
54	6869
54	6870
54	6877
54	6881
54	6891
54	6898
54	6900
54	6901
54	6904
54	6905
54	6923
54	6924
54	6932
54	6939
54	6942
54	6953
54	6955
54	6960
54	6966
54	6973
54	6977
54	6982
54	6986
54	6993
54	7003
54	7010
54	7026
54	7042
54	7049
54	7069
54	7084
54	7091
54	7094
54	7095
54	7108
54	7109
54	7110
54	7128
54	7130
54	7135
54	7136
54	7137
54	7138
54	7144
54	7150
54	7154
54	7159
54	7170
54	7173
54	7186
54	7190
54	7195
54	7197
54	7211
54	7215
54	7219
54	7223
54	7229
54	7230
54	7241
54	7243
54	7252
54	7282
54	7283
54	7288
54	7295
54	7296
54	7299
54	7306
54	7309
54	7319
54	7325
54	7326
54	7328
54	7329
54	7338
54	7339
54	7345
54	7350
54	7355
54	7357
54	7359
54	7362
54	7365
54	7383
54	7387
54	7388
54	7389
54	7393
54	7394
54	7405
54	7412
54	7417
54	7425
54	7429
54	7459
54	7461
54	7462
54	7470
54	7473
54	7478
54	7487
54	7491
54	7493
54	7497
54	7499
54	7506
54	7507
54	7515
54	7517
54	7524
54	7527
54	7539
54	7548
54	7563
54	7564
54	7565
54	7570
54	7572
54	7575
54	7576
54	7588
54	7591
54	7593
54	7606
54	7612
54	7623
54	7626
54	7634
54	7635
54	7650
54	7651
54	7652
54	7653
54	7655
54	7657
54	7662
54	7663
54	7676
54	7677
54	7687
54	7691
54	7714
54	7719
54	7727
54	7730
54	7734
54	7736
54	7741
54	7744
54	7747
54	7754
54	7755
54	7757
54	7758
54	7761
54	7765
54	7774
54	7790
54	7793
54	7799
54	7804
54	7814
54	7815
54	7817
54	7821
54	7823
54	7824
54	7825
54	7851
54	7861
54	7863
54	7865
54	7866
54	7878
54	7883
54	7884
54	7885
54	7887
54	7914
54	7920
54	7932
54	7943
54	7947
54	7950
54	7952
54	7955
54	7972
54	7979
54	7980
54	7981
54	8002
54	8005
54	8009
54	8021
54	8025
54	8028
54	8038
54	8047
54	8063
54	8071
54	8074
54	8078
54	8089
54	8096
54	8099
54	8105
54	8110
54	8113
54	8117
54	8120
54	8126
54	8136
54	8146
54	8151
54	8155
54	8173
54	8177
54	8178
54	8192
54	8196
54	8208
54	8211
54	8227
54	8231
54	8232
54	8235
54	8249
54	8256
54	8265
54	8279
54	8291
54	8293
54	8302
54	8303
54	8304
54	8309
54	8312
54	8315
54	8320
54	8321
54	8332
54	8347
54	8366
54	8369
54	8383
54	8393
54	8402
54	8403
54	8412
54	8438
54	8444
54	8480
54	8491
54	8492
54	8507
54	8508
54	8510
54	8569
54	8571
54	8573
54	8578
54	8589
54	8590
54	8594
54	8604
54	8606
54	8608
54	8621
54	8630
54	8631
54	8642
54	8652
54	8655
54	8660
54	8665
54	8678
54	8681
54	8685
54	8690
54	8703
54	8706
54	8707
54	8712
54	8713
54	8714
54	8717
54	8727
54	8732
54	8733
54	8746
54	8750
54	8754
54	8759
54	8762
54	8763
54	8769
54	8778
54	8784
54	8798
54	8807
54	8815
54	8817
54	8832
54	8841
54	8842
54	8849
54	8851
54	8852
54	8858
54	8866
54	8882
54	8884
54	8885
54	8888
54	8896
54	8901
54	8916
54	8945
54	8951
54	8962
54	8969
54	8974
54	8978
54	8987
54	8990
54	8995
54	8996
54	9004
54	9005
54	9011
54	9013
54	9024
54	9025
54	9034
54	9035
54	9037
54	9046
54	9068
54	9072
54	9073
54	9082
54	9101
54	9103
54	9105
54	9114
54	9123
54	9126
54	9127
54	9133
54	9135
54	9138
54	9148
54	9153
54	9155
54	9160
54	9174
54	9175
54	9199
54	9205
54	9208
54	9225
54	9227
54	9231
54	9239
54	9248
54	9249
54	9252
54	9265
54	9282
54	9292
54	9304
54	9322
54	9329
54	9336
54	9356
54	9371
54	9372
54	9384
54	9385
54	9387
54	9394
54	9399
54	9404
54	9412
54	9433
54	9434
54	9435
54	9437
54	9440
54	9443
54	9466
54	9470
54	9479
54	9496
54	9500
54	9502
54	9507
54	9516
54	9522
54	9556
54	9558
54	9560
54	9562
54	9572
54	9573
54	9577
54	9580
54	9588
54	9595
54	9614
54	9616
54	9625
54	9631
54	9635
54	9647
54	9651
54	9652
54	9676
54	9682
54	9693
54	9694
54	9695
54	9722
54	9735
54	9746
54	9757
54	9761
54	9763
54	9780
54	9783
54	9787
54	9788
54	9794
54	9796
54	9800
54	9802
54	9805
54	9837
54	9841
54	9842
54	9852
54	9875
54	9877
54	9882
54	9883
54	9886
54	9910
54	9915
54	9917
54	9929
54	9940
54	9942
54	9955
54	9956
54	9959
55	5
55	7
55	8
55	22
55	23
55	25
55	28
55	29
55	33
55	36
55	37
55	38
55	42
55	44
55	46
55	47
55	52
55	54
55	56
55	59
55	60
55	61
55	62
55	66
55	68
55	69
55	75
55	81
55	82
55	83
55	87
55	88
55	93
55	98
55	103
55	105
55	108
55	111
55	119
55	122
55	124
55	127
55	129
55	131
55	137
55	142
55	143
55	145
55	148
55	149
55	154
55	157
55	159
55	161
55	163
55	168
55	171
55	172
55	174
55	175
55	176
55	181
55	182
55	184
55	193
55	195
55	196
55	202
55	203
55	205
55	219
55	225
55	227
55	229
55	231
55	233
55	234
55	236
55	241
55	242
55	246
55	249
55	250
55	251
55	257
55	270
55	274
55	283
55	286
55	291
55	294
55	301
55	307
55	312
55	313
55	318
55	323
55	324
55	325
55	327
55	328
55	330
55	332
55	337
55	340
55	341
55	342
55	343
55	345
55	351
55	352
55	353
55	356
55	361
55	365
55	366
55	367
55	373
55	377
55	382
55	387
55	388
55	389
55	390
55	395
55	396
55	397
55	400
55	403
55	409
55	413
55	414
55	415
55	416
55	419
55	420
55	421
55	427
55	431
55	432
55	437
55	438
55	443
55	444
55	446
55	448
55	454
55	457
55	462
55	463
55	471
55	472
55	474
55	477
55	480
55	484
55	489
55	492
55	493
55	494
55	496
55	497
55	500
55	502
55	512
55	514
55	516
55	524
55	527
55	531
55	537
55	538
55	540
55	542
55	546
55	548
55	549
55	551
55	554
55	559
55	561
55	562
55	563
55	568
55	571
55	572
55	574
55	575
55	585
55	595
55	599
55	607
55	611
55	612
55	613
55	617
55	618
55	628
55	630
55	632
55	634
55	637
55	641
55	642
55	646
55	652
55	662
55	663
55	666
55	668
55	671
55	672
55	676
55	678
55	679
55	680
55	685
55	686
55	696
55	700
55	702
55	707
55	711
55	712
55	713
55	719
55	724
55	730
55	731
55	732
55	733
55	735
55	736
55	741
55	743
55	744
55	749
55	750
55	752
55	753
55	754
55	757
55	759
55	760
55	761
55	762
55	764
55	765
55	766
55	769
55	771
55	779
55	783
55	784
55	788
55	789
55	790
55	795
55	798
55	804
55	806
55	807
55	808
55	817
55	825
55	835
55	844
55	849
55	854
55	856
55	859
55	860
55	861
55	862
55	865
55	873
55	877
55	878
55	883
55	884
55	885
55	889
55	890
55	894
55	895
55	900
55	901
55	908
55	909
55	911
55	913
55	914
55	916
55	917
55	920
55	921
55	923
55	927
55	933
55	938
55	939
55	940
55	952
55	954
55	956
55	959
55	963
55	965
55	971
55	974
55	975
55	977
55	979
55	980
55	981
55	983
55	987
55	988
55	996
55	1000
55	1001
55	1006
55	1007
55	1008
55	1018
55	1022
55	1024
55	1028
55	1030
55	1033
55	1034
55	1035
55	1038
55	1039
55	1044
55	1045
55	1049
55	1055
55	1056
55	1057
55	1058
55	1061
55	1063
55	1064
55	1072
55	1073
55	1074
55	1075
55	1083
55	1094
55	1096
55	1108
55	1111
55	1132
55	1133
55	1141
55	1144
55	1147
55	1151
55	1152
55	1154
55	1157
55	1160
55	1165
55	1167
55	1170
55	1172
55	1174
55	1177
55	1178
55	1179
55	1182
55	1189
55	1190
55	1191
55	1205
55	1207
55	1209
55	1211
55	1216
55	1220
55	1222
55	1223
55	1225
55	1226
55	1227
55	1230
55	1233
55	1234
55	1235
55	1243
55	1249
55	1251
55	1253
55	1254
55	1255
55	1257
55	1259
55	1264
55	1269
55	1276
55	1277
55	1281
55	1286
55	1287
55	1290
55	1296
55	1297
55	1298
55	1309
55	1314
55	1317
55	1319
55	1322
55	1323
55	1334
55	1335
55	1339
55	1341
55	1344
55	1351
55	1352
55	1353
55	1356
55	1359
55	1361
55	1362
55	1366
55	1369
55	1373
55	1374
55	1375
55	1377
55	1385
55	1388
55	1390
55	1391
55	1393
55	1397
55	1402
55	1410
55	1414
55	1418
55	1422
55	1424
55	1425
55	1428
55	1434
55	1441
55	1442
55	1444
55	1446
55	1450
55	1451
55	1454
55	1457
55	1460
55	1463
55	1464
55	1472
55	1476
55	1479
55	1480
55	1482
55	1487
55	1491
55	1494
55	1495
55	1496
55	1508
55	1512
55	1516
55	1518
55	1524
55	1526
55	1533
55	1535
55	1537
55	1539
55	1542
55	1544
55	1546
55	1551
55	1553
55	1555
55	1557
55	1559
55	1564
55	1573
55	1574
55	1575
55	1581
55	1583
55	1587
55	1589
55	1590
55	1594
55	1595
55	1596
55	1597
55	1599
55	1602
55	1605
55	1606
55	1610
55	1611
55	1615
55	1616
55	1617
55	1628
55	1629
55	1630
55	1631
55	1632
55	1633
55	1637
55	1640
55	1642
55	1647
55	1649
55	1651
55	1658
55	1661
55	1670
55	1672
55	1673
55	1677
55	1679
55	1682
55	1683
55	1685
55	1692
55	1695
55	1697
55	1699
55	1707
55	1712
55	1716
55	1717
55	1721
55	1724
55	1728
55	1732
55	1734
55	1736
55	1737
55	1744
55	1746
55	1756
55	1757
55	1764
55	1765
55	1766
55	1767
55	1781
55	1782
55	1784
55	1789
55	1791
55	1793
55	1796
55	1802
55	1807
55	1809
55	1811
55	1825
55	1826
55	1828
55	1829
55	1831
55	1832
55	1840
55	1845
55	1849
55	1851
55	1852
55	1861
55	1862
55	1864
55	1872
55	1881
55	1884
55	1885
55	1894
55	1897
55	1901
55	1905
55	1906
55	1908
55	1909
55	1910
55	1911
55	1912
55	1918
55	1920
55	1928
55	1933
55	1935
55	1942
55	1943
55	1946
55	1948
55	1949
55	1951
55	1953
55	1954
55	1959
55	1962
55	1966
55	1969
55	1970
55	1971
55	1972
55	1979
55	1983
55	1984
55	1986
55	1989
55	1991
55	2010
55	2011
55	2012
55	2013
55	2016
55	2019
55	2027
55	2030
55	2033
55	2035
55	2036
55	2037
55	2041
55	2044
55	2046
55	2053
55	2056
55	2060
55	2061
55	2067
55	2071
55	2072
55	2078
55	2080
55	2082
55	2084
55	2085
55	2090
55	2091
55	2093
55	2096
55	2103
55	2104
55	2109
55	2110
55	2112
55	2115
55	2116
55	2122
55	2123
55	2125
55	2134
55	2136
55	2138
55	2142
55	2144
55	2151
55	2152
55	2155
55	2167
55	2169
55	2172
55	2176
55	2180
55	2191
55	2195
55	2202
55	2203
55	2209
55	2215
55	2218
55	2219
55	2224
55	2228
55	2229
55	2230
55	2234
55	2236
55	2245
55	2246
55	2247
55	2259
55	2260
55	2261
55	2263
55	2265
55	2269
55	2270
55	2271
55	2272
55	2273
55	2274
55	2280
55	2281
55	2282
55	2283
55	2292
55	2294
55	2306
55	2310
55	2314
55	2315
55	2318
55	2320
55	2323
55	2326
55	2327
55	2330
55	2331
55	2340
55	2343
55	2344
55	2348
55	2351
55	2353
55	2356
55	2364
55	2365
55	2367
55	2374
55	2378
55	2379
55	2382
55	2383
55	2384
55	2385
55	2389
55	2398
55	2400
55	2401
55	2404
55	2405
55	2406
55	2410
55	2413
55	2414
55	2416
55	2418
55	2422
55	2423
55	2432
55	2433
55	2438
55	2439
55	2440
55	2456
55	2459
55	2463
55	2466
55	2476
55	2481
55	2485
55	2487
55	2490
55	2494
55	2497
55	2500
55	2502
55	2506
55	2509
55	2512
55	2522
55	2525
55	2531
55	2532
55	2533
55	2541
55	2542
55	2546
55	2547
55	2548
55	2550
55	2552
55	2553
55	2555
55	2559
55	2562
55	2566
55	2569
55	2573
55	2577
55	2578
55	2581
55	2586
55	2591
55	2595
55	2598
55	2599
55	2606
55	2619
55	2621
55	2625
55	2634
55	2639
55	2643
55	2646
55	2654
55	2658
55	2664
55	2670
55	2671
55	2673
55	2688
55	2690
55	2692
55	2698
55	2699
55	2703
55	2704
55	2707
55	2710
55	2712
55	2713
55	2717
55	2718
55	2724
55	2725
55	2730
55	2731
55	2735
55	2739
55	2742
55	2746
55	2752
55	2754
55	2758
55	2760
55	2767
55	2768
55	2771
55	2777
55	2780
55	2781
55	2782
55	2785
55	2786
55	2788
55	2791
55	2798
55	2800
55	2811
55	2812
55	2814
55	2815
55	2817
55	2819
55	2823
55	2827
55	2828
55	2831
55	2833
55	2839
55	2846
55	2849
55	2852
55	2855
55	2858
55	2861
55	2864
55	2866
55	2869
55	2870
55	2871
55	2874
55	2885
55	2886
55	2891
55	2893
55	2899
55	2900
55	2902
55	2903
55	2905
55	2911
55	2913
55	2914
55	2915
55	2917
55	2922
55	2931
55	2937
55	2940
55	2941
55	2954
55	2955
55	2958
55	2959
55	2965
55	2966
55	2968
55	2971
55	2972
55	2980
55	2981
55	2986
55	2987
55	2993
55	3000
55	3010
55	3011
55	3013
55	3014
55	3017
55	3021
55	3022
55	3025
55	3035
55	3045
55	3046
55	3050
55	3060
55	3062
55	3068
55	3071
55	3075
55	3080
55	3090
55	3091
55	3092
55	3094
55	3097
55	3098
55	3105
55	3106
55	3112
55	3114
55	3115
55	3117
55	3118
55	3121
55	3136
55	3137
55	3138
55	3144
55	3149
55	3151
55	3156
55	3159
55	3161
55	3164
55	3167
55	3169
55	3171
55	3176
55	3177
55	3179
55	3187
55	3190
55	3191
55	3192
55	3193
55	3194
55	3200
55	3201
55	3205
55	3208
55	3214
55	3215
55	3218
55	3223
55	3228
55	3239
55	3240
55	3251
55	3256
55	3258
55	3259
55	3262
55	3263
55	3269
55	3271
55	3273
55	3294
55	3299
55	3301
55	3302
55	3305
55	3309
55	3310
55	3311
55	3312
55	3314
55	3319
55	3322
55	3323
55	3325
55	3328
55	3334
55	3335
55	3343
55	3345
55	3348
55	3349
55	3356
55	3357
55	3364
55	3367
55	3374
55	3380
55	3382
55	3384
55	3385
55	3388
55	3390
55	3394
55	3405
55	3407
55	3409
55	3413
55	3416
55	3417
55	3418
55	3419
55	3422
55	3424
55	3425
55	3427
55	3431
55	3435
55	3436
55	3438
55	3441
55	3449
55	3458
55	3460
55	3462
55	3464
55	3467
55	3470
55	3471
55	3475
55	3479
55	3484
55	3486
55	3487
55	3490
55	3493
55	3494
55	3498
55	3503
55	3510
55	3512
55	3522
55	3523
55	3525
55	3526
55	3527
55	3529
55	3532
55	3536
55	3538
55	3542
55	3544
55	3545
55	3548
55	3549
55	3550
55	3554
55	3555
55	3556
55	3557
55	3558
55	3559
55	3560
55	3561
55	3563
55	3564
55	3567
55	3580
55	3584
55	3601
55	3602
55	3609
55	3610
55	3613
55	3615
55	3616
55	3622
55	3623
55	3631
55	3636
55	3637
55	3638
55	3640
55	3649
55	3654
55	3659
55	3660
55	3663
55	3665
55	3666
55	3669
55	3675
55	3679
55	3680
55	3682
55	3687
55	3688
55	3689
55	3690
55	3692
55	3696
55	3697
55	3698
55	3700
55	3715
55	3720
55	3725
55	3726
55	3729
55	3731
55	3734
55	3738
55	3741
55	3745
55	3747
55	3752
55	3753
55	3755
55	3758
55	3759
55	3765
55	3774
55	3776
55	3782
55	3783
55	3784
55	3785
55	3789
55	3790
55	3793
55	3795
55	3796
55	3800
55	3802
55	3803
55	3811
55	3819
55	3821
55	3822
55	3823
55	3830
55	3838
55	3840
55	3843
55	3844
55	3845
55	3860
55	3861
55	3863
55	3865
55	3867
55	3869
55	3879
55	3882
55	3893
55	3896
55	3903
55	3906
55	3909
55	3911
55	3916
55	3917
55	3919
55	3922
55	3927
55	3929
55	3933
55	3934
55	3935
55	3938
55	3947
55	3955
55	3967
55	3970
55	3979
55	3990
55	3996
55	3997
55	3998
55	3999
55	4000
55	4003
55	4004
55	4005
55	4008
55	4011
55	4014
55	4018
55	4019
55	4021
55	4026
55	4027
55	4033
55	4037
55	4043
55	4045
55	4051
55	4052
55	4053
55	4057
55	4058
55	4062
55	4065
55	4066
55	4074
55	4080
55	4082
55	4088
55	4098
55	4100
55	4101
55	4102
55	4105
55	4106
55	4110
55	4115
55	4128
55	4130
55	4131
55	4136
55	4138
55	4140
55	4141
55	4142
55	4143
55	4145
55	4149
55	4152
55	4153
55	4156
55	4157
55	4160
55	4166
55	4167
55	4170
55	4171
55	4172
55	4183
55	4184
55	4190
55	4191
55	4194
55	4197
55	4200
55	4201
55	4202
55	4203
55	4209
55	4214
55	4215
55	4216
55	4217
55	4226
55	4227
55	4240
55	4242
55	4244
55	4247
55	4248
55	4254
55	4255
55	4263
55	4264
55	4269
55	4273
55	4275
55	4281
55	4282
55	4284
55	4285
55	4286
55	4287
55	4292
55	4293
55	4298
55	4300
55	4302
55	4308
55	4311
55	4313
55	4315
55	4316
55	4322
55	4323
55	4325
55	4326
55	4327
55	4329
55	4330
55	4334
55	4335
55	4337
55	4339
55	4340
55	4342
55	4343
55	4348
55	4349
55	4350
55	4362
55	4364
55	4365
55	4368
55	4375
55	4377
55	4378
55	4379
55	4380
55	4384
55	4388
55	4389
55	4390
55	4391
55	4394
55	4398
55	4399
55	4403
55	4407
55	4410
55	4412
55	4413
55	4421
55	4426
55	4430
55	4434
55	4436
55	4442
55	4446
55	4450
55	4456
55	4461
55	4463
55	4465
55	4467
55	4468
55	4473
55	4476
55	4480
55	4488
55	4489
55	4494
55	4499
55	4504
55	4505
55	4506
55	4511
55	4520
55	4521
55	4523
55	4525
55	4529
55	4533
55	4536
55	4540
55	4549
55	4553
55	4557
55	4563
55	4577
55	4581
55	4582
55	4586
55	4591
55	4592
55	4593
55	4597
55	4599
55	4604
55	4605
55	4606
55	4612
55	4618
55	4620
55	4623
55	4624
55	4625
55	4628
55	4629
55	4631
55	4633
55	4634
55	4637
55	4642
55	4649
55	4650
55	4652
55	4662
55	4667
55	4674
55	4676
55	4679
55	4681
55	4686
55	4687
55	4689
55	4691
55	4692
55	4693
55	4694
55	4695
55	4697
55	4698
55	4704
55	4705
55	4716
55	4717
55	4721
55	4722
55	4723
55	4724
55	4730
55	4732
55	4736
55	4737
55	4740
55	4741
55	4747
55	4748
55	4755
55	4757
55	4758
55	4760
55	4765
55	4769
55	4779
55	4783
55	4785
55	4786
55	4791
55	4794
55	4796
55	4801
55	4816
55	4817
55	4820
55	4831
55	4834
55	4837
55	4840
55	4846
55	4851
55	4853
55	4856
55	4858
55	4862
55	4863
55	4864
55	4872
55	4874
55	4877
55	4880
55	4882
55	4885
55	4886
55	4887
55	4890
55	4892
55	4894
55	4897
55	4899
55	4900
55	4903
55	4906
55	4907
55	4911
55	4914
55	4915
55	4917
55	4918
55	4922
55	4926
55	4929
55	4931
55	4932
55	4943
55	4946
55	4949
55	4950
55	4958
55	4960
55	4961
55	4965
55	4973
55	4975
55	4982
55	4983
55	4984
55	4985
55	4988
55	4990
55	4992
55	4993
55	5002
55	5003
55	5005
55	5006
55	5011
55	5013
55	5017
55	5021
55	5030
55	5033
55	5034
55	5036
55	5037
55	5040
55	5044
55	5046
55	5054
55	5057
55	5062
55	5071
55	5073
55	5076
55	5081
55	5085
55	5090
55	5095
55	5097
55	5098
55	5101
55	5105
55	5106
55	5109
55	5110
55	5111
55	5112
55	5113
55	5114
55	5120
55	5121
55	5126
55	5130
55	5133
55	5134
55	5137
55	5145
55	5147
55	5149
55	5150
55	5152
55	5153
55	5155
55	5160
55	5165
55	5166
55	5171
55	5177
55	5178
55	5179
55	5180
55	5181
55	5184
55	5186
55	5192
55	5197
55	5202
55	5205
55	5208
55	5212
55	5213
55	5214
55	5217
55	5219
55	5220
55	5222
55	5224
55	5225
55	5230
55	5231
55	5232
55	5233
55	5236
55	5245
55	5249
55	5251
55	5260
55	5264
55	5265
55	5267
55	5270
55	5272
55	5275
55	5277
55	5279
55	5284
55	5285
55	5288
55	5289
55	5304
55	5306
55	5308
55	5309
55	5310
55	5320
55	5322
55	5323
55	5326
55	5328
55	5333
55	5337
55	5344
55	5345
55	5351
55	5352
55	5354
55	5359
55	5369
55	5370
55	5376
55	5382
55	5384
55	5385
55	5387
55	5388
55	5401
55	5402
55	5403
55	5404
55	5410
55	5411
55	5412
55	5413
55	5415
55	5416
55	5417
55	5420
55	5422
55	5423
55	5425
55	5432
55	5433
55	5435
55	5443
55	5445
55	5446
55	5447
55	5449
55	5451
55	5452
55	5460
55	5462
55	5464
55	5465
55	5466
55	5467
55	5468
55	5470
55	5472
55	5473
55	5477
55	5480
55	5485
55	5493
55	5494
55	5496
55	5500
55	5501
55	5505
55	5510
55	5511
55	5514
55	5515
55	5516
55	5519
55	5520
55	5521
55	5523
55	5526
55	5528
55	5531
55	5532
55	5536
55	5541
55	5543
55	5547
55	5550
55	5554
55	5556
55	5560
55	5561
55	5563
55	5564
55	5565
55	5569
55	5570
55	5575
55	5577
55	5578
55	5579
55	5591
55	5596
55	5602
55	5604
55	5608
55	5609
55	5617
55	5621
55	5623
55	5627
55	5628
55	5630
55	5631
55	5633
55	5649
55	5650
55	5658
55	5664
55	5670
55	5673
55	5676
55	5680
55	5685
55	5693
55	5696
55	5697
55	5703
55	5708
55	5710
55	5712
55	5715
55	5716
55	5718
55	5719
55	5725
55	5726
55	5730
55	5732
55	5752
55	5753
55	5759
55	5765
55	5769
55	5771
55	5775
55	5779
55	5786
55	5787
55	5789
55	5791
55	5793
55	5798
55	5799
55	5804
55	5806
55	5808
55	5821
55	5822
55	5825
55	5828
55	5829
55	5833
55	5839
55	5842
55	5847
55	5848
55	5849
55	5851
55	5863
55	5864
55	5868
55	5869
55	5873
55	5874
55	5880
55	5886
55	5889
55	5892
55	5893
55	5895
55	5896
55	5897
55	5901
55	5903
55	5905
55	5911
55	5918
55	5920
55	5922
55	5930
55	5932
55	5947
55	5948
55	5956
55	5962
55	5964
55	5968
55	5972
55	5973
55	5976
55	5977
55	5980
55	5981
55	5986
55	5988
55	5991
55	5993
55	5997
55	6012
55	6014
55	6017
55	6018
55	6023
55	6032
55	6036
55	6039
55	6042
55	6044
55	6054
55	6059
55	6062
55	6068
55	6069
55	6072
55	6076
55	6078
55	6085
55	6095
55	6097
55	6099
55	6101
55	6102
55	6106
55	6107
55	6108
55	6109
55	6110
55	6118
55	6120
55	6121
55	6122
55	6123
55	6124
55	6125
55	6126
55	6127
55	6130
55	6131
55	6134
55	6145
55	6146
55	6147
55	6158
55	6160
55	6163
55	6164
55	6165
55	6167
55	6174
55	6179
55	6181
55	6186
55	6189
55	6191
55	6195
55	6203
55	6207
55	6208
55	6210
55	6213
55	6217
55	6220
55	6221
55	6226
55	6229
55	6233
55	6236
55	6238
55	6240
55	6241
55	6245
55	6249
55	6250
55	6254
55	6255
55	6256
55	6265
55	6273
55	6274
55	6276
55	6277
55	6278
55	6281
55	6282
55	6295
55	6296
55	6297
55	6298
55	6304
55	6309
55	6311
55	6315
55	6317
55	6319
55	6322
55	6323
55	6333
55	6334
55	6335
55	6344
55	6345
55	6348
55	6356
55	6358
55	6361
55	6370
55	6371
55	6374
55	6378
55	6381
55	6384
55	6389
55	6391
55	6393
55	6394
55	6396
55	6399
55	6401
55	6405
55	6410
55	6412
55	6413
55	6418
55	6421
55	6423
55	6424
55	6427
55	6428
55	6434
55	6440
55	6447
55	6448
55	6449
55	6451
55	6454
55	6456
55	6457
55	6460
55	6462
55	6464
55	6474
55	6476
55	6478
55	6479
55	6480
55	6482
55	6483
55	6485
55	6488
55	6490
55	6500
55	6503
55	6504
55	6505
55	6506
55	6508
55	6515
55	6516
55	6519
55	6535
55	6541
55	6544
55	6546
55	6551
55	6553
55	6559
55	6562
55	6563
55	6564
55	6565
55	6566
55	6570
55	6572
55	6575
55	6576
55	6578
55	6581
55	6582
55	6584
55	6586
55	6590
55	6593
55	6599
55	6603
55	6604
55	6606
55	6607
55	6610
55	6611
55	6613
55	6614
55	6617
55	6626
55	6628
55	6630
55	6631
55	6639
55	6644
55	6645
55	6648
55	6649
55	6651
55	6654
55	6655
55	6656
55	6657
55	6658
55	6666
55	6667
55	6669
55	6670
55	6677
55	6678
55	6679
55	6680
55	6696
55	6703
55	6705
55	6707
55	6708
55	6710
55	6716
55	6719
55	6720
55	6725
55	6726
55	6731
55	6737
55	6740
55	6748
55	6751
55	6754
55	6755
55	6756
55	6770
55	6780
55	6783
55	6784
55	6786
55	6789
55	6794
55	6804
55	6806
55	6809
55	6810
55	6812
55	6814
55	6815
55	6816
55	6821
55	6822
55	6825
55	6826
55	6833
55	6835
55	6836
55	6837
55	6848
55	6849
55	6854
55	6861
55	6866
55	6868
55	6876
55	6879
55	6880
55	6883
55	6886
55	6887
55	6888
55	6889
55	6890
55	6892
55	6893
55	6895
55	6896
55	6902
55	6906
55	6907
55	6909
55	6911
55	6913
55	6915
55	6916
55	6921
55	6930
55	6934
55	6941
55	6945
55	6947
55	6948
55	6954
55	6961
55	6962
55	6968
55	6971
55	6978
55	6979
55	6984
55	6985
55	6991
55	6992
55	6997
55	7012
55	7020
55	7021
55	7023
55	7024
55	7031
55	7034
55	7045
55	7047
55	7051
55	7055
55	7056
55	7057
55	7058
55	7062
55	7068
55	7071
55	7072
55	7075
55	7082
55	7083
55	7085
55	7087
55	7089
55	7092
55	7098
55	7105
55	7112
55	7113
55	7114
55	7121
55	7124
55	7143
55	7145
55	7146
55	7147
55	7151
55	7155
55	7158
55	7161
55	7163
55	7166
55	7168
55	7171
55	7187
55	7198
55	7200
55	7202
55	7205
55	7206
55	7210
55	7216
55	7221
55	7224
55	7226
55	7227
55	7231
55	7236
55	7237
55	7242
55	7247
55	7250
55	7254
55	7256
55	7257
55	7259
55	7261
55	7262
55	7267
55	7268
55	7270
55	7273
55	7277
55	7279
55	7286
55	7287
55	7290
55	7292
55	7294
55	7300
55	7301
55	7302
55	7303
55	7304
55	7307
55	7310
55	7313
55	7314
55	7315
55	7316
55	7320
55	7322
55	7323
55	7330
55	7331
55	7334
55	7340
55	7346
55	7347
55	7349
55	7360
55	7367
55	7369
55	7371
55	7372
55	7373
55	7374
55	7377
55	7384
55	7385
55	7391
55	7392
55	7397
55	7398
55	7401
55	7402
55	7403
55	7404
55	7408
55	7414
55	7419
55	7420
55	7421
55	7426
55	7427
55	7434
55	7439
55	7440
55	7442
55	7446
55	7447
55	7449
55	7450
55	7451
55	7453
55	7454
55	7455
55	7456
55	7458
55	7463
55	7465
55	7468
55	7469
55	7471
55	7475
55	7476
55	7479
55	7482
55	7488
55	7496
55	7501
55	7505
55	7510
55	7511
55	7512
55	7520
55	7523
55	7526
55	7530
55	7531
55	7532
55	7533
55	7534
55	7538
55	7542
55	7545
55	7551
55	7556
55	7567
55	7568
55	7571
55	7573
55	7577
55	7578
55	7579
55	7580
55	7582
55	7596
55	7597
55	7598
55	7599
55	7600
55	7602
55	7605
55	7614
55	7627
55	7639
55	7642
55	7643
55	7644
55	7646
55	7660
55	7664
55	7669
55	7670
55	7671
55	7678
55	7680
55	7684
55	7689
55	7697
55	7698
55	7700
55	7705
55	7706
55	7713
55	7717
55	7721
55	7722
55	7723
55	7726
55	7728
55	7729
55	7735
55	7737
55	7745
55	7746
55	7748
55	7749
55	7752
55	7759
55	7769
55	7773
55	7775
55	7778
55	7779
55	7784
55	7786
55	7787
55	7791
55	7792
55	7796
55	7797
55	7798
55	7800
55	7806
55	7807
55	7808
55	7810
55	7816
55	7822
55	7826
55	7828
55	7830
55	7837
55	7838
55	7843
55	7845
55	7846
55	7849
55	7854
55	7856
55	7857
55	7868
55	7869
55	7872
55	7880
55	7882
55	7889
55	7893
55	7897
55	7898
55	7902
55	7911
55	7912
55	7913
55	7922
55	7924
55	7925
55	7929
55	7930
55	7933
55	7934
55	7937
55	7938
55	7940
55	7941
55	7942
55	7945
55	7949
55	7953
55	7954
55	7960
55	7961
55	7968
55	7973
55	7974
55	7977
55	7983
55	7984
55	7985
55	7991
55	7994
55	7998
55	8000
55	8001
55	8003
55	8006
55	8010
55	8011
55	8013
55	8015
55	8017
55	8018
55	8022
55	8029
55	8031
55	8042
55	8043
55	8044
55	8046
55	8058
55	8064
55	8066
55	8070
55	8073
55	8075
55	8079
55	8081
55	8084
55	8090
55	8097
55	8108
55	8111
55	8114
55	8123
55	8125
55	8127
55	8131
55	8133
55	8134
55	8135
55	8137
55	8140
55	8142
55	8144
55	8150
55	8153
55	8156
55	8160
55	8163
55	8164
55	8165
55	8166
55	8171
55	8175
55	8179
55	8182
55	8184
55	8185
55	8186
55	8189
55	8191
55	8194
55	8195
55	8201
55	8202
55	8205
55	8206
55	8215
55	8217
55	8218
55	8219
55	8221
55	8222
55	8225
55	8233
55	8236
55	8238
55	8239
55	8241
55	8244
55	8245
55	8246
55	8260
55	8264
55	8266
55	8272
55	8276
55	8277
55	8280
55	8284
55	8287
55	8290
55	8294
55	8295
55	8296
55	8306
55	8307
55	8308
55	8324
55	8325
55	8330
55	8334
55	8337
55	8343
55	8344
55	8346
55	8350
55	8353
55	8355
55	8356
55	8357
55	8358
55	8360
55	8361
55	8368
55	8375
55	8376
55	8377
55	8380
55	8385
55	8392
55	8398
55	8400
55	8401
55	8406
55	8414
55	8422
55	8425
55	8428
55	8429
55	8430
55	8431
55	8432
55	8433
55	8434
55	8436
55	8439
55	8441
55	8443
55	8445
55	8446
55	8449
55	8455
55	8458
55	8459
55	8460
55	8461
55	8469
55	8472
55	8473
55	8474
55	8484
55	8485
55	8487
55	8493
55	8496
55	8503
55	8504
55	8505
55	8509
55	8512
55	8515
55	8518
55	8519
55	8521
55	8522
55	8525
55	8528
55	8531
55	8533
55	8534
55	8538
55	8542
55	8545
55	8548
55	8552
55	8558
55	8560
55	8566
55	8567
55	8568
55	8572
55	8574
55	8575
55	8581
55	8583
55	8584
55	8587
55	8588
55	8591
55	8593
55	8595
55	8596
55	8600
55	8601
55	8602
55	8607
55	8609
55	8611
55	8612
55	8614
55	8616
55	8622
55	8624
55	8626
55	8628
55	8634
55	8637
55	8645
55	8653
55	8657
55	8662
55	8663
55	8664
55	8666
55	8674
55	8677
55	8680
55	8683
55	8686
55	8687
55	8688
55	8694
55	8699
55	8702
55	8716
55	8718
55	8725
55	8736
55	8737
55	8739
55	8745
55	8748
55	8760
55	8770
55	8771
55	8776
55	8782
55	8783
55	8785
55	8787
55	8789
55	8794
55	8796
55	8799
55	8802
55	8805
55	8808
55	8809
55	8813
55	8816
55	8819
55	8826
55	8827
55	8833
55	8834
55	8836
55	8837
55	8838
55	8844
55	8847
55	8850
55	8853
55	8855
55	8862
55	8869
55	8870
55	8872
55	8878
55	8881
55	8886
55	8887
55	8890
55	8891
55	8893
55	8897
55	8899
55	8900
55	8917
55	8918
55	8924
55	8927
55	8928
55	8929
55	8930
55	8933
55	8934
55	8937
55	8941
55	8942
55	8948
55	8954
55	8956
55	8958
55	8961
55	8970
55	8972
55	8975
55	8982
55	8983
55	8984
55	8988
55	8989
55	8992
55	8993
55	8998
55	9001
55	9002
55	9017
55	9027
55	9031
55	9036
55	9041
55	9042
55	9047
55	9050
55	9052
55	9053
55	9056
55	9058
55	9065
55	9066
55	9069
55	9074
55	9079
55	9084
55	9086
55	9087
55	9090
55	9091
55	9093
55	9094
55	9095
55	9097
55	9099
55	9100
55	9108
55	9109
55	9115
55	9116
55	9130
55	9131
55	9132
55	9134
55	9140
55	9141
55	9146
55	9147
55	9149
55	9154
55	9158
55	9159
55	9162
55	9163
55	9165
55	9168
55	9170
55	9173
55	9176
55	9177
55	9183
55	9184
55	9185
55	9186
55	9187
55	9189
55	9190
55	9191
55	9193
55	9206
55	9211
55	9212
55	9214
55	9215
55	9219
55	9221
55	9228
55	9233
55	9235
55	9237
55	9240
55	9247
55	9251
55	9255
55	9257
55	9258
55	9261
55	9263
55	9264
55	9266
55	9271
55	9272
55	9273
55	9280
55	9281
55	9283
55	9284
55	9288
55	9290
55	9294
55	9299
55	9303
55	9305
55	9306
55	9312
55	9314
55	9319
55	9320
55	9324
55	9328
55	9332
55	9333
55	9334
55	9337
55	9338
55	9347
55	9350
55	9353
55	9355
55	9358
55	9359
55	9361
55	9364
55	9367
55	9374
55	9376
55	9386
55	9390
55	9391
55	9397
55	9401
55	9407
55	9408
55	9410
55	9413
55	9422
55	9424
55	9436
55	9438
55	9439
55	9448
55	9449
55	9450
55	9452
55	9454
55	9456
55	9460
55	9461
55	9463
55	9468
55	9471
55	9474
55	9476
55	9478
55	9480
55	9482
55	9485
55	9487
55	9489
55	9494
55	9495
55	9512
55	9513
55	9514
55	9518
55	9521
55	9525
55	9533
55	9536
55	9537
55	9541
55	9550
55	9553
55	9557
55	9559
55	9561
55	9566
55	9568
55	9574
55	9575
55	9576
55	9578
55	9581
55	9582
55	9583
55	9584
55	9591
55	9593
55	9594
55	9600
55	9601
55	9602
55	9612
55	9615
55	9618
55	9619
55	9622
55	9623
55	9626
55	9628
55	9629
55	9633
55	9639
55	9640
55	9648
55	9650
55	9653
55	9654
55	9658
55	9659
55	9664
55	9667
55	9669
55	9670
55	9672
55	9683
55	9685
55	9687
55	9699
55	9703
55	9705
55	9708
55	9712
55	9716
55	9717
55	9719
55	9726
55	9728
55	9729
55	9733
55	9737
55	9742
55	9744
55	9749
55	9753
55	9755
55	9758
55	9760
55	9762
55	9766
55	9768
55	9774
55	9778
55	9779
55	9781
55	9784
55	9785
55	9795
55	9806
55	9807
55	9808
55	9809
55	9810
55	9813
55	9816
55	9817
55	9824
55	9825
55	9826
55	9833
55	9844
55	9846
55	9847
55	9850
55	9855
55	9860
55	9864
55	9867
55	9869
55	9871
55	9872
55	9876
55	9879
55	9884
55	9888
55	9889
55	9891
55	9895
55	9896
55	9901
55	9902
55	9903
55	9907
55	9911
55	9912
55	9916
55	9923
55	9924
55	9925
55	9932
55	9934
55	9935
55	9937
55	9938
55	9943
55	9944
55	9946
55	9949
55	9957
55	9958
55	9963
55	9965
55	9973
55	9974
55	9975
55	9978
55	9980
55	9987
55	9991
55	9992
55	9993
55	9994
56	0
56	1
56	3
56	4
56	12
56	13
56	20
56	21
56	24
56	27
56	31
56	32
56	39
56	40
56	43
56	57
56	58
56	70
56	72
56	73
56	76
56	80
56	89
56	97
56	99
56	109
56	114
56	115
56	117
56	118
56	121
56	123
56	132
56	133
56	135
56	141
56	150
56	153
56	158
56	162
56	165
56	177
56	179
56	183
56	186
56	187
56	188
56	189
56	191
56	192
56	197
56	198
56	200
56	201
56	206
56	208
56	209
56	210
56	216
56	218
56	226
56	228
56	232
56	237
56	239
56	244
56	245
56	252
56	256
56	259
56	260
56	261
56	263
56	264
56	265
56	266
56	268
56	273
56	275
56	276
56	282
56	284
56	290
56	296
56	297
56	298
56	310
56	311
56	314
56	316
56	317
56	321
56	322
56	329
56	334
56	339
56	346
56	347
56	355
56	357
56	359
56	360
56	363
56	368
56	369
56	378
56	383
56	384
56	391
56	393
56	394
56	399
56	402
56	405
56	411
56	417
56	424
56	426
56	429
56	430
56	433
56	439
56	440
56	445
56	447
56	450
56	456
56	464
56	467
56	469
56	470
56	478
56	482
56	483
56	485
56	486
56	488
56	498
56	501
56	503
56	504
56	505
56	509
56	513
56	523
56	528
56	533
56	543
56	553
56	556
56	558
56	564
56	565
56	566
56	567
56	570
56	573
56	576
56	579
56	580
56	583
56	587
56	590
56	596
56	597
56	606
56	608
56	615
56	616
56	626
56	627
56	635
56	636
56	640
56	643
56	645
56	648
56	650
56	651
56	654
56	659
56	660
56	664
56	665
56	667
56	674
56	681
56	683
56	693
56	697
56	703
56	705
56	708
56	718
56	721
56	725
56	728
56	734
56	737
56	738
56	739
56	745
56	746
56	747
56	755
56	774
56	775
56	776
56	778
56	782
56	787
56	791
56	797
56	803
56	805
56	819
56	821
56	824
56	826
56	830
56	831
56	834
56	836
56	840
56	841
56	842
56	843
56	847
56	848
56	852
56	853
56	855
56	857
56	863
56	864
56	866
56	868
56	869
56	870
56	872
56	876
56	879
56	880
56	881
56	882
56	886
56	887
56	891
56	893
56	896
56	898
56	899
56	903
56	907
56	915
56	919
56	922
56	925
56	931
56	937
56	941
56	948
56	951
56	955
56	958
56	960
56	964
56	966
56	968
56	969
56	972
56	973
56	976
56	978
56	982
56	984
56	985
56	986
56	990
56	994
56	998
56	1004
56	1005
56	1009
56	1010
56	1012
56	1014
56	1023
56	1026
56	1029
56	1031
56	1032
56	1036
56	1047
56	1052
56	1053
56	1054
56	1059
56	1060
56	1062
56	1067
56	1070
56	1071
56	1076
56	1079
56	1086
56	1087
56	1091
56	1092
56	1093
56	1095
56	1097
56	1098
56	1099
56	1102
56	1103
56	1110
56	1113
56	1117
56	1118
56	1123
56	1124
56	1126
56	1127
56	1137
56	1138
56	1150
56	1155
56	1156
56	1159
56	1163
56	1168
56	1171
56	1173
56	1180
56	1183
56	1184
56	1188
56	1198
56	1199
56	1201
56	1210
56	1215
56	1217
56	1218
56	1219
56	1221
56	1224
56	1228
56	1237
56	1238
56	1240
56	1244
56	1246
56	1252
56	1256
56	1258
56	1263
56	1266
56	1267
56	1272
56	1273
56	1274
56	1279
56	1282
56	1283
56	1291
56	1292
56	1301
56	1304
56	1315
56	1318
56	1321
56	1326
56	1333
56	1337
56	1340
56	1342
56	1343
56	1345
56	1347
56	1349
56	1350
56	1355
56	1357
56	1358
56	1360
56	1367
56	1368
56	1383
56	1384
56	1395
56	1405
56	1406
56	1408
56	1411
56	1420
56	1426
56	1427
56	1431
56	1432
56	1437
56	1438
56	1439
56	1448
56	1452
56	1453
56	1456
56	1459
56	1462
56	1465
56	1467
56	1468
56	1473
56	1474
56	1483
56	1484
56	1485
56	1490
56	1497
56	1499
56	1500
56	1503
56	1504
56	1506
56	1511
56	1514
56	1515
56	1517
56	1519
56	1523
56	1527
56	1528
56	1530
56	1531
56	1532
56	1536
56	1540
56	1541
56	1545
56	1548
56	1556
56	1560
56	1562
56	1563
56	1565
56	1570
56	1572
56	1576
56	1579
56	1580
56	1584
56	1586
56	1593
56	1598
56	1600
56	1601
56	1603
56	1604
56	1607
56	1612
56	1621
56	1623
56	1624
56	1638
56	1641
56	1644
56	1646
56	1648
56	1650
56	1660
56	1662
56	1664
56	1667
56	1669
56	1671
56	1674
56	1680
56	1681
56	1686
56	1687
56	1688
56	1691
56	1696
56	1701
56	1702
56	1706
56	1713
56	1714
56	1718
56	1723
56	1729
56	1735
56	1738
56	1740
56	1742
56	1743
56	1745
56	1749
56	1751
56	1754
56	1762
56	1763
56	1768
56	1772
56	1775
56	1779
56	1787
56	1795
56	1798
56	1801
56	1803
56	1804
56	1805
56	1810
56	1812
56	1813
56	1815
56	1817
56	1819
56	1820
56	1821
56	1823
56	1827
56	1833
56	1835
56	1836
56	1844
56	1847
56	1850
56	1855
56	1860
56	1865
56	1866
56	1873
56	1875
56	1876
56	1883
56	1890
56	1893
56	1902
56	1903
56	1907
56	1913
56	1915
56	1921
56	1926
56	1927
56	1932
56	1940
56	1941
56	1944
56	1945
56	1956
56	1958
56	1960
56	1964
56	1965
56	1977
56	1978
56	1985
56	1987
56	1990
56	1992
56	1993
56	1994
56	1996
56	1998
56	2000
56	2001
56	2002
56	2003
56	2005
56	2009
56	2014
56	2018
56	2023
56	2024
56	2034
56	2038
56	2039
56	2045
56	2051
56	2052
56	2054
56	2055
56	2063
56	2064
56	2068
56	2069
56	2070
56	2074
56	2077
56	2079
56	2081
56	2086
56	2087
56	2088
56	2094
56	2098
56	2099
56	2100
56	2107
56	2108
56	2113
56	2114
56	2121
56	2126
56	2127
56	2128
56	2129
56	2130
56	2131
56	2132
56	2133
56	2139
56	2140
56	2143
56	2145
56	2147
56	2148
56	2149
56	2150
56	2160
56	2161
56	2163
56	2164
56	2166
56	2168
56	2170
56	2171
56	2177
56	2182
56	2183
56	2184
56	2187
56	2189
56	2190
56	2192
56	2196
56	2197
56	2198
56	2204
56	2207
56	2208
56	2221
56	2223
56	2225
56	2227
56	2232
56	2238
56	2239
56	2241
56	2244
56	2248
56	2250
56	2254
56	2255
56	2256
56	2262
56	2267
56	2275
56	2279
56	2286
56	2287
56	2290
56	2291
56	2297
56	2303
56	2304
56	2305
56	2311
56	2313
56	2324
56	2325
56	2328
56	2332
56	2334
56	2335
56	2336
56	2337
56	2339
56	2342
56	2347
56	2349
56	2357
56	2358
56	2360
56	2361
56	2363
56	2373
56	2375
56	2376
56	2381
56	2388
56	2392
56	2394
56	2395
56	2396
56	2399
56	2402
56	2403
56	2411
56	2412
56	2415
56	2419
56	2421
56	2425
56	2427
56	2429
56	2435
56	2436
56	2441
56	2442
56	2443
56	2445
56	2446
56	2449
56	2453
56	2460
56	2461
56	2462
56	2467
56	2468
56	2469
56	2473
56	2474
56	2475
56	2477
56	2478
56	2479
56	2480
56	2488
56	2489
56	2493
56	2504
56	2505
56	2510
56	2513
56	2514
56	2515
56	2517
56	2526
56	2535
56	2536
56	2537
56	2543
56	2545
56	2551
56	2561
56	2565
56	2567
56	2568
56	2570
56	2571
56	2576
56	2580
56	2582
56	2585
56	2587
56	2588
56	2590
56	2594
56	2600
56	2602
56	2605
56	2607
56	2609
56	2610
56	2612
56	2615
56	2616
56	2618
56	2620
56	2623
56	2627
56	2630
56	2633
56	2636
56	2638
56	2642
56	2644
56	2648
56	2650
56	2651
56	2655
56	2657
56	2659
56	2661
56	2668
56	2675
56	2676
56	2679
56	2682
56	2684
56	2685
56	2687
56	2689
56	2691
56	2693
56	2694
56	2697
56	2705
56	2709
56	2721
56	2722
56	2727
56	2732
56	2733
56	2734
56	2736
56	2741
56	2743
56	2744
56	2747
56	2748
56	2749
56	2753
56	2759
56	2764
56	2766
56	2772
56	2773
56	2774
56	2775
56	2776
56	2778
56	2779
56	2783
56	2792
56	2794
56	2795
56	2796
56	2797
56	2801
56	2803
56	2804
56	2805
56	2808
56	2810
56	2816
56	2820
56	2821
56	2826
56	2830
56	2836
56	2844
56	2848
56	2851
56	2854
56	2859
56	2860
56	2867
56	2877
56	2878
56	2881
56	2884
56	2892
56	2897
56	2898
56	2907
56	2908
56	2909
56	2916
56	2918
56	2919
56	2924
56	2926
56	2927
56	2929
56	2930
56	2932
56	2933
56	2935
56	2938
56	2944
56	2947
56	2950
56	2952
56	2956
56	2960
56	2961
56	2962
56	2963
56	2970
56	2974
56	2975
56	2977
56	2979
56	2984
56	2995
56	3001
56	3002
56	3003
56	3015
56	3018
56	3020
56	3023
56	3024
56	3026
56	3027
56	3028
56	3029
56	3030
56	3031
56	3033
56	3034
56	3036
56	3038
56	3042
56	3043
56	3044
56	3048
56	3052
56	3054
56	3055
56	3056
56	3057
56	3059
56	3061
56	3063
56	3064
56	3070
56	3072
56	3073
56	3074
56	3081
56	3082
56	3083
56	3084
56	3085
56	3088
56	3101
56	3107
56	3110
56	3111
56	3116
56	3119
56	3122
56	3124
56	3126
56	3127
56	3129
56	3131
56	3132
56	3139
56	3140
56	3142
56	3145
56	3147
56	3157
56	3162
56	3170
56	3172
56	3180
56	3182
56	3183
56	3184
56	3188
56	3210
56	3211
56	3213
56	3219
56	3220
56	3225
56	3226
56	3229
56	3230
56	3231
56	3232
56	3235
56	3236
56	3244
56	3248
56	3253
56	3254
56	3260
56	3261
56	3265
56	3268
56	3278
56	3281
56	3282
56	3285
56	3292
56	3293
56	3298
56	3300
56	3303
56	3304
56	3306
56	3315
56	3316
56	3317
56	3321
56	3326
56	3332
56	3333
56	3336
56	3338
56	3341
56	3346
56	3352
56	3353
56	3362
56	3363
56	3372
56	3378
56	3381
56	3383
56	3389
56	3392
56	3396
56	3397
56	3398
56	3400
56	3402
56	3403
56	3406
56	3410
56	3411
56	3437
56	3439
56	3447
56	3451
56	3453
56	3459
56	3463
56	3466
56	3468
56	3472
56	3478
56	3480
56	3485
56	3489
56	3491
56	3495
56	3496
56	3497
56	3499
56	3505
56	3509
56	3513
56	3515
56	3516
56	3519
56	3528
56	3530
56	3535
56	3539
56	3540
56	3541
56	3546
56	3547
56	3553
56	3562
56	3566
56	3570
56	3572
56	3585
56	3588
56	3590
56	3591
56	3592
56	3593
56	3594
56	3595
56	3596
56	3598
56	3611
56	3612
56	3617
56	3625
56	3626
56	3627
56	3630
56	3632
56	3633
56	3634
56	3639
56	3643
56	3650
56	3651
56	3655
56	3656
56	3657
56	3667
56	3672
56	3674
56	3681
56	3686
56	3694
56	3702
56	3705
56	3712
56	3713
56	3714
56	3717
56	3718
56	3719
56	3721
56	3723
56	3724
56	3727
56	3732
56	3742
56	3743
56	3744
56	3746
56	3748
56	3750
56	3756
56	3761
56	3763
56	3768
56	3769
56	3770
56	3772
56	3773
56	3779
56	3786
56	3787
56	3791
56	3792
56	3794
56	3798
56	3799
56	3801
56	3806
56	3807
56	3808
56	3809
56	3810
56	3812
56	3813
56	3815
56	3816
56	3817
56	3820
56	3824
56	3825
56	3827
56	3829
56	3833
56	3835
56	3836
56	3837
56	3848
56	3851
56	3858
56	3859
56	3868
56	3870
56	3874
56	3876
56	3881
56	3883
56	3885
56	3886
56	3887
56	3889
56	3891
56	3894
56	3897
56	3898
56	3900
56	3905
56	3908
56	3913
56	3920
56	3921
56	3923
56	3925
56	3931
56	3932
56	3939
56	3940
56	3944
56	3951
56	3952
56	3957
56	3959
56	3963
56	3965
56	3968
56	3971
56	3974
56	3976
56	3977
56	3980
56	3983
56	3985
56	3987
56	3989
56	4001
56	4009
56	4010
56	4013
56	4020
56	4022
56	4024
56	4028
56	4029
56	4035
56	4039
56	4048
56	4049
56	4063
56	4068
56	4073
56	4075
56	4077
56	4078
56	4083
56	4085
56	4087
56	4089
56	4091
56	4096
56	4099
56	4104
56	4109
56	4111
56	4112
56	4119
56	4121
56	4122
56	4127
56	4132
56	4134
56	4135
56	4144
56	4146
56	4147
56	4151
56	4155
56	4162
56	4165
56	4176
56	4177
56	4179
56	4182
56	4187
56	4189
56	4195
56	4196
56	4199
56	4204
56	4208
56	4211
56	4212
56	4220
56	4224
56	4231
56	4239
56	4241
56	4243
56	4253
56	4257
56	4259
56	4261
56	4265
56	4268
56	4270
56	4274
56	4278
56	4288
56	4299
56	4301
56	4303
56	4305
56	4310
56	4312
56	4317
56	4319
56	4321
56	4328
56	4333
56	4344
56	4351
56	4354
56	4356
56	4357
56	4360
56	4361
56	4363
56	4366
56	4367
56	4370
56	4374
56	4376
56	4381
56	4382
56	4383
56	4387
56	4392
56	4396
56	4397
56	4404
56	4405
56	4415
56	4416
56	4418
56	4419
56	4420
56	4424
56	4432
56	4435
56	4437
56	4447
56	4448
56	4449
56	4455
56	4458
56	4459
56	4471
56	4474
56	4475
56	4478
56	4482
56	4483
56	4485
56	4490
56	4496
56	4497
56	4498
56	4502
56	4512
56	4515
56	4516
56	4519
56	4522
56	4524
56	4530
56	4531
56	4532
56	4541
56	4542
56	4545
56	4551
56	4554
56	4555
56	4559
56	4561
56	4567
56	4569
56	4570
56	4575
56	4576
56	4584
56	4585
56	4590
56	4594
56	4595
56	4600
56	4607
56	4608
56	4615
56	4616
56	4617
56	4626
56	4636
56	4639
56	4641
56	4645
56	4646
56	4647
56	4648
56	4654
56	4655
56	4657
56	4658
56	4660
56	4661
56	4663
56	4665
56	4671
56	4673
56	4675
56	4677
56	4678
56	4680
56	4682
56	4683
56	4684
56	4690
56	4702
56	4703
56	4707
56	4708
56	4709
56	4710
56	4711
56	4712
56	4719
56	4720
56	4729
56	4734
56	4735
56	4738
56	4742
56	4744
56	4745
56	4750
56	4751
56	4753
56	4754
56	4756
56	4759
56	4761
56	4762
56	4773
56	4777
56	4778
56	4781
56	4782
56	4787
56	4788
56	4789
56	4798
56	4800
56	4803
56	4806
56	4809
56	4811
56	4813
56	4815
56	4819
56	4822
56	4826
56	4833
56	4835
56	4842
56	4844
56	4845
56	4849
56	4855
56	4859
56	4861
56	4866
56	4868
56	4869
56	4870
56	4873
56	4875
56	4878
56	4884
56	4888
56	4891
56	4893
56	4901
56	4902
56	4904
56	4905
56	4912
56	4919
56	4920
56	4923
56	4925
56	4930
56	4933
56	4935
56	4936
56	4939
56	4940
56	4942
56	4947
56	4952
56	4953
56	4954
56	4957
56	4962
56	4966
56	4970
56	4972
56	4974
56	4978
56	4981
56	4986
56	4987
56	4989
56	4994
56	4995
56	4998
56	4999
56	5000
56	5001
56	5007
56	5008
56	5016
56	5018
56	5020
56	5022
56	5023
56	5026
56	5032
56	5035
56	5039
56	5048
56	5056
56	5060
56	5063
56	5064
56	5067
56	5070
56	5072
56	5074
56	5077
56	5078
56	5079
56	5086
56	5087
56	5088
56	5089
56	5094
56	5096
56	5102
56	5103
56	5107
56	5118
56	5122
56	5124
56	5128
56	5132
56	5139
56	5140
56	5141
56	5143
56	5144
56	5156
56	5157
56	5158
56	5159
56	5163
56	5164
56	5167
56	5169
56	5172
56	5173
56	5175
56	5176
56	5182
56	5183
56	5188
56	5189
56	5193
56	5198
56	5199
56	5204
56	5206
56	5210
56	5211
56	5216
56	5221
56	5223
56	5229
56	5234
56	5235
56	5242
56	5247
56	5248
56	5250
56	5252
56	5253
56	5255
56	5258
56	5259
56	5263
56	5268
56	5278
56	5280
56	5281
56	5282
56	5286
56	5293
56	5297
56	5298
56	5301
56	5302
56	5303
56	5313
56	5315
56	5316
56	5317
56	5327
56	5329
56	5332
56	5334
56	5336
56	5339
56	5348
56	5353
56	5355
56	5356
56	5358
56	5360
56	5367
56	5368
56	5371
56	5372
56	5373
56	5378
56	5381
56	5390
56	5391
56	5397
56	5405
56	5409
56	5418
56	5424
56	5426
56	5428
56	5434
56	5438
56	5439
56	5444
56	5453
56	5456
56	5469
56	5476
56	5478
56	5479
56	5487
56	5488
56	5490
56	5491
56	5492
56	5495
56	5497
56	5498
56	5507
56	5509
56	5513
56	5522
56	5525
56	5527
56	5535
56	5538
56	5539
56	5542
56	5544
56	5545
56	5546
56	5549
56	5552
56	5555
56	5558
56	5562
56	5566
56	5572
56	5574
56	5580
56	5581
56	5582
56	5584
56	5589
56	5593
56	5594
56	5603
56	5610
56	5611
56	5616
56	5620
56	5626
56	5629
56	5632
56	5634
56	5636
56	5638
56	5642
56	5645
56	5648
56	5651
56	5652
56	5653
56	5655
56	5662
56	5674
56	5678
56	5687
56	5690
56	5691
56	5692
56	5694
56	5702
56	5704
56	5705
56	5706
56	5720
56	5721
56	5723
56	5729
56	5741
56	5743
56	5744
56	5748
56	5751
56	5754
56	5755
56	5758
56	5763
56	5764
56	5772
56	5773
56	5774
56	5781
56	5782
56	5783
56	5788
56	5801
56	5802
56	5809
56	5810
56	5813
56	5827
56	5831
56	5832
56	5836
56	5838
56	5840
56	5843
56	5845
56	5856
56	5857
56	5858
56	5859
56	5865
56	5870
56	5871
56	5872
56	5875
56	5878
56	5882
56	5884
56	5888
56	5890
56	5891
56	5894
56	5900
56	5906
56	5912
56	5917
56	5921
56	5926
56	5929
56	5931
56	5933
56	5934
56	5935
56	5937
56	5942
56	5946
56	5954
56	5957
56	5960
56	5961
56	5963
56	5969
56	5975
56	5979
56	5983
56	5985
56	5989
56	5995
56	5998
56	6001
56	6002
56	6003
56	6005
56	6009
56	6013
56	6019
56	6021
56	6024
56	6026
56	6030
56	6037
56	6038
56	6040
56	6041
56	6045
56	6051
56	6056
56	6060
56	6061
56	6065
56	6067
56	6073
56	6079
56	6081
56	6082
56	6086
56	6088
56	6089
56	6090
56	6091
56	6092
56	6093
56	6094
56	6100
56	6103
56	6104
56	6105
56	6111
56	6112
56	6115
56	6116
56	6119
56	6129
56	6135
56	6136
56	6142
56	6143
56	6144
56	6148
56	6150
56	6151
56	6152
56	6155
56	6156
56	6162
56	6166
56	6169
56	6170
56	6171
56	6175
56	6177
56	6180
56	6182
56	6184
56	6187
56	6188
56	6190
56	6199
56	6200
56	6201
56	6202
56	6214
56	6215
56	6216
56	6222
56	6225
56	6227
56	6230
56	6239
56	6243
56	6247
56	6251
56	6252
56	6253
56	6257
56	6259
56	6261
56	6262
56	6264
56	6268
56	6269
56	6271
56	6272
56	6280
56	6285
56	6286
56	6287
56	6289
56	6290
56	6291
56	6293
56	6303
56	6307
56	6310
56	6312
56	6313
56	6316
56	6321
56	6324
56	6327
56	6329
56	6336
56	6340
56	6341
56	6342
56	6350
56	6352
56	6363
56	6367
56	6372
56	6377
56	6380
56	6388
56	6395
56	6402
56	6403
56	6406
56	6408
56	6415
56	6417
56	6419
56	6425
56	6426
56	6429
56	6430
56	6436
56	6443
56	6444
56	6452
56	6453
56	6458
56	6459
56	6461
56	6463
56	6465
56	6466
56	6469
56	6477
56	6481
56	6484
56	6486
56	6492
56	6494
56	6497
56	6501
56	6507
56	6509
56	6510
56	6512
56	6514
56	6529
56	6530
56	6531
56	6532
56	6533
56	6538
56	6539
56	6540
56	6543
56	6547
56	6549
56	6556
56	6561
56	6569
56	6573
56	6574
56	6580
56	6587
56	6588
56	6591
56	6595
56	6596
56	6597
56	6600
56	6602
56	6605
56	6609
56	6612
56	6618
56	6620
56	6623
56	6624
56	6627
56	6629
56	6636
56	6638
56	6641
56	6642
56	6643
56	6646
56	6652
56	6668
56	6675
56	6682
56	6687
56	6691
56	6693
56	6694
56	6695
56	6698
56	6704
56	6711
56	6713
56	6715
56	6722
56	6727
56	6729
56	6730
56	6732
56	6734
56	6735
56	6736
56	6738
56	6739
56	6741
56	6742
56	6744
56	6745
56	6746
56	6749
56	6757
56	6758
56	6763
56	6764
56	6766
56	6767
56	6768
56	6769
56	6774
56	6775
56	6776
56	6778
56	6781
56	6782
56	6785
56	6787
56	6790
56	6795
56	6796
56	6802
56	6807
56	6808
56	6827
56	6830
56	6832
56	6834
56	6838
56	6839
56	6846
56	6852
56	6853
56	6856
56	6858
56	6862
56	6863
56	6864
56	6872
56	6878
56	6885
56	6897
56	6908
56	6910
56	6912
56	6914
56	6917
56	6918
56	6922
56	6925
56	6929
56	6933
56	6937
56	6940
56	6943
56	6952
56	6956
56	6957
56	6958
56	6959
56	6963
56	6964
56	6965
56	6969
56	6970
56	6972
56	6974
56	6976
56	6987
56	6988
56	6989
56	6990
56	6994
56	6999
56	7002
56	7004
56	7005
56	7006
56	7011
56	7013
56	7014
56	7016
56	7022
56	7027
56	7028
56	7029
56	7030
56	7033
56	7036
56	7040
56	7041
56	7052
56	7059
56	7063
56	7064
56	7065
56	7066
56	7067
56	7073
56	7074
56	7079
56	7081
56	7090
56	7096
56	7097
56	7099
56	7104
56	7106
56	7116
56	7117
56	7118
56	7119
56	7122
56	7123
56	7133
56	7134
56	7139
56	7141
56	7142
56	7148
56	7160
56	7162
56	7164
56	7165
56	7167
56	7169
56	7176
56	7179
56	7183
56	7184
56	7188
56	7189
56	7193
56	7194
56	7196
56	7199
56	7204
56	7207
56	7209
56	7212
56	7213
56	7217
56	7218
56	7220
56	7222
56	7225
56	7238
56	7239
56	7240
56	7244
56	7246
56	7248
56	7249
56	7251
56	7253
56	7258
56	7263
56	7266
56	7271
56	7274
56	7278
56	7281
56	7285
56	7291
56	7293
56	7312
56	7321
56	7324
56	7327
56	7332
56	7335
56	7336
56	7341
56	7342
56	7343
56	7344
56	7353
56	7354
56	7364
56	7368
56	7375
56	7380
56	7381
56	7382
56	7386
56	7396
56	7399
56	7400
56	7407
56	7409
56	7410
56	7413
56	7422
56	7428
56	7432
56	7433
56	7435
56	7438
56	7443
56	7444
56	7457
56	7472
56	7474
56	7477
56	7480
56	7481
56	7483
56	7485
56	7486
56	7490
56	7492
56	7500
56	7502
56	7508
56	7513
56	7514
56	7516
56	7518
56	7519
56	7521
56	7522
56	7525
56	7540
56	7541
56	7543
56	7544
56	7546
56	7549
56	7554
56	7555
56	7558
56	7559
56	7560
56	7566
56	7569
56	7581
56	7583
56	7584
56	7585
56	7590
56	7595
56	7603
56	7607
56	7609
56	7611
56	7613
56	7616
56	7617
56	7618
56	7621
56	7622
56	7624
56	7628
56	7630
56	7631
56	7633
56	7641
56	7649
56	7654
56	7659
56	7661
56	7665
56	7667
56	7668
56	7673
56	7675
56	7679
56	7681
56	7683
56	7688
56	7692
56	7693
56	7695
56	7696
56	7701
56	7702
56	7707
56	7708
56	7709
56	7710
56	7711
56	7718
56	7720
56	7724
56	7731
56	7733
56	7738
56	7742
56	7750
56	7753
56	7756
56	7762
56	7763
56	7767
56	7770
56	7771
56	7772
56	7776
56	7777
56	7782
56	7783
56	7789
56	7794
56	7802
56	7805
56	7809
56	7811
56	7812
56	7818
56	7819
56	7820
56	7829
56	7831
56	7834
56	7836
56	7840
56	7841
56	7842
56	7847
56	7850
56	7853
56	7864
56	7871
56	7873
56	7874
56	7875
56	7877
56	7879
56	7881
56	7886
56	7888
56	7890
56	7892
56	7894
56	7896
56	7906
56	7907
56	7908
56	7909
56	7910
56	7915
56	7917
56	7927
56	7928
56	7936
56	7944
56	7948
56	7958
56	7959
56	7963
56	7965
56	7966
56	7967
56	7970
56	7971
56	7975
56	7976
56	7978
56	7986
56	7988
56	7989
56	7990
56	7992
56	7993
56	7995
56	7997
56	8008
56	8012
56	8020
56	8023
56	8030
56	8032
56	8034
56	8035
56	8036
56	8037
56	8039
56	8045
56	8049
56	8050
56	8051
56	8052
56	8053
56	8056
56	8059
56	8061
56	8065
56	8068
56	8069
56	8072
56	8077
56	8080
56	8082
56	8083
56	8087
56	8091
56	8092
56	8098
56	8101
56	8102
56	8104
56	8107
56	8109
56	8112
56	8115
56	8118
56	8121
56	8122
56	8124
56	8128
56	8130
56	8132
56	8138
56	8139
56	8147
56	8149
56	8152
56	8157
56	8158
56	8161
56	8169
56	8170
56	8172
56	8180
56	8181
56	8183
56	8187
56	8188
56	8190
56	8200
56	8203
56	8204
56	8210
56	8213
56	8216
56	8220
56	8223
56	8224
56	8226
56	8229
56	8243
56	8248
56	8250
56	8252
56	8254
56	8255
56	8258
56	8259
56	8261
56	8262
56	8267
56	8269
56	8271
56	8273
56	8274
56	8275
56	8281
56	8282
56	8283
56	8285
56	8289
56	8310
56	8311
56	8314
56	8318
56	8322
56	8323
56	8328
56	8329
56	8331
56	8340
56	8341
56	8342
56	8349
56	8352
56	8354
56	8363
56	8367
56	8371
56	8373
56	8374
56	8378
56	8379
56	8381
56	8382
56	8384
56	8386
56	8388
56	8389
56	8391
56	8394
56	8395
56	8399
56	8407
56	8410
56	8411
56	8413
56	8416
56	8421
56	8426
56	8440
56	8442
56	8447
56	8448
56	8451
56	8454
56	8456
56	8463
56	8465
56	8466
56	8468
56	8471
56	8475
56	8476
56	8478
56	8479
56	8486
56	8488
56	8490
56	8495
56	8506
56	8513
56	8520
56	8523
56	8524
56	8526
56	8527
56	8532
56	8536
56	8537
56	8540
56	8541
56	8543
56	8544
56	8546
56	8547
56	8550
56	8551
56	8555
56	8561
56	8562
56	8563
56	8576
56	8577
56	8579
56	8580
56	8582
56	8585
56	8598
56	8599
56	8605
56	8617
56	8618
56	8619
56	8620
56	8623
56	8625
56	8629
56	8632
56	8638
56	8639
56	8640
56	8641
56	8643
56	8644
56	8649
56	8650
56	8654
56	8656
56	8658
56	8659
56	8661
56	8667
56	8668
56	8669
56	8672
56	8675
56	8676
56	8682
56	8689
56	8692
56	8693
56	8696
56	8698
56	8700
56	8701
56	8705
56	8708
56	8709
56	8719
56	8720
56	8721
56	8722
56	8723
56	8724
56	8730
56	8734
56	8738
56	8743
56	8747
56	8752
56	8755
56	8756
56	8757
56	8758
56	8761
56	8764
56	8766
56	8767
56	8775
56	8779
56	8780
56	8781
56	8788
56	8791
56	8792
56	8793
56	8795
56	8800
56	8804
56	8806
56	8811
56	8814
56	8818
56	8820
56	8821
56	8823
56	8824
56	8830
56	8831
56	8835
56	8839
56	8843
56	8846
56	8856
56	8857
56	8860
56	8861
56	8864
56	8865
56	8867
56	8871
56	8877
56	8880
56	8892
56	8902
56	8905
56	8906
56	8907
56	8909
56	8910
56	8911
56	8914
56	8915
56	8919
56	8920
56	8921
56	8923
56	8926
56	8931
56	8932
56	8935
56	8938
56	8943
56	8944
56	8947
56	8949
56	8953
56	8959
56	8960
56	8965
56	8966
56	8967
56	8968
56	8971
56	8977
56	8981
56	8985
56	8986
56	8991
56	9000
56	9006
56	9007
56	9008
56	9012
56	9014
56	9015
56	9016
56	9018
56	9020
56	9021
56	9022
56	9028
56	9030
56	9039
56	9040
56	9043
56	9044
56	9049
56	9054
56	9055
56	9057
56	9060
56	9061
56	9062
56	9067
56	9070
56	9075
56	9076
56	9078
56	9080
56	9081
56	9083
56	9092
56	9104
56	9110
56	9111
56	9117
56	9118
56	9119
56	9120
56	9129
56	9142
56	9143
56	9144
56	9145
56	9150
56	9151
56	9152
56	9164
56	9167
56	9169
56	9171
56	9180
56	9188
56	9194
56	9197
56	9198
56	9201
56	9203
56	9204
56	9207
56	9213
56	9217
56	9218
56	9220
56	9222
56	9223
56	9229
56	9238
56	9241
56	9243
56	9245
56	9246
56	9254
56	9256
56	9259
56	9260
56	9262
56	9267
56	9270
56	9274
56	9275
56	9277
56	9278
56	9285
56	9295
56	9297
56	9298
56	9301
56	9302
56	9307
56	9310
56	9311
56	9315
56	9316
56	9318
56	9321
56	9323
56	9326
56	9330
56	9340
56	9346
56	9348
56	9349
56	9351
56	9352
56	9354
56	9357
56	9360
56	9365
56	9366
56	9368
56	9369
56	9370
56	9375
56	9378
56	9379
56	9382
56	9392
56	9395
56	9396
56	9400
56	9403
56	9406
56	9409
56	9415
56	9419
56	9421
56	9423
56	9425
56	9427
56	9428
56	9429
56	9430
56	9432
56	9441
56	9444
56	9446
56	9447
56	9451
56	9453
56	9462
56	9464
56	9467
56	9473
56	9483
56	9486
56	9492
56	9497
56	9499
56	9505
56	9506
56	9511
56	9515
56	9517
56	9519
56	9520
56	9523
56	9524
56	9526
56	9527
56	9530
56	9535
56	9538
56	9545
56	9546
56	9548
56	9551
56	9552
56	9554
56	9555
56	9563
56	9564
56	9567
56	9569
56	9571
56	9579
56	9586
56	9587
56	9589
56	9590
56	9592
56	9597
56	9598
56	9599
56	9603
56	9604
56	9605
56	9609
56	9613
56	9621
56	9624
56	9627
56	9630
56	9632
56	9634
56	9642
56	9644
56	9645
56	9646
56	9655
56	9656
56	9660
56	9661
56	9662
56	9663
56	9665
56	9666
56	9668
56	9671
56	9673
56	9677
56	9680
56	9686
56	9690
56	9691
56	9692
56	9696
56	9697
56	9698
56	9701
56	9702
56	9704
56	9707
56	9709
56	9711
56	9715
56	9720
56	9721
56	9724
56	9727
56	9731
56	9734
56	9738
56	9739
56	9740
56	9741
56	9745
56	9748
56	9750
56	9751
56	9752
56	9756
56	9764
56	9765
56	9767
56	9770
56	9771
56	9775
56	9777
56	9786
56	9789
56	9791
56	9792
56	9793
56	9797
56	9798
56	9801
56	9811
56	9814
56	9815
56	9818
56	9820
56	9821
56	9822
56	9827
56	9828
56	9829
56	9831
56	9832
56	9834
56	9836
56	9839
56	9840
56	9845
56	9848
56	9851
56	9856
56	9858
56	9861
56	9862
56	9863
56	9870
56	9873
56	9874
56	9881
56	9885
56	9890
56	9894
56	9897
56	9898
56	9899
56	9906
56	9909
56	9918
56	9920
56	9921
56	9926
56	9927
56	9931
56	9933
56	9936
56	9945
56	9947
56	9948
56	9950
56	9952
56	9960
56	9961
56	9968
56	9972
56	9977
56	9982
56	9983
56	9984
56	9986
56	9988
56	9990
56	9996
56	9997
56	9998
56	9999
57	2
57	6
57	9
57	11
57	17
57	26
57	45
57	50
57	53
57	65
57	71
57	78
57	85
57	86
57	90
57	91
57	92
57	94
57	95
57	100
57	112
57	120
57	130
57	134
57	140
57	144
57	146
57	147
57	155
57	156
57	164
57	169
57	170
57	173
57	180
57	204
57	211
57	213
57	215
57	220
57	221
57	222
57	247
57	253
57	254
57	255
57	262
57	277
57	279
57	287
57	292
57	300
57	305
57	308
57	309
57	315
57	335
57	338
57	354
57	362
57	371
57	372
57	375
57	376
57	385
57	386
57	398
57	401
57	407
57	412
57	425
57	436
57	449
57	458
57	459
57	466
57	473
57	479
57	490
57	491
57	495
57	506
57	508
57	510
57	520
57	535
57	544
57	545
57	547
57	550
57	552
57	555
57	557
57	569
57	578
57	581
57	582
57	593
57	601
57	602
57	619
57	620
57	622
57	623
57	629
57	631
57	633
57	638
57	647
57	653
57	658
57	688
57	690
57	691
57	692
57	694
57	698
57	704
57	709
57	714
57	715
57	717
57	722
57	723
57	748
57	756
57	758
57	770
57	773
57	780
57	781
57	785
57	786
57	799
57	809
57	810
57	814
57	822
57	823
57	833
57	837
57	839
57	850
57	904
57	910
57	912
57	924
57	929
57	932
57	935
57	942
57	945
57	946
57	949
57	953
57	967
57	989
57	992
57	999
57	1002
57	1003
57	1013
57	1019
57	1020
57	1021
57	1027
57	1037
57	1040
57	1041
57	1042
57	1046
57	1066
57	1077
57	1078
57	1081
57	1101
57	1109
57	1112
57	1116
57	1120
57	1121
57	1129
57	1135
57	1139
57	1140
57	1148
57	1153
57	1158
57	1161
57	1162
57	1166
57	1181
57	1192
57	1193
57	1213
57	1236
57	1239
57	1242
57	1250
57	1260
57	1262
57	1268
57	1275
57	1288
57	1299
57	1307
57	1308
57	1316
57	1325
57	1336
57	1346
57	1365
57	1372
57	1378
57	1380
57	1381
57	1386
57	1409
57	1421
57	1436
57	1443
57	1455
57	1458
57	1466
57	1470
57	1477
57	1481
57	1486
57	1492
57	1498
57	1505
57	1520
57	1529
57	1543
57	1549
57	1552
57	1554
57	1567
57	1578
57	1582
57	1592
57	1625
57	1636
57	1639
57	1653
57	1654
57	1655
57	1656
57	1659
57	1665
57	1666
57	1675
57	1700
57	1703
57	1704
57	1709
57	1710
57	1725
57	1727
57	1731
57	1758
57	1759
57	1770
57	1773
57	1778
57	1780
57	1785
57	1790
57	1814
57	1824
57	1837
57	1839
57	1842
57	1843
57	1859
57	1870
57	1871
57	1878
57	1879
57	1889
57	1891
57	1895
57	1896
57	1914
57	1917
57	1919
57	1923
57	1925
57	1930
57	1938
57	1955
57	1957
57	1968
57	1976
57	2004
57	2006
57	2008
57	2015
57	2017
57	2020
57	2022
57	2026
57	2028
57	2031
57	2043
57	2057
57	2058
57	2059
57	2089
57	2097
57	2105
57	2111
57	2117
57	2135
57	2137
57	2156
57	2157
57	2159
57	2162
57	2165
57	2173
57	2179
57	2193
57	2200
57	2205
57	2210
57	2217
57	2220
57	2222
57	2226
57	2237
57	2242
57	2251
57	2257
57	2258
57	2264
57	2277
57	2288
57	2289
57	2293
57	2295
57	2296
57	2298
57	2301
57	2302
57	2308
57	2321
57	2329
57	2333
57	2345
57	2346
57	2354
57	2355
57	2366
57	2380
57	2390
57	2393
57	2424
57	2434
57	2437
57	2451
57	2455
57	2458
57	2465
57	2482
57	2483
57	2507
57	2508
57	2516
57	2520
57	2523
57	2528
57	2530
57	2558
57	2560
57	2572
57	2574
57	2579
57	2583
57	2593
57	2601
57	2611
57	2614
57	2622
57	2631
57	2641
57	2647
57	2660
57	2666
57	2667
57	2669
57	2672
57	2674
57	2677
57	2696
57	2700
57	2701
57	2702
57	2726
57	2728
57	2737
57	2745
57	2757
57	2763
57	2765
57	2769
57	2784
57	2789
57	2829
57	2835
57	2841
57	2845
57	2847
57	2853
57	2857
57	2862
57	2865
57	2868
57	2872
57	2880
57	2883
57	2887
57	2888
57	2889
57	2895
57	2904
57	2910
57	2925
57	2928
57	2934
57	2943
57	2945
57	2946
57	2948
57	2953
57	2969
57	2982
57	2989
57	2994
57	2997
57	2998
57	2999
57	3004
57	3009
57	3032
57	3051
57	3058
57	3066
57	3069
57	3077
57	3087
57	3089
57	3093
57	3095
57	3099
57	3100
57	3108
57	3130
57	3133
57	3135
57	3141
57	3146
57	3148
57	3153
57	3154
57	3165
57	3174
57	3181
57	3198
57	3202
57	3206
57	3233
57	3250
57	3266
57	3272
57	3284
57	3286
57	3291
57	3296
57	3307
57	3337
57	3340
57	3350
57	3351
57	3355
57	3358
57	3360
57	3370
57	3373
57	3379
57	3387
57	3395
57	3401
57	3412
57	3414
57	3415
57	3430
57	3433
57	3434
57	3440
57	3455
57	3456
57	3457
57	3461
57	3477
57	3501
57	3502
57	3506
57	3507
57	3514
57	3517
57	3524
57	3531
57	3534
57	3551
57	3569
57	3574
57	3575
57	3576
57	3577
57	3579
57	3587
57	3599
57	3603
57	3605
57	3614
57	3621
57	3628
57	3642
57	3644
57	3645
57	3646
57	3653
57	3658
57	3661
57	3664
57	3670
57	3676
57	3684
57	3695
57	3706
57	3707
57	3709
57	3710
57	3730
57	3733
57	3736
57	3749
57	3751
57	3771
57	3775
57	3777
57	3804
57	3832
57	3834
57	3846
57	3855
57	3856
57	3862
57	3871
57	3872
57	3875
57	3877
57	3907
57	3915
57	3918
57	3924
57	3930
57	3936
57	3937
57	3941
57	3949
57	3953
57	3954
57	3975
57	3978
57	3984
57	3986
57	3991
57	4006
57	4016
57	4017
57	4025
57	4030
57	4036
57	4038
57	4042
57	4044
57	4055
57	4056
57	4059
57	4064
57	4069
57	4070
57	4079
57	4095
57	4108
57	4117
57	4123
57	4150
57	4154
57	4158
57	4161
57	4164
57	4168
57	4169
57	4173
57	4181
57	4185
57	4186
57	4188
57	4192
57	4205
57	4207
57	4218
57	4219
57	4230
57	4235
57	4249
57	4250
57	4252
57	4258
57	4262
57	4272
57	4276
57	4279
57	4289
57	4290
57	4306
57	4309
57	4314
57	4324
57	4336
57	4338
57	4345
57	4352
57	4353
57	4355
57	4359
57	4369
57	4386
57	4393
57	4395
57	4401
57	4402
57	4406
57	4408
57	4409
57	4411
57	4417
57	4423
57	4431
57	4438
57	4440
57	4441
57	4443
57	4444
57	4452
57	4453
57	4469
57	4472
57	4477
57	4479
57	4481
57	4486
57	4495
57	4508
57	4509
57	4510
57	4527
57	4528
57	4538
57	4546
57	4547
57	4552
57	4556
57	4564
57	4565
57	4568
57	4571
57	4572
57	4573
57	4579
57	4589
57	4598
57	4610
57	4613
57	4619
57	4621
57	4622
57	4630
57	4632
57	4638
57	4644
57	4656
57	4669
57	4672
57	4685
57	4696
57	4713
57	4725
57	4733
57	4746
57	4766
57	4770
57	4775
57	4780
57	4793
57	4797
57	4804
57	4805
57	4808
57	4810
57	4824
57	4827
57	4828
57	4829
57	4832
57	4847
57	4848
57	4852
57	4854
57	4857
57	4860
57	4865
57	4881
57	4889
57	4896
57	4898
57	4909
57	4910
57	4938
57	4951
57	4963
57	4968
57	4977
57	4996
57	5004
57	5009
57	5010
57	5012
57	5015
57	5019
57	5024
57	5025
57	5027
57	5028
57	5051
57	5052
57	5053
57	5058
57	5061
57	5066
57	5068
57	5075
57	5080
57	5084
57	5093
57	5104
57	5115
57	5117
57	5119
57	5135
57	5154
57	5162
57	5168
57	5195
57	5196
57	5200
57	5201
57	5207
57	5227
57	5228
57	5239
57	5244
57	5254
57	5262
57	5271
57	5287
57	5291
57	5292
57	5300
57	5305
57	5312
57	5335
57	5338
57	5341
57	5343
57	5361
57	5363
57	5374
57	5375
57	5379
57	5380
57	5386
57	5389
57	5398
57	5399
57	5406
57	5421
57	5429
57	5440
57	5441
57	5450
57	5454
57	5455
57	5457
57	5461
57	5483
57	5486
57	5502
57	5503
57	5508
57	5524
57	5534
57	5553
57	5559
57	5568
57	5573
57	5599
57	5600
57	5601
57	5605
57	5606
57	5607
57	5613
57	5614
57	5622
57	5625
57	5637
57	5641
57	5656
57	5657
57	5661
57	5666
57	5667
57	5668
57	5679
57	5707
57	5711
57	5727
57	5731
57	5737
57	5738
57	5739
57	5742
57	5750
57	5766
57	5768
57	5770
57	5778
57	5784
57	5790
57	5797
57	5800
57	5805
57	5812
57	5815
57	5817
57	5820
57	5823
57	5834
57	5844
57	5850
57	5855
57	5887
57	5898
57	5904
57	5907
57	5909
57	5914
57	5916
57	5919
57	5924
57	5925
57	5927
57	5928
57	5940
57	5950
57	5951
57	5955
57	5958
57	5966
57	5967
57	5984
57	5987
57	5990
57	6000
57	6004
57	6007
57	6008
57	6016
57	6022
57	6033
57	6034
57	6048
57	6049
57	6050
57	6052
57	6055
57	6066
57	6070
57	6077
57	6080
57	6084
57	6087
57	6113
57	6117
57	6133
57	6153
57	6157
57	6161
57	6178
57	6185
57	6192
57	6193
57	6196
57	6209
57	6212
57	6218
57	6219
57	6223
57	6231
57	6235
57	6242
57	6258
57	6267
57	6270
57	6279
57	6302
57	6308
57	6330
57	6331
57	6332
57	6343
57	6354
57	6359
57	6366
57	6368
57	6369
57	6373
57	6376
57	6383
57	6386
57	6390
57	6400
57	6407
57	6409
57	6416
57	6433
57	6439
57	6446
57	6450
57	6455
57	6468
57	6470
57	6489
57	6491
57	6495
57	6498
57	6502
57	6518
57	6522
57	6525
57	6537
57	6545
57	6567
57	6571
57	6577
57	6615
57	6619
57	6633
57	6634
57	6663
57	6664
57	6671
57	6672
57	6676
57	6681
57	6683
57	6685
57	6689
57	6690
57	6692
57	6697
57	6701
57	6706
57	6718
57	6743
57	6752
57	6759
57	6771
57	6773
57	6779
57	6792
57	6793
57	6797
57	6798
57	6800
57	6803
57	6811
57	6813
57	6817
57	6818
57	6823
57	6824
57	6829
57	6844
57	6855
57	6865
57	6874
57	6875
57	6882
57	6884
57	6894
57	6899
57	6920
57	6926
57	6931
57	6935
57	6938
57	6944
57	6946
57	6949
57	6967
57	6980
57	6981
57	6983
57	6995
57	6996
57	6998
57	7001
57	7009
57	7017
57	7025
57	7032
57	7037
57	7038
57	7044
57	7048
57	7050
57	7054
57	7060
57	7070
57	7077
57	7078
57	7086
57	7093
57	7102
57	7120
57	7125
57	7127
57	7129
57	7131
57	7140
57	7149
57	7157
57	7172
57	7174
57	7177
57	7180
57	7182
57	7191
57	7192
57	7208
57	7233
57	7234
57	7255
57	7260
57	7264
57	7272
57	7275
57	7276
57	7280
57	7284
57	7305
57	7308
57	7311
57	7317
57	7318
57	7333
57	7348
57	7358
57	7363
57	7366
57	7370
57	7378
57	7395
57	7416
57	7418
57	7423
57	7424
57	7430
57	7431
57	7436
57	7441
57	7445
57	7448
57	7460
57	7464
57	7467
57	7489
57	7494
57	7495
57	7503
57	7547
57	7552
57	7553
57	7557
57	7562
57	7574
57	7587
57	7589
57	7592
57	7594
57	7604
57	7608
57	7610
57	7625
57	7632
57	7636
57	7637
57	7638
57	7640
57	7647
57	7648
57	7658
57	7666
57	7674
57	7682
57	7685
57	7699
57	7704
57	7716
57	7740
57	7743
57	7751
57	7760
57	7764
57	7766
57	7768
57	7780
57	7781
57	7785
57	7788
57	7803
57	7813
57	7827
57	7832
57	7835
57	7839
57	7844
57	7848
57	7855
57	7858
57	7867
57	7870
57	7876
57	7901
57	7903
57	7905
57	7918
57	7921
57	7931
57	7939
57	7946
57	7951
57	7957
57	7962
57	7964
57	7987
57	7996
57	8004
57	8007
57	8014
57	8016
57	8019
57	8040
57	8041
57	8048
57	8054
57	8055
57	8057
57	8060
57	8085
57	8094
57	8095
57	8103
57	8106
57	8116
57	8143
57	8148
57	8154
57	8159
57	8167
57	8168
57	8197
57	8199
57	8207
57	8209
57	8212
57	8214
57	8230
57	8234
57	8237
57	8247
57	8257
57	8263
57	8268
57	8278
57	8286
57	8288
57	8292
57	8297
57	8298
57	8299
57	8301
57	8313
57	8316
57	8317
57	8319
57	8326
57	8327
57	8333
57	8335
57	8345
57	8348
57	8351
57	8370
57	8390
57	8396
57	8397
57	8405
57	8409
57	8417
57	8420
57	8423
57	8424
57	8427
57	8437
57	8452
57	8453
57	8457
57	8477
57	8483
57	8489
57	8494
57	8497
57	8516
57	8517
57	8529
57	8530
57	8535
57	8539
57	8549
57	8553
57	8554
57	8556
57	8557
57	8565
57	8586
57	8597
57	8610
57	8613
57	8615
57	8627
57	8646
57	8647
57	8648
57	8670
57	8673
57	8684
57	8691
57	8695
57	8697
57	8704
57	8710
57	8711
57	8726
57	8728
57	8731
57	8735
57	8741
57	8742
57	8744
57	8772
57	8773
57	8786
57	8801
57	8822
57	8825
57	8828
57	8829
57	8840
57	8845
57	8848
57	8854
57	8859
57	8863
57	8873
57	8883
57	8889
57	8894
57	8895
57	8903
57	8913
57	8922
57	8939
57	8950
57	8964
57	8976
57	8979
57	8994
57	8997
57	9003
57	9009
57	9010
57	9019
57	9026
57	9029
57	9033
57	9038
57	9045
57	9048
57	9051
57	9059
57	9063
57	9064
57	9071
57	9077
57	9085
57	9088
57	9096
57	9098
57	9102
57	9107
57	9112
57	9121
57	9122
57	9124
57	9136
57	9139
57	9156
57	9161
57	9172
57	9178
57	9181
57	9195
57	9216
57	9226
57	9234
57	9236
57	9244
57	9268
57	9269
57	9279
57	9293
57	9296
57	9300
57	9309
57	9313
57	9317
57	9327
57	9331
57	9341
57	9342
57	9343
57	9344
57	9345
57	9363
57	9373
57	9377
57	9380
57	9381
57	9388
57	9389
57	9393
57	9398
57	9411
57	9414
57	9417
57	9418
57	9420
57	9426
57	9431
57	9457
57	9458
57	9459
57	9465
57	9481
57	9484
57	9488
57	9498
57	9503
57	9504
57	9510
57	9529
57	9531
57	9532
57	9534
57	9539
57	9540
57	9543
57	9544
57	9547
57	9549
57	9565
57	9585
57	9606
57	9608
57	9610
57	9611
57	9620
57	9636
57	9637
57	9638
57	9643
57	9678
57	9681
57	9684
57	9688
57	9689
57	9706
57	9710
57	9713
57	9714
57	9725
57	9732
57	9743
57	9754
57	9759
57	9769
57	9772
57	9773
57	9776
57	9782
57	9799
57	9804
57	9819
57	9830
57	9835
57	9838
57	9843
57	9849
57	9865
57	9866
57	9868
57	9880
57	9893
57	9900
57	9904
57	9905
57	9914
57	9928
57	9941
57	9953
57	9962
57	9964
57	9966
57	9967
57	9969
57	9979
57	9985
57	9989
58	55
58	63
58	104
58	106
58	107
58	139
58	151
58	190
58	194
58	207
58	243
58	258
58	280
58	326
58	331
58	344
58	374
58	442
58	452
58	515
58	592
58	610
58	621
58	675
58	701
58	710
58	727
58	740
58	742
58	751
58	794
58	802
58	813
58	828
58	858
58	897
58	936
58	970
58	1015
58	1025
58	1043
58	1048
58	1050
58	1068
58	1084
58	1089
58	1105
58	1106
58	1119
58	1128
58	1146
58	1149
58	1196
58	1197
58	1203
58	1241
58	1248
58	1294
58	1310
58	1324
58	1327
58	1338
58	1382
58	1389
58	1394
58	1400
58	1412
58	1413
58	1430
58	1471
58	1534
58	1550
58	1585
58	1626
58	1652
58	1678
58	1715
58	1720
58	1733
58	1771
58	1774
58	1783
58	1800
58	1854
58	1863
58	1929
58	1936
58	1961
58	1967
58	1982
58	1995
58	2040
58	2066
58	2092
58	2101
58	2118
58	2119
58	2158
58	2213
58	2285
58	2352
58	2368
58	2377
58	2387
58	2417
58	2426
58	2448
58	2452
58	2486
58	2496
58	2556
58	2563
58	2564
58	2628
58	2640
58	2706
58	2756
58	2762
58	2793
58	2806
58	2825
58	2832
58	2840
58	2863
58	2879
58	2896
58	2949
58	2964
58	3040
58	3041
58	3079
58	3109
58	3123
58	3143
58	3163
58	3175
58	3222
58	3238
58	3245
58	3246
58	3277
58	3289
58	3313
58	3327
58	3329
58	3339
58	3354
58	3376
58	3393
58	3399
58	3408
58	3426
58	3452
58	3469
58	3565
58	3568
58	3604
58	3606
58	3607
58	3624
58	3635
58	3691
58	3699
58	3703
58	3708
58	3716
58	3760
58	3831
58	3852
58	3857
58	3878
58	3895
58	3910
58	3926
58	3956
58	3993
58	3994
58	3995
58	4007
58	4015
58	4054
58	4061
58	4076
58	4113
58	4116
58	4120
58	4124
58	4163
58	4210
58	4221
58	4222
58	4228
58	4229
58	4234
58	4283
58	4304
58	4318
58	4347
58	4451
58	4487
58	4517
58	4518
58	4535
58	4548
58	4588
58	4688
58	4706
58	4727
58	4728
58	4749
58	4774
58	4792
58	4818
58	4908
58	4913
58	4945
58	5029
58	5045
58	5059
58	5131
58	5307
58	5321
58	5346
58	5349
58	5350
58	5395
58	5427
58	5436
58	5459
58	5482
58	5504
58	5530
58	5567
58	5583
58	5587
58	5590
58	5592
58	5595
58	5643
58	5647
58	5663
58	5665
58	5671
58	5672
58	5681
58	5735
58	5740
58	5745
58	5747
58	5792
58	5803
58	5835
58	5841
58	5853
58	5867
58	5883
58	5941
58	6011
58	6029
58	6043
58	6071
58	6083
58	6114
58	6138
58	6139
58	6154
58	6234
58	6275
58	6292
58	6318
58	6355
58	6398
58	6441
58	6487
58	6493
58	6511
58	6517
58	6555
58	6560
58	6568
58	6583
58	6589
58	6625
58	6650
58	6662
58	6684
58	6700
58	6724
58	6762
58	6828
58	6850
58	6857
58	6871
58	6919
58	6950
58	7000
58	7015
58	7018
58	7019
58	7035
58	7039
58	7043
58	7053
58	7080
58	7101
58	7103
58	7107
58	7111
58	7115
58	7126
58	7152
58	7153
58	7175
58	7178
58	7181
58	7185
58	7201
58	7214
58	7228
58	7269
58	7351
58	7352
58	7356
58	7361
58	7379
58	7406
58	7411
58	7452
58	7498
58	7504
58	7535
58	7601
58	7615
58	7619
58	7656
58	7672
58	7725
58	7732
58	7739
58	7795
58	7801
58	7852
58	7891
58	7899
58	7904
58	7916
58	7923
58	7969
58	8024
58	8026
58	8067
58	8088
58	8100
58	8145
58	8176
58	8193
58	8251
58	8253
58	8270
58	8362
58	8365
58	8387
58	8404
58	8418
58	8419
58	8450
58	8462
58	8499
58	8500
58	8502
58	8511
58	8514
58	8559
58	8592
58	8633
58	8636
58	8671
58	8679
58	8715
58	8740
58	8753
58	8765
58	8777
58	8803
58	8868
58	8874
58	8879
58	8904
58	8908
58	8946
58	9023
58	9089
58	9179
58	9182
58	9192
58	9209
58	9224
58	9230
58	9232
58	9253
58	9289
58	9308
58	9325
58	9383
58	9405
58	9475
58	9477
58	9490
58	9493
58	9501
58	9528
58	9542
58	9657
58	9736
58	9790
58	9823
58	9854
58	9857
58	9887
58	9892
58	9908
58	9930
58	9951
58	9971
58	9995
59	84
59	138
59	1114
59	1115
59	1363
59	1371
59	1761
59	1797
59	2083
59	2186
59	2409
59	2751
59	2837
59	3178
59	3197
59	3320
59	3537
59	3571
59	3866
59	4097
59	4271
59	4558
59	4776
59	4825
59	4928
59	4976
59	5031
59	5576
59	5714
59	5722
59	5756
59	6006
59	6194
59	6499
59	6851
59	6928
59	7156
59	7245
59	7586
59	7686
59	7712
59	7833
59	8062
59	8338
59	8364
59	8408
59	8435
59	8936
59	8940
59	8973
59	9113
59	9202
59	9442
59	9491
59	9617
59	9812
59	9939
60	6198
60	6420
