Minimo	Corrida
208	499
208	883
208	7814
209	2911
209	3343
209	3574
209	3630
209	8147
209	8943
210	297
210	439
210	978
210	1154
210	1640
210	1700
210	1745
210	2357
210	2369
210	2837
210	3669
210	4705
210	4750
210	5477
210	5618
210	5762
210	6036
210	7501
210	8009
210	8399
210	9452
210	9574
210	9989
211	636
211	710
211	860
211	933
211	1063
211	1203
211	1589
211	1907
211	1934
211	1959
211	2311
211	2572
211	2838
211	2893
211	2965
211	3119
211	3346
211	3451
211	3529
211	3658
211	3824
211	3837
211	3872
211	4130
211	4194
211	4255
211	4439
211	4538
211	4556
211	4565
211	4760
211	4817
211	5381
211	5644
211	5803
211	5948
211	6068
211	6104
211	6228
211	6230
211	6506
211	7053
211	7094
211	7327
211	7350
211	7378
211	7556
211	7641
211	7651
211	7712
211	7866
211	8277
211	8704
211	8750
211	8851
211	8888
211	9486
211	9532
211	9576
211	9660
211	9817
212	221
212	441
212	483
212	486
212	675
212	744
212	746
212	765
212	797
212	834
212	1059
212	1090
212	1157
212	1188
212	1244
212	1418
212	1519
212	1536
212	1843
212	1878
212	1899
212	1982
212	2006
212	2105
212	2190
212	2193
212	2323
212	2374
212	2462
212	2506
212	2539
212	2603
212	2618
212	2648
212	2661
212	2741
212	2782
212	2792
212	2985
212	3085
212	3220
212	3271
212	3362
212	3571
212	3878
212	4036
212	4317
212	4331
212	4381
212	4429
212	4433
212	4558
212	4647
212	4724
212	4890
212	4956
212	5031
212	5054
212	5103
212	5153
212	5176
212	5185
212	5305
212	5349
212	5361
212	5533
212	5588
212	5613
212	5631
212	5684
212	5718
212	5723
212	5882
212	5934
212	6136
212	6169
212	6227
212	6239
212	6241
212	6295
212	6403
212	6433
212	6447
212	6487
212	6572
212	6633
212	6641
212	6693
212	6780
212	7017
212	7289
212	7363
212	7374
212	7444
212	7469
212	7488
212	7562
212	7649
212	7830
212	7867
212	7940
212	7977
212	8032
212	8150
212	8204
212	8221
212	8257
212	8269
212	8271
212	8280
212	8473
212	8508
212	8563
212	8639
212	8744
212	8801
212	8999
212	9077
212	9239
212	9432
212	9559
212	9630
212	9697
212	9699
212	9709
212	9722
212	9747
212	9811
212	9929
213	165
213	170
213	198
213	249
213	265
213	277
213	315
213	343
213	374
213	472
213	509
213	565
213	580
213	702
213	719
213	753
213	767
213	772
213	777
213	873
213	911
213	951
213	967
213	988
213	990
213	1029
213	1086
213	1120
213	1193
213	1209
213	1210
213	1306
213	1311
213	1412
213	1453
213	1468
213	1476
213	1497
213	1510
213	1530
213	1627
213	1657
213	1795
213	1797
213	1818
213	1863
213	1881
213	1943
213	1952
213	1973
213	1991
213	1994
213	2000
213	2024
213	2027
213	2030
213	2071
213	2086
213	2106
213	2109
213	2130
213	2172
213	2204
213	2208
213	2222
213	2281
213	2299
213	2313
213	2329
213	2338
213	2342
213	2349
213	2376
213	2437
213	2498
213	2515
213	2626
213	2714
213	2744
213	2832
213	2845
213	2868
213	2891
213	2927
213	2951
213	3005
213	3020
213	3032
213	3068
213	3069
213	3081
213	3246
213	3249
213	3420
213	3428
213	3482
213	3541
213	3556
213	3589
213	3595
213	3619
213	3701
213	3793
213	3797
213	3817
213	3850
213	3867
213	3924
213	3927
213	3948
213	3950
213	3990
213	3991
213	4023
213	4137
213	4156
213	4179
213	4234
213	4293
213	4369
213	4401
213	4405
213	4413
213	4437
213	4469
213	4561
213	4634
213	4655
213	4688
213	4820
213	4838
213	4843
213	4894
213	4911
213	4927
213	4945
213	4986
213	5023
213	5051
213	5100
213	5106
213	5163
213	5174
213	5206
213	5257
213	5315
213	5365
213	5370
213	5425
213	5435
213	5474
213	5478
213	5585
213	5678
213	5776
213	5812
213	5837
213	5898
213	5914
213	5919
213	5924
213	5927
213	5946
213	6028
213	6034
213	6121
213	6154
213	6192
213	6279
213	6298
213	6320
213	6350
213	6392
213	6407
213	6440
213	6458
213	6520
213	6564
213	6568
213	6583
213	6638
213	6649
213	6657
213	6661
213	6688
213	6696
213	6708
213	6762
213	6775
213	6815
213	6822
213	6841
213	6847
213	6852
213	6928
213	6948
213	6952
213	6975
213	7010
213	7020
213	7023
213	7031
213	7103
213	7115
213	7166
213	7184
213	7193
213	7245
213	7247
213	7307
213	7319
213	7410
213	7414
213	7459
213	7521
213	7549
213	7583
213	7611
213	7685
213	7718
213	7844
213	7853
213	7868
213	7971
213	8043
213	8172
213	8199
213	8210
213	8238
213	8274
213	8324
213	8365
213	8394
213	8447
213	8513
213	8540
213	8588
213	8682
213	8688
213	8691
213	8715
213	8734
213	8785
213	8813
213	8843
213	8891
213	8900
213	8929
213	8959
213	9046
213	9085
213	9104
213	9146
213	9164
213	9187
213	9197
213	9297
213	9359
213	9402
213	9431
213	9481
213	9505
213	9615
213	9649
213	9657
213	9658
213	9685
213	9703
213	9762
213	9833
213	9915
213	9987
214	0
214	35
214	56
214	64
214	75
214	106
214	119
214	120
214	163
214	207
214	218
214	231
214	258
214	284
214	314
214	342
214	361
214	368
214	387
214	410
214	411
214	493
214	550
214	560
214	574
214	617
214	621
214	627
214	630
214	671
214	672
214	685
214	755
214	760
214	800
214	832
214	914
214	930
214	932
214	1033
214	1049
214	1061
214	1064
214	1125
214	1138
214	1170
214	1226
214	1251
214	1255
214	1261
214	1272
214	1286
214	1313
214	1321
214	1354
214	1361
214	1374
214	1378
214	1388
214	1463
214	1509
214	1511
214	1542
214	1568
214	1570
214	1573
214	1579
214	1585
214	1610
214	1611
214	1649
214	1672
214	1677
214	1695
214	1708
214	1711
214	1727
214	1749
214	1779
214	1825
214	1835
214	1845
214	1854
214	1879
214	1883
214	1890
214	1925
214	1933
214	1938
214	1940
214	2026
214	2053
214	2066
214	2122
214	2128
214	2141
214	2219
214	2220
214	2244
214	2246
214	2259
214	2261
214	2264
214	2303
214	2327
214	2348
214	2388
214	2399
214	2402
214	2419
214	2459
214	2488
214	2548
214	2550
214	2555
214	2576
214	2583
214	2585
214	2594
214	2619
214	2664
214	2686
214	2712
214	2713
214	2720
214	2775
214	2799
214	2831
214	2842
214	2844
214	2900
214	2917
214	2964
214	3026
214	3031
214	3040
214	3058
214	3091
214	3103
214	3106
214	3111
214	3122
214	3145
214	3149
214	3172
214	3255
214	3282
214	3291
214	3292
214	3333
214	3382
214	3384
214	3393
214	3407
214	3441
214	3477
214	3501
214	3532
214	3558
214	3562
214	3591
214	3609
214	3621
214	3623
214	3625
214	3660
214	3670
214	3752
214	3778
214	3787
214	3811
214	3881
214	3894
214	3906
214	3969
214	3984
214	3995
214	4006
214	4044
214	4049
214	4051
214	4053
214	4061
214	4074
214	4079
214	4126
214	4138
214	4151
214	4188
214	4208
214	4217
214	4221
214	4223
214	4263
214	4315
214	4329
214	4342
214	4350
214	4363
214	4388
214	4400
214	4453
214	4497
214	4502
214	4508
214	4516
214	4522
214	4526
214	4653
214	4669
214	4736
214	4738
214	4739
214	4741
214	4757
214	4776
214	4803
214	4931
214	4961
214	4969
214	5022
214	5092
214	5115
214	5135
214	5140
214	5151
214	5222
214	5291
214	5317
214	5325
214	5344
214	5346
214	5347
214	5357
214	5374
214	5400
214	5401
214	5412
214	5419
214	5461
214	5499
214	5526
214	5536
214	5538
214	5545
214	5561
214	5565
214	5577
214	5586
214	5621
214	5625
214	5641
214	5680
214	5690
214	5729
214	5749
214	5752
214	5778
214	5785
214	5835
214	5841
214	5881
214	5899
214	5987
214	5989
214	5996
214	6009
214	6021
214	6061
214	6064
214	6067
214	6090
214	6094
214	6110
214	6115
214	6119
214	6138
214	6140
214	6144
214	6206
214	6215
214	6218
214	6276
214	6281
214	6293
214	6316
214	6336
214	6339
214	6344
214	6348
214	6445
214	6454
214	6485
214	6512
214	6525
214	6646
214	6663
214	6691
214	6739
214	6749
214	6750
214	6757
214	6782
214	6787
214	6791
214	6804
214	6834
214	6840
214	6843
214	6848
214	6858
214	6892
214	6909
214	6922
214	6933
214	6959
214	6972
214	6973
214	7000
214	7038
214	7084
214	7087
214	7089
214	7174
214	7256
214	7263
214	7294
214	7313
214	7340
214	7390
214	7447
214	7463
214	7476
214	7477
214	7490
214	7503
214	7600
214	7615
214	7620
214	7650
214	7663
214	7674
214	7692
214	7740
214	7746
214	7770
214	7787
214	7819
214	7820
214	7857
214	7996
214	8012
214	8087
214	8100
214	8104
214	8113
214	8152
214	8156
214	8160
214	8200
214	8208
214	8227
214	8232
214	8243
214	8244
214	8306
214	8315
214	8364
214	8376
214	8383
214	8386
214	8390
214	8415
214	8445
214	8446
214	8453
214	8455
214	8459
214	8460
214	8484
214	8485
214	8504
214	8507
214	8509
214	8514
214	8527
214	8530
214	8545
214	8553
214	8589
214	8600
214	8604
214	8636
214	8655
214	8675
214	8741
214	8762
214	8781
214	8788
214	8802
214	8912
214	8956
214	8982
214	8993
214	9009
214	9058
214	9100
214	9108
214	9141
214	9155
214	9196
214	9206
214	9218
214	9242
214	9324
214	9327
214	9328
214	9346
214	9391
214	9404
214	9406
214	9415
214	9468
214	9490
214	9525
214	9527
214	9539
214	9543
214	9573
214	9577
214	9586
214	9597
214	9625
214	9654
214	9664
214	9678
214	9767
214	9793
214	9804
214	9823
214	9869
214	9922
214	9937
214	9940
214	9944
214	9965
214	9967
214	9977
214	9984
214	9996
215	4
215	30
215	46
215	53
215	62
215	65
215	72
215	77
215	87
215	95
215	100
215	104
215	146
215	148
215	183
215	184
215	228
215	252
215	261
215	274
215	279
215	294
215	339
215	345
215	383
215	408
215	419
215	425
215	429
215	447
215	465
215	467
215	470
215	480
215	484
215	488
215	494
215	498
215	505
215	529
215	531
215	543
215	559
215	572
215	597
215	642
215	644
215	650
215	664
215	682
215	695
215	725
215	763
215	770
215	828
215	830
215	839
215	851
215	857
215	890
215	904
215	934
215	943
215	946
215	997
215	1000
215	1011
215	1013
215	1014
215	1022
215	1035
215	1047
215	1062
215	1066
215	1073
215	1074
215	1087
215	1088
215	1089
215	1095
215	1098
215	1113
215	1126
215	1145
215	1180
215	1185
215	1197
215	1222
215	1239
215	1245
215	1253
215	1256
215	1259
215	1274
215	1293
215	1322
215	1336
215	1338
215	1372
215	1380
215	1381
215	1390
215	1394
215	1408
215	1413
215	1417
215	1427
215	1431
215	1444
215	1448
215	1462
215	1484
215	1494
215	1506
215	1529
215	1532
215	1571
215	1577
215	1592
215	1621
215	1630
215	1638
215	1665
215	1692
215	1724
215	1747
215	1748
215	1757
215	1765
215	1770
215	1771
215	1773
215	1790
215	1806
215	1808
215	1812
215	1828
215	1837
215	1851
215	1867
215	1874
215	1884
215	1893
215	1896
215	1919
215	1953
215	1970
215	1980
215	2004
215	2005
215	2022
215	2040
215	2045
215	2050
215	2064
215	2131
215	2143
215	2178
215	2181
215	2226
215	2287
215	2289
215	2315
215	2322
215	2325
215	2416
215	2444
215	2447
215	2460
215	2461
215	2508
215	2529
215	2534
215	2542
215	2561
215	2604
215	2630
215	2637
215	2646
215	2666
215	2685
215	2704
215	2705
215	2717
215	2746
215	2754
215	2768
215	2777
215	2788
215	2798
215	2807
215	2821
215	2855
215	2872
215	2874
215	2883
215	2919
215	2923
215	2926
215	2940
215	2987
215	2989
215	2999
215	3003
215	3015
215	3048
215	3077
215	3079
215	3082
215	3090
215	3109
215	3152
215	3167
215	3171
215	3176
215	3186
215	3194
215	3195
215	3219
215	3243
215	3248
215	3252
215	3273
215	3275
215	3297
215	3313
215	3321
215	3326
215	3327
215	3360
215	3378
215	3386
215	3391
215	3411
215	3413
215	3421
215	3461
215	3467
215	3534
215	3539
215	3547
215	3557
215	3570
215	3579
215	3588
215	3617
215	3620
215	3635
215	3639
215	3647
215	3677
215	3702
215	3733
215	3794
215	3904
215	3912
215	3940
215	3974
215	3976
215	3989
215	3992
215	3996
215	4020
215	4028
215	4031
215	4047
215	4048
215	4056
215	4058
215	4081
215	4089
215	4095
215	4104
215	4129
215	4144
215	4171
215	4184
215	4202
215	4229
215	4236
215	4247
215	4260
215	4272
215	4308
215	4352
215	4378
215	4419
215	4422
215	4426
215	4436
215	4450
215	4462
215	4463
215	4470
215	4484
215	4489
215	4493
215	4496
215	4503
215	4505
215	4539
215	4567
215	4574
215	4592
215	4598
215	4614
215	4627
215	4633
215	4635
215	4639
215	4640
215	4656
215	4666
215	4675
215	4691
215	4692
215	4693
215	4711
215	4727
215	4728
215	4740
215	4772
215	4780
215	4782
215	4807
215	4812
215	4814
215	4825
215	4826
215	4831
215	4855
215	4858
215	4866
215	4870
215	4874
215	4897
215	4900
215	4920
215	4949
215	4975
215	4989
215	4990
215	4997
215	5014
215	5035
215	5043
215	5049
215	5060
215	5088
215	5108
215	5110
215	5137
215	5150
215	5197
215	5204
215	5212
215	5215
215	5259
215	5274
215	5284
215	5286
215	5319
215	5327
215	5342
215	5348
215	5352
215	5367
215	5378
215	5384
215	5388
215	5421
215	5458
215	5459
215	5493
215	5514
215	5522
215	5523
215	5554
215	5556
215	5568
215	5598
215	5611
215	5619
215	5640
215	5651
215	5652
215	5672
215	5683
215	5693
215	5703
215	5722
215	5724
215	5730
215	5731
215	5758
215	5759
215	5766
215	5794
215	5809
215	5821
215	5838
215	5861
215	5883
215	5885
215	5911
215	5917
215	5922
215	5970
215	5971
215	5983
215	5990
215	6008
215	6019
215	6031
215	6043
215	6069
215	6076
215	6087
215	6091
215	6117
215	6129
215	6130
215	6137
215	6146
215	6158
215	6170
215	6173
215	6180
215	6183
215	6186
215	6191
215	6194
215	6207
215	6209
215	6210
215	6220
215	6237
215	6246
215	6249
215	6270
215	6278
215	6290
215	6310
215	6340
215	6345
215	6365
215	6367
215	6383
215	6385
215	6399
215	6401
215	6416
215	6479
215	6501
215	6503
215	6511
215	6513
215	6570
215	6573
215	6588
215	6589
215	6617
215	6644
215	6648
215	6682
215	6684
215	6695
215	6716
215	6736
215	6743
215	6752
215	6768
215	6772
215	6800
215	6813
215	6820
215	6824
215	6828
215	6900
215	6947
215	6953
215	6954
215	7001
215	7016
215	7033
215	7039
215	7040
215	7045
215	7063
215	7067
215	7075
215	7076
215	7085
215	7108
215	7110
215	7124
215	7164
215	7176
215	7187
215	7190
215	7198
215	7211
215	7220
215	7240
215	7268
215	7274
215	7276
215	7291
215	7314
215	7360
215	7365
215	7379
215	7395
215	7408
215	7417
215	7458
215	7461
215	7481
215	7486
215	7520
215	7540
215	7573
215	7581
215	7582
215	7594
215	7598
215	7621
215	7625
215	7639
215	7677
215	7715
215	7721
215	7732
215	7735
215	7738
215	7744
215	7750
215	7761
215	7768
215	7780
215	7807
215	7810
215	7827
215	7841
215	7870
215	7880
215	7902
215	7919
215	7942
215	7951
215	7952
215	7976
215	7992
215	8002
215	8007
215	8015
215	8016
215	8022
215	8075
215	8108
215	8111
215	8117
215	8119
215	8124
215	8130
215	8149
215	8154
215	8212
215	8215
215	8230
215	8246
215	8259
215	8276
215	8288
215	8297
215	8319
215	8331
215	8344
215	8345
215	8354
215	8356
215	8371
215	8374
215	8375
215	8382
215	8400
215	8401
215	8407
215	8419
215	8439
215	8491
215	8495
215	8521
215	8571
215	8587
215	8606
215	8611
215	8616
215	8648
215	8651
215	8659
215	8664
215	8672
215	8694
215	8708
215	8726
215	8755
215	8767
215	8784
215	8789
215	8794
215	8806
215	8807
215	8821
215	8838
215	8853
215	8858
215	8860
215	8873
215	8883
215	8945
215	8949
215	8954
215	8957
215	8965
215	8972
215	8974
215	8977
215	8981
215	9004
215	9010
215	9023
215	9043
215	9079
215	9101
215	9149
215	9167
215	9181
215	9195
215	9205
215	9216
215	9232
215	9235
215	9243
215	9250
215	9262
215	9267
215	9277
215	9284
215	9290
215	9316
215	9322
215	9333
215	9378
215	9385
215	9399
215	9411
215	9412
215	9423
215	9426
215	9427
215	9454
215	9456
215	9459
215	9461
215	9489
215	9495
215	9502
215	9521
215	9537
215	9545
215	9550
215	9558
215	9562
215	9567
215	9591
215	9596
215	9598
215	9612
215	9631
215	9651
215	9662
215	9671
215	9688
215	9692
215	9695
215	9708
215	9770
215	9783
215	9792
215	9803
215	9870
215	9873
215	9880
215	9881
215	9885
215	9890
215	9902
215	9920
215	9931
215	9934
215	9936
215	9954
215	9972
215	9982
215	9983
215	9992
215	9995
216	11
216	29
216	44
216	47
216	69
216	80
216	83
216	90
216	98
216	101
216	102
216	118
216	142
216	160
216	161
216	173
216	179
216	192
216	195
216	197
216	204
216	209
216	222
216	236
216	245
216	250
216	256
216	269
216	282
216	298
216	321
216	324
216	337
216	341
216	350
216	352
216	357
216	390
216	391
216	393
216	399
216	414
216	416
216	424
216	426
216	437
216	440
216	444
216	451
216	491
216	514
216	518
216	523
216	532
216	541
216	562
216	563
216	569
216	584
216	591
216	619
216	634
216	645
216	661
216	665
216	667
216	670
216	674
216	696
216	715
216	720
216	722
216	729
216	740
216	742
216	749
216	754
216	761
216	764
216	792
216	804
216	807
216	820
216	824
216	825
216	831
216	833
216	836
216	840
216	849
216	870
216	874
216	880
216	884
216	887
216	901
216	913
216	936
216	941
216	968
216	976
216	977
216	986
216	989
216	993
216	996
216	1030
216	1031
216	1046
216	1054
216	1069
216	1070
216	1082
216	1100
216	1103
216	1107
216	1108
216	1119
216	1124
216	1128
216	1131
216	1141
216	1144
216	1150
216	1151
216	1156
216	1158
216	1162
216	1167
216	1183
216	1201
216	1211
216	1228
216	1238
216	1248
216	1250
216	1266
216	1270
216	1283
216	1297
216	1298
216	1307
216	1335
216	1356
216	1377
216	1386
216	1406
216	1419
216	1425
216	1433
216	1434
216	1443
216	1446
216	1455
216	1473
216	1478
216	1487
216	1493
216	1500
216	1514
216	1525
216	1535
216	1540
216	1544
216	1557
216	1561
216	1572
216	1586
216	1620
216	1636
216	1642
216	1648
216	1652
216	1662
216	1663
216	1670
216	1675
216	1678
216	1683
216	1697
216	1703
216	1705
216	1732
216	1738
216	1742
216	1750
216	1764
216	1769
216	1774
216	1783
216	1785
216	1821
216	1841
216	1847
216	1852
216	1859
216	1860
216	1869
216	1897
216	1898
216	1904
216	1932
216	1937
216	1945
216	1963
216	1966
216	1976
216	1977
216	1979
216	1985
216	1995
216	2013
216	2015
216	2020
216	2034
216	2054
216	2056
216	2070
216	2073
216	2097
216	2103
216	2123
216	2177
216	2180
216	2186
216	2197
216	2225
216	2236
216	2237
216	2243
216	2268
216	2291
216	2304
216	2309
216	2317
216	2354
216	2361
216	2368
216	2373
216	2405
216	2418
216	2424
216	2446
216	2453
216	2481
216	2490
216	2496
216	2520
216	2545
216	2546
216	2553
216	2567
216	2574
216	2582
216	2589
216	2591
216	2593
216	2601
216	2602
216	2612
216	2616
216	2624
216	2629
216	2632
216	2644
216	2655
216	2658
216	2678
216	2698
216	2719
216	2725
216	2743
216	2759
216	2778
216	2790
216	2793
216	2796
216	2865
216	2867
216	2877
216	2878
216	2881
216	2890
216	2898
216	2902
216	2915
216	2925
216	2930
216	2936
216	2939
216	2956
216	2958
216	2960
216	2962
216	2963
216	2984
216	2988
216	2990
216	3000
216	3001
216	3009
216	3018
216	3019
216	3022
216	3037
216	3042
216	3045
216	3073
216	3075
216	3084
216	3092
216	3126
216	3156
216	3168
216	3183
216	3184
216	3193
216	3197
216	3203
216	3208
216	3209
216	3210
216	3218
216	3235
216	3251
216	3260
216	3264
216	3290
216	3312
216	3330
216	3342
216	3344
216	3345
216	3354
216	3365
216	3373
216	3401
216	3406
216	3409
216	3425
216	3436
216	3444
216	3453
216	3456
216	3472
216	3476
216	3480
216	3491
216	3495
216	3508
216	3516
216	3565
216	3567
216	3577
216	3578
216	3592
216	3605
216	3612
216	3616
216	3622
216	3633
216	3644
216	3649
216	3666
216	3671
216	3672
216	3691
216	3704
216	3708
216	3709
216	3714
216	3720
216	3725
216	3728
216	3743
216	3745
216	3747
216	3753
216	3786
216	3796
216	3810
216	3820
216	3823
216	3848
216	3861
216	3880
216	3891
216	3899
216	3902
216	3911
216	3919
216	3921
216	3931
216	3954
216	4008
216	4017
216	4018
216	4042
216	4043
216	4050
216	4084
216	4096
216	4108
216	4111
216	4114
216	4118
216	4134
216	4136
216	4158
216	4161
216	4169
216	4172
216	4207
216	4212
216	4219
216	4241
216	4249
216	4259
216	4267
216	4287
216	4294
216	4301
216	4321
216	4327
216	4332
216	4335
216	4360
216	4365
216	4387
216	4389
216	4390
216	4411
216	4415
216	4418
216	4421
216	4424
216	4438
216	4442
216	4452
216	4458
216	4465
216	4475
216	4490
216	4492
216	4510
216	4529
216	4537
216	4545
216	4548
216	4563
216	4566
216	4577
216	4589
216	4593
216	4596
216	4604
216	4611
216	4629
216	4637
216	4638
216	4645
216	4649
216	4682
216	4696
216	4702
216	4720
216	4721
216	4733
216	4753
216	4767
216	4785
216	4795
216	4802
216	4804
216	4821
216	4822
216	4823
216	4836
216	4849
216	4869
216	4873
216	4891
216	4892
216	4893
216	4895
216	4915
216	4930
216	4947
216	4950
216	4980
216	4983
216	4996
216	5009
216	5012
216	5037
216	5058
216	5061
216	5087
216	5090
216	5096
216	5101
216	5102
216	5111
216	5120
216	5121
216	5149
216	5152
216	5157
216	5165
216	5166
216	5186
216	5191
216	5211
216	5224
216	5232
216	5249
216	5250
216	5261
216	5265
216	5266
216	5276
216	5282
216	5294
216	5295
216	5297
216	5307
216	5314
216	5316
216	5334
216	5341
216	5351
216	5358
216	5371
216	5372
216	5402
216	5405
216	5406
216	5422
216	5429
216	5436
216	5445
216	5450
216	5454
216	5466
216	5470
216	5472
216	5475
216	5476
216	5481
216	5488
216	5492
216	5494
216	5527
216	5532
216	5535
216	5550
216	5552
216	5559
216	5587
216	5591
216	5595
216	5602
216	5603
216	5612
216	5635
216	5659
216	5660
216	5662
216	5669
216	5670
216	5686
216	5688
216	5692
216	5704
216	5705
216	5716
216	5721
216	5735
216	5737
216	5746
216	5763
216	5815
216	5825
216	5832
216	5850
216	5851
216	5869
216	5872
216	5888
216	5891
216	5897
216	5906
216	5912
216	5913
216	5932
216	5933
216	5935
216	5939
216	5945
216	5951
216	5969
216	5979
216	6003
216	6058
216	6059
216	6072
216	6113
216	6122
216	6132
216	6139
216	6149
216	6157
216	6164
216	6176
216	6177
216	6184
216	6187
216	6197
216	6199
216	6214
216	6216
216	6217
216	6234
216	6257
216	6260
216	6269
216	6272
216	6285
216	6287
216	6289
216	6311
216	6312
216	6321
216	6323
216	6325
216	6335
216	6343
216	6346
216	6380
216	6387
216	6391
216	6402
216	6405
216	6411
216	6420
216	6421
216	6430
216	6451
216	6456
216	6457
216	6460
216	6470
216	6477
216	6484
216	6491
216	6495
216	6510
216	6528
216	6541
216	6542
216	6548
216	6556
216	6558
216	6561
216	6610
216	6613
216	6619
216	6622
216	6625
216	6626
216	6637
216	6640
216	6659
216	6698
216	6705
216	6717
216	6727
216	6773
216	6778
216	6785
216	6808
216	6825
216	6842
216	6845
216	6866
216	6893
216	6896
216	6918
216	6927
216	6936
216	6939
216	6949
216	6955
216	6969
216	6974
216	6997
216	7013
216	7015
216	7058
216	7065
216	7068
216	7092
216	7095
216	7097
216	7098
216	7100
216	7109
216	7177
216	7185
216	7191
216	7194
216	7214
216	7227
216	7235
216	7241
216	7242
216	7246
216	7260
216	7264
216	7265
216	7266
216	7287
216	7301
216	7303
216	7309
216	7316
216	7322
216	7323
216	7326
216	7342
216	7343
216	7354
216	7383
216	7391
216	7399
216	7400
216	7411
216	7416
216	7427
216	7432
216	7434
216	7439
216	7445
216	7473
216	7475
216	7491
216	7502
216	7505
216	7523
216	7524
216	7525
216	7528
216	7533
216	7539
216	7565
216	7579
216	7580
216	7587
216	7599
216	7603
216	7616
216	7627
216	7631
216	7634
216	7644
216	7654
216	7668
216	7671
216	7675
216	7690
216	7695
216	7713
216	7719
216	7734
216	7739
216	7753
216	7766
216	7782
216	7783
216	7800
216	7804
216	7812
216	7816
216	7843
216	7850
216	7862
216	7874
216	7876
216	7879
216	7892
216	7899
216	7904
216	7906
216	7915
216	7920
216	7954
216	7962
216	7973
216	7984
216	7994
216	8004
216	8013
216	8020
216	8024
216	8029
216	8031
216	8045
216	8053
216	8058
216	8063
216	8064
216	8077
216	8080
216	8082
216	8083
216	8086
216	8118
216	8158
216	8159
216	8182
216	8191
216	8226
216	8233
216	8251
216	8289
216	8321
216	8328
216	8332
216	8360
216	8362
216	8368
216	8396
216	8403
216	8421
216	8440
216	8442
216	8443
216	8450
216	8451
216	8458
216	8462
216	8464
216	8468
216	8471
216	8481
216	8482
216	8496
216	8526
216	8536
216	8566
216	8579
216	8580
216	8584
216	8585
216	8599
216	8617
216	8623
216	8633
216	8647
216	8650
216	8658
216	8665
216	8666
216	8668
216	8681
216	8684
216	8685
216	8687
216	8689
216	8729
216	8730
216	8737
216	8758
216	8787
216	8797
216	8804
216	8835
216	8847
216	8854
216	8861
216	8864
216	8865
216	8866
216	8868
216	8876
216	8877
216	8880
216	8881
216	8882
216	8884
216	8886
216	8889
216	8894
216	8903
216	8906
216	8907
216	8922
216	8932
216	8947
216	8950
216	8961
216	9007
216	9012
216	9030
216	9040
216	9053
216	9073
216	9105
216	9111
216	9115
216	9136
216	9138
216	9143
216	9147
216	9153
216	9157
216	9166
216	9169
216	9174
216	9175
216	9182
216	9204
216	9213
216	9219
216	9223
216	9233
216	9246
216	9255
216	9259
216	9260
216	9263
216	9266
216	9270
216	9308
216	9309
216	9343
216	9372
216	9382
216	9387
216	9388
216	9393
216	9397
216	9409
216	9417
216	9419
216	9457
216	9494
216	9503
216	9515
216	9533
216	9534
216	9546
216	9555
216	9578
216	9579
216	9584
216	9589
216	9594
216	9604
216	9609
216	9613
216	9628
216	9633
216	9639
216	9659
216	9672
216	9677
216	9696
216	9701
216	9720
216	9729
216	9733
216	9768
216	9790
216	9813
216	9826
216	9838
216	9854
216	9858
216	9868
216	9876
216	9886
216	9895
216	9898
216	9901
216	9904
216	9917
216	9928
216	9945
216	9949
216	9952
216	9958
216	9973
216	9978
216	9985
216	9998
217	24
217	26
217	32
217	38
217	50
217	51
217	57
217	68
217	79
217	85
217	89
217	96
217	103
217	112
217	121
217	128
217	140
217	144
217	147
217	152
217	157
217	158
217	159
217	164
217	172
217	180
217	188
217	202
217	205
217	212
217	215
217	219
217	235
217	237
217	247
217	255
217	260
217	267
217	281
217	291
217	293
217	296
217	304
217	309
217	340
217	344
217	346
217	348
217	349
217	356
217	358
217	363
217	365
217	367
217	385
217	388
217	400
217	403
217	405
217	407
217	415
217	417
217	428
217	449
217	461
217	469
217	476
217	492
217	504
217	508
217	510
217	515
217	536
217	540
217	546
217	549
217	552
217	555
217	576
217	582
217	585
217	586
217	589
217	593
217	595
217	596
217	599
217	611
217	612
217	615
217	622
217	632
217	637
217	651
217	653
217	668
217	700
217	708
217	728
217	732
217	736
217	737
217	747
217	748
217	756
217	757
217	759
217	769
217	775
217	791
217	795
217	810
217	816
217	817
217	819
217	821
217	837
217	841
217	842
217	843
217	847
217	859
217	865
217	866
217	867
217	885
217	892
217	900
217	919
217	927
217	931
217	938
217	952
217	983
217	999
217	1006
217	1008
217	1010
217	1012
217	1027
217	1032
217	1034
217	1044
217	1045
217	1056
217	1060
217	1067
217	1075
217	1081
217	1084
217	1099
217	1104
217	1105
217	1115
217	1122
217	1123
217	1127
217	1136
217	1139
217	1161
217	1165
217	1166
217	1173
217	1176
217	1177
217	1195
217	1208
217	1227
217	1229
217	1231
217	1236
217	1240
217	1249
217	1260
217	1263
217	1264
217	1267
217	1269
217	1271
217	1289
217	1300
217	1304
217	1309
217	1326
217	1333
217	1341
217	1362
217	1366
217	1376
217	1379
217	1389
217	1398
217	1410
217	1432
217	1437
217	1441
217	1445
217	1452
217	1460
217	1469
217	1470
217	1477
217	1512
217	1513
217	1527
217	1537
217	1539
217	1543
217	1550
217	1556
217	1575
217	1587
217	1590
217	1622
217	1634
217	1643
217	1647
217	1660
217	1674
217	1680
217	1693
217	1694
217	1698
217	1699
217	1721
217	1729
217	1751
217	1755
217	1761
217	1777
217	1780
217	1787
217	1788
217	1789
217	1809
217	1816
217	1823
217	1827
217	1839
217	1857
217	1905
217	1910
217	1912
217	1920
217	1922
217	1936
217	1944
217	1947
217	1951
217	1956
217	1971
217	1972
217	1978
217	1988
217	1996
217	1997
217	2002
217	2012
217	2043
217	2047
217	2051
217	2058
217	2060
217	2067
217	2072
217	2079
217	2080
217	2083
217	2092
217	2093
217	2095
217	2100
217	2116
217	2133
217	2163
217	2164
217	2169
217	2174
217	2175
217	2176
217	2185
217	2188
217	2198
217	2199
217	2203
217	2207
217	2209
217	2216
217	2217
217	2227
217	2245
217	2254
217	2270
217	2273
217	2277
217	2280
217	2318
217	2319
217	2320
217	2321
217	2326
217	2339
217	2343
217	2345
217	2358
217	2371
217	2378
217	2380
217	2387
217	2389
217	2394
217	2400
217	2406
217	2408
217	2415
217	2417
217	2438
217	2457
217	2463
217	2469
217	2491
217	2493
217	2495
217	2499
217	2500
217	2514
217	2527
217	2528
217	2531
217	2538
217	2540
217	2549
217	2551
217	2578
217	2580
217	2584
217	2590
217	2597
217	2611
217	2613
217	2620
217	2621
217	2634
217	2635
217	2636
217	2662
217	2672
217	2673
217	2677
217	2680
217	2687
217	2691
217	2696
217	2703
217	2718
217	2722
217	2733
217	2752
217	2753
217	2757
217	2761
217	2762
217	2773
217	2774
217	2776
217	2784
217	2785
217	2786
217	2791
217	2810
217	2825
217	2835
217	2847
217	2849
217	2871
217	2876
217	2879
217	2892
217	2899
217	2907
217	2910
217	2916
217	2924
217	2937
217	2938
217	2942
217	2943
217	2946
217	2947
217	2961
217	2970
217	2972
217	3008
217	3012
217	3030
217	3038
217	3041
217	3055
217	3087
217	3105
217	3125
217	3135
217	3138
217	3141
217	3153
217	3165
217	3169
217	3170
217	3173
217	3178
217	3179
217	3190
217	3196
217	3201
217	3211
217	3234
217	3237
217	3238
217	3254
217	3261
217	3263
217	3266
217	3274
217	3283
217	3287
217	3288
217	3301
217	3304
217	3318
217	3328
217	3336
217	3353
217	3356
217	3369
217	3376
217	3377
217	3390
217	3394
217	3422
217	3432
217	3447
217	3448
217	3452
217	3454
217	3458
217	3459
217	3464
217	3468
217	3479
217	3486
217	3487
217	3496
217	3504
217	3521
217	3524
217	3530
217	3546
217	3568
217	3586
217	3587
217	3596
217	3604
217	3611
217	3615
217	3618
217	3624
217	3637
217	3643
217	3668
217	3675
217	3676
217	3711
217	3713
217	3741
217	3742
217	3762
217	3763
217	3768
217	3773
217	3782
217	3785
217	3789
217	3801
217	3804
217	3814
217	3821
217	3831
217	3835
217	3838
217	3840
217	3843
217	3855
217	3868
217	3870
217	3897
217	3917
217	3923
217	3926
217	3937
217	3939
217	3941
217	3942
217	3944
217	3945
217	3951
217	3953
217	3970
217	3972
217	3979
217	3982
217	3994
217	4005
217	4011
217	4015
217	4039
217	4040
217	4052
217	4054
217	4060
217	4070
217	4077
217	4086
217	4100
217	4110
217	4119
217	4131
217	4135
217	4164
217	4174
217	4180
217	4196
217	4201
217	4218
217	4222
217	4230
217	4231
217	4235
217	4237
217	4240
217	4244
217	4248
217	4253
217	4256
217	4258
217	4298
217	4314
217	4320
217	4322
217	4336
217	4343
217	4355
217	4367
217	4370
217	4380
217	4383
217	4384
217	4385
217	4386
217	4396
217	4398
217	4406
217	4410
217	4414
217	4445
217	4464
217	4477
217	4486
217	4494
217	4506
217	4520
217	4549
217	4553
217	4554
217	4583
217	4595
217	4597
217	4605
217	4615
217	4616
217	4617
217	4618
217	4622
217	4628
217	4650
217	4679
217	4681
217	4685
217	4703
217	4712
217	4713
217	4725
217	4751
217	4761
217	4765
217	4771
217	4777
217	4783
217	4789
217	4790
217	4799
217	4805
217	4806
217	4809
217	4828
217	4830
217	4832
217	4833
217	4854
217	4863
217	4876
217	4881
217	4886
217	4907
217	4910
217	4935
217	4944
217	4953
217	4958
217	4959
217	4965
217	4966
217	4968
217	4981
217	4993
217	5000
217	5001
217	5017
217	5024
217	5029
217	5034
217	5041
217	5045
217	5073
217	5080
217	5084
217	5091
217	5094
217	5104
217	5107
217	5124
217	5126
217	5131
217	5132
217	5133
217	5159
217	5164
217	5168
217	5171
217	5183
217	5184
217	5188
217	5203
217	5213
217	5216
217	5219
217	5223
217	5242
217	5245
217	5247
217	5253
217	5260
217	5264
217	5269
217	5270
217	5273
217	5277
217	5283
217	5290
217	5310
217	5328
217	5329
217	5332
217	5333
217	5336
217	5339
217	5340
217	5345
217	5360
217	5380
217	5382
217	5383
217	5392
217	5403
217	5410
217	5411
217	5432
217	5434
217	5438
217	5442
217	5448
217	5452
217	5453
217	5457
217	5468
217	5471
217	5487
217	5489
217	5491
217	5495
217	5496
217	5500
217	5502
217	5503
217	5505
217	5507
217	5511
217	5519
217	5525
217	5540
217	5541
217	5555
217	5558
217	5560
217	5563
217	5564
217	5573
217	5592
217	5594
217	5596
217	5605
217	5608
217	5623
217	5624
217	5645
217	5675
217	5677
217	5679
217	5695
217	5706
217	5709
217	5732
217	5740
217	5741
217	5742
217	5747
217	5751
217	5757
217	5760
217	5769
217	5774
217	5777
217	5792
217	5796
217	5800
217	5805
217	5806
217	5818
217	5828
217	5843
217	5865
217	5880
217	5902
217	5904
217	5908
217	5937
217	5938
217	5941
217	5952
217	5966
217	5967
217	5968
217	5976
217	5978
217	5986
217	5995
217	6000
217	6007
217	6010
217	6016
217	6053
217	6066
217	6071
217	6075
217	6079
217	6080
217	6082
217	6085
217	6098
217	6099
217	6106
217	6108
217	6126
217	6134
217	6152
217	6160
217	6168
217	6172
217	6185
217	6211
217	6213
217	6229
217	6231
217	6235
217	6238
217	6256
217	6263
217	6274
217	6280
217	6284
217	6296
217	6303
217	6315
217	6352
217	6393
217	6417
217	6426
217	6439
217	6449
217	6463
217	6467
217	6471
217	6474
217	6502
217	6515
217	6537
217	6539
217	6540
217	6543
217	6584
217	6593
217	6597
217	6604
217	6611
217	6621
217	6623
217	6630
217	6632
217	6639
217	6650
217	6653
217	6662
217	6672
217	6694
217	6703
217	6712
217	6729
217	6730
217	6733
217	6744
217	6745
217	6753
217	6759
217	6771
217	6788
217	6789
217	6792
217	6802
217	6827
217	6829
217	6833
217	6837
217	6846
217	6850
217	6856
217	6871
217	6875
217	6881
217	6887
217	6895
217	6899
217	6907
217	6917
217	6919
217	6923
217	6932
217	6934
217	6938
217	6945
217	6946
217	6956
217	6960
217	6964
217	6966
217	6986
217	6988
217	6989
217	6992
217	6993
217	6994
217	6996
217	7007
217	7011
217	7022
217	7032
217	7047
217	7071
217	7081
217	7088
217	7091
217	7105
217	7116
217	7117
217	7122
217	7127
217	7137
217	7140
217	7143
217	7148
217	7149
217	7153
217	7167
217	7188
217	7209
217	7210
217	7213
217	7216
217	7222
217	7231
217	7233
217	7252
217	7253
217	7261
217	7267
217	7278
217	7279
217	7308
217	7310
217	7315
217	7331
217	7338
217	7349
217	7356
217	7362
217	7370
217	7380
217	7388
217	7396
217	7398
217	7419
217	7426
217	7433
217	7441
217	7443
217	7450
217	7472
217	7479
217	7480
217	7482
217	7489
217	7494
217	7496
217	7527
217	7532
217	7537
217	7545
217	7548
217	7575
217	7588
217	7617
217	7630
217	7638
217	7645
217	7647
217	7666
217	7679
217	7683
217	7684
217	7687
217	7697
217	7729
217	7742
217	7756
217	7763
217	7764
217	7765
217	7769
217	7772
217	7778
217	7779
217	7786
217	7794
217	7796
217	7803
217	7808
217	7811
217	7813
217	7831
217	7836
217	7839
217	7845
217	7852
217	7855
217	7861
217	7878
217	7883
217	7888
217	7889
217	7893
217	7895
217	7897
217	7903
217	7908
217	7912
217	7914
217	7929
217	7933
217	7944
217	7968
217	7969
217	7987
217	7991
217	7998
217	8003
217	8018
217	8027
217	8028
217	8035
217	8047
217	8055
217	8085
217	8092
217	8099
217	8101
217	8102
217	8121
217	8125
217	8137
217	8145
217	8148
217	8168
217	8185
217	8189
217	8198
217	8207
217	8214
217	8239
217	8245
217	8249
217	8286
217	8287
217	8290
217	8291
217	8295
217	8299
217	8308
217	8310
217	8323
217	8329
217	8339
217	8340
217	8346
217	8350
217	8357
217	8377
217	8387
217	8391
217	8395
217	8406
217	8411
217	8413
217	8424
217	8438
217	8463
217	8476
217	8487
217	8492
217	8501
217	8512
217	8528
217	8544
217	8550
217	8551
217	8556
217	8559
217	8570
217	8575
217	8578
217	8597
217	8598
217	8609
217	8613
217	8624
217	8638
217	8643
217	8661
217	8663
217	8669
217	8686
217	8692
217	8700
217	8705
217	8717
217	8719
217	8727
217	8728
217	8736
217	8754
217	8771
217	8778
217	8786
217	8795
217	8814
217	8815
217	8817
217	8830
217	8846
217	8879
217	8909
217	8916
217	8953
217	8963
217	8973
217	8980
217	8985
217	9005
217	9008
217	9016
217	9018
217	9021
217	9029
217	9032
217	9034
217	9059
217	9060
217	9069
217	9084
217	9090
217	9093
217	9095
217	9114
217	9118
217	9120
217	9126
217	9128
217	9130
217	9137
217	9148
217	9151
217	9158
217	9162
217	9168
217	9179
217	9180
217	9189
217	9193
217	9209
217	9220
217	9225
217	9229
217	9240
217	9241
217	9247
217	9248
217	9249
217	9272
217	9287
217	9295
217	9296
217	9301
217	9306
217	9314
217	9341
217	9356
217	9357
217	9360
217	9379
217	9381
217	9390
217	9398
217	9400
217	9403
217	9405
217	9408
217	9422
217	9424
217	9428
217	9430
217	9445
217	9455
217	9460
217	9466
217	9472
217	9473
217	9487
217	9488
217	9496
217	9509
217	9512
217	9519
217	9529
217	9531
217	9552
217	9554
217	9571
217	9595
217	9605
217	9620
217	9627
217	9637
217	9638
217	9673
217	9694
217	9702
217	9716
217	9725
217	9727
217	9737
217	9738
217	9740
217	9751
217	9756
217	9769
217	9781
217	9786
217	9795
217	9796
217	9799
217	9800
217	9806
217	9825
217	9827
217	9829
217	9832
217	9861
217	9874
217	9883
217	9884
217	9888
217	9893
217	9894
217	9897
217	9910
217	9911
217	9912
217	9916
217	9918
217	9923
217	9925
217	9942
217	9957
217	9968
217	9975
217	9993
218	16
218	25
218	28
218	33
218	49
218	52
218	61
218	94
218	113
218	115
218	122
218	129
218	133
218	135
218	143
218	149
218	153
218	171
218	178
218	187
218	189
218	194
218	199
218	210
218	214
218	229
218	233
218	238
218	262
218	264
218	270
218	275
218	278
218	280
218	285
218	286
218	292
218	300
218	302
218	303
218	305
218	306
218	316
218	323
218	329
218	347
218	355
218	359
218	376
218	397
218	398
218	420
218	433
218	436
218	443
218	452
218	454
218	457
218	466
218	475
218	478
218	481
218	490
218	500
218	501
218	506
218	507
218	519
218	527
218	534
218	535
218	553
218	573
218	578
218	598
218	608
218	613
218	635
218	648
218	652
218	656
218	659
218	660
218	676
218	677
218	698
218	699
218	706
218	714
218	721
218	723
218	727
218	734
218	778
218	783
218	784
218	787
218	789
218	805
218	808
218	809
218	826
218	827
218	846
218	850
218	853
218	876
218	895
218	909
218	918
218	922
218	923
218	942
218	944
218	965
218	971
218	972
218	982
218	985
218	991
218	995
218	1009
218	1028
218	1050
218	1053
218	1068
218	1076
218	1092
218	1093
218	1094
218	1102
218	1106
218	1109
218	1129
218	1135
218	1140
218	1142
218	1146
218	1147
218	1148
218	1149
218	1159
218	1164
218	1178
218	1181
218	1182
218	1184
218	1191
218	1196
218	1199
218	1200
218	1202
218	1214
218	1220
218	1230
218	1235
218	1237
218	1242
218	1257
218	1258
218	1265
218	1268
218	1276
218	1279
218	1284
218	1285
218	1288
218	1290
218	1294
218	1320
218	1327
218	1331
218	1342
218	1355
218	1357
218	1369
218	1382
218	1384
218	1385
218	1387
218	1393
218	1404
218	1409
218	1415
218	1426
218	1430
218	1436
218	1450
218	1451
218	1472
218	1480
218	1495
218	1516
218	1517
218	1523
218	1551
218	1553
218	1555
218	1567
218	1574
218	1576
218	1582
218	1588
218	1595
218	1599
218	1601
218	1605
218	1606
218	1615
218	1617
218	1629
218	1644
218	1653
218	1673
218	1681
218	1687
218	1689
218	1704
218	1706
218	1718
218	1725
218	1739
218	1740
218	1746
218	1763
218	1766
218	1772
218	1775
218	1776
218	1786
218	1791
218	1799
218	1813
218	1833
218	1836
218	1849
218	1850
218	1866
218	1887
218	1895
218	1903
218	1908
218	1911
218	1913
218	1914
218	1921
218	1926
218	1927
218	1931
218	1935
218	1941
218	1946
218	1954
218	1962
218	1964
218	1967
218	1968
218	1975
218	1981
218	1993
218	2010
218	2031
218	2032
218	2033
218	2035
218	2038
218	2063
218	2068
218	2075
218	2077
218	2078
218	2084
218	2088
218	2091
218	2094
218	2099
218	2102
218	2107
218	2117
218	2119
218	2126
218	2132
218	2137
218	2138
218	2147
218	2154
218	2158
218	2159
218	2168
218	2173
218	2183
218	2196
218	2205
218	2211
218	2214
218	2215
218	2230
218	2231
218	2234
218	2248
218	2250
218	2256
218	2274
218	2283
218	2285
218	2293
218	2295
218	2300
218	2301
218	2314
218	2332
218	2336
218	2340
218	2341
218	2350
218	2364
218	2372
218	2397
218	2398
218	2401
218	2426
218	2432
218	2434
218	2436
218	2439
218	2443
218	2454
218	2464
218	2465
218	2467
218	2478
218	2489
218	2492
218	2503
218	2513
218	2536
218	2547
218	2552
218	2556
218	2559
218	2592
218	2598
218	2605
218	2607
218	2617
218	2622
218	2623
218	2625
218	2628
218	2631
218	2633
218	2638
218	2642
218	2649
218	2657
218	2667
218	2669
218	2684
218	2689
218	2697
218	2707
218	2708
218	2711
218	2734
218	2738
218	2749
218	2750
218	2763
218	2764
218	2765
218	2771
218	2780
218	2787
218	2789
218	2800
218	2801
218	2811
218	2814
218	2817
218	2828
218	2833
218	2848
218	2851
218	2856
218	2859
218	2864
218	2875
218	2880
218	2886
218	2903
218	2920
218	2945
218	2955
218	2959
218	2968
218	2977
218	2991
218	2996
218	3006
218	3024
218	3027
218	3035
218	3044
218	3051
218	3056
218	3060
218	3062
218	3065
218	3067
218	3074
218	3083
218	3095
218	3115
218	3118
218	3129
218	3137
218	3139
218	3142
218	3143
218	3147
218	3155
218	3161
218	3162
218	3163
218	3174
218	3180
218	3189
218	3198
218	3199
218	3221
218	3222
218	3233
218	3240
218	3257
218	3267
218	3277
218	3284
218	3286
218	3289
218	3293
218	3294
218	3310
218	3319
218	3335
218	3350
218	3358
218	3366
218	3372
218	3388
218	3392
218	3396
218	3397
218	3399
218	3408
218	3430
218	3437
218	3438
218	3442
218	3455
218	3474
218	3478
218	3483
218	3488
218	3498
218	3505
218	3507
218	3510
218	3513
218	3525
218	3526
218	3548
218	3553
218	3561
218	3563
218	3582
218	3583
218	3584
218	3590
218	3594
218	3600
218	3603
218	3608
218	3628
218	3629
218	3651
218	3655
218	3661
218	3663
218	3681
218	3690
218	3692
218	3696
218	3700
218	3706
218	3707
218	3715
218	3717
218	3726
218	3738
218	3751
218	3760
218	3780
218	3792
218	3798
218	3807
218	3819
218	3825
218	3832
218	3833
218	3845
218	3846
218	3854
218	3859
218	3869
218	3883
218	3885
218	3886
218	3888
218	3896
218	3908
218	3916
218	3920
218	3932
218	3952
218	3958
218	3962
218	3966
218	3973
218	3977
218	3980
218	3988
218	3997
218	3999
218	4021
218	4035
218	4045
218	4057
218	4063
218	4065
218	4072
218	4083
218	4098
218	4099
218	4116
218	4117
218	4122
218	4140
218	4145
218	4149
218	4154
218	4159
218	4162
218	4177
218	4189
218	4195
218	4203
218	4210
218	4211
218	4227
218	4242
218	4266
218	4269
218	4273
218	4274
218	4279
218	4281
218	4285
218	4291
218	4296
218	4306
218	4325
218	4338
218	4339
218	4341
218	4361
218	4375
218	4376
218	4382
218	4402
218	4416
218	4420
218	4425
218	4432
218	4435
218	4441
218	4447
218	4448
218	4449
218	4459
218	4467
218	4472
218	4474
218	4479
218	4481
218	4485
218	4498
218	4509
218	4511
218	4513
218	4517
218	4518
218	4519
218	4523
218	4530
218	4531
218	4535
218	4546
218	4547
218	4551
218	4559
218	4576
218	4579
218	4580
218	4585
218	4587
218	4600
218	4606
218	4608
218	4609
218	4610
218	4612
218	4641
218	4642
218	4643
218	4644
218	4657
218	4659
218	4660
218	4662
218	4680
218	4683
218	4687
218	4689
218	4690
218	4697
218	4698
218	4700
218	4701
218	4707
218	4708
218	4717
218	4718
218	4729
218	4745
218	4759
218	4770
218	4773
218	4787
218	4788
218	4792
218	4794
218	4797
218	4835
218	4840
218	4844
218	4845
218	4848
218	4859
218	4860
218	4871
218	4877
218	4884
218	4898
218	4912
218	4913
218	4919
218	4921
218	4922
218	4924
218	4929
218	4943
218	4957
218	4964
218	4967
218	4977
218	5005
218	5013
218	5021
218	5028
218	5030
218	5036
218	5046
218	5062
218	5066
218	5067
218	5070
218	5075
218	5081
218	5093
218	5097
218	5099
218	5112
218	5113
218	5116
218	5123
218	5138
218	5139
218	5142
218	5170
218	5177
218	5179
218	5181
218	5198
218	5205
218	5210
218	5217
218	5218
218	5220
218	5227
218	5228
218	5230
218	5234
218	5246
218	5248
218	5267
218	5275
218	5281
218	5303
218	5308
218	5313
218	5322
218	5331
218	5338
218	5343
218	5350
218	5375
218	5376
218	5387
218	5398
218	5414
218	5418
218	5423
218	5433
218	5441
218	5460
218	5467
218	5483
218	5509
218	5515
218	5518
218	5521
218	5537
218	5547
218	5549
218	5551
218	5566
218	5569
218	5576
218	5578
218	5581
218	5593
218	5597
218	5604
218	5607
218	5614
218	5616
218	5630
218	5632
218	5637
218	5638
218	5654
218	5665
218	5666
218	5667
218	5671
218	5674
218	5681
218	5744
218	5753
218	5761
218	5773
218	5780
218	5782
218	5797
218	5804
218	5811
218	5816
218	5819
218	5822
218	5833
218	5834
218	5848
218	5858
218	5859
218	5862
218	5873
218	5876
218	5887
218	5890
218	5915
218	5928
218	5936
218	5944
218	5961
218	5964
218	5975
218	5980
218	5981
218	5985
218	6006
218	6011
218	6012
218	6018
218	6024
218	6026
218	6027
218	6039
218	6051
218	6054
218	6060
218	6063
218	6078
218	6092
218	6103
218	6109
218	6112
218	6116
218	6123
218	6133
218	6147
218	6151
218	6156
218	6166
218	6178
218	6188
218	6189
218	6196
218	6203
218	6219
218	6221
218	6224
218	6232
218	6243
218	6258
218	6288
218	6306
218	6324
218	6334
218	6341
218	6375
218	6378
218	6390
218	6397
218	6400
218	6404
218	6427
218	6453
218	6465
218	6468
218	6480
218	6481
218	6483
218	6486
218	6494
218	6496
218	6505
218	6522
218	6523
218	6529
218	6532
218	6533
218	6536
218	6544
218	6550
218	6552
218	6566
218	6571
218	6574
218	6575
218	6581
218	6599
218	6605
218	6607
218	6608
218	6615
218	6616
218	6627
218	6636
218	6642
218	6652
218	6654
218	6656
218	6658
218	6668
218	6671
218	6701
218	6711
218	6715
218	6718
218	6719
218	6722
218	6735
218	6741
218	6751
218	6756
218	6776
218	6783
218	6786
218	6795
218	6798
218	6799
218	6801
218	6838
218	6839
218	6857
218	6862
218	6865
218	6867
218	6873
218	6876
218	6877
218	6885
218	6889
218	6904
218	6906
218	6913
218	6916
218	6920
218	6921
218	6925
218	6929
218	6930
218	6935
218	6937
218	6940
218	6962
218	6979
218	6984
218	6991
218	6995
218	7002
218	7003
218	7004
218	7021
218	7025
218	7028
218	7030
218	7035
218	7036
218	7041
218	7042
218	7044
218	7048
218	7051
218	7056
218	7061
218	7066
218	7073
218	7074
218	7090
218	7096
218	7099
218	7101
218	7107
218	7111
218	7121
218	7123
218	7128
218	7131
218	7132
218	7133
218	7135
218	7145
218	7146
218	7155
218	7157
218	7170
218	7173
218	7178
218	7181
218	7192
218	7196
218	7199
218	7200
218	7212
218	7221
218	7226
218	7244
218	7250
218	7255
218	7262
218	7269
218	7273
218	7295
218	7296
218	7302
218	7305
218	7318
218	7325
218	7337
218	7357
218	7367
218	7368
218	7369
218	7375
218	7394
218	7404
218	7409
218	7412
218	7420
218	7424
218	7428
218	7429
218	7430
218	7435
218	7437
218	7438
218	7446
218	7448
218	7455
218	7493
218	7495
218	7499
218	7510
218	7514
218	7515
218	7516
218	7519
218	7526
218	7530
218	7535
218	7544
218	7546
218	7550
218	7551
218	7552
218	7561
218	7568
218	7572
218	7591
218	7592
218	7596
218	7602
218	7608
218	7610
218	7618
218	7622
218	7635
218	7657
218	7665
218	7673
218	7681
218	7698
218	7704
218	7706
218	7708
218	7711
218	7727
218	7728
218	7733
218	7737
218	7743
218	7748
218	7757
218	7760
218	7762
218	7774
218	7775
218	7798
218	7817
218	7821
218	7823
218	7840
218	7842
218	7863
218	7871
218	7873
218	7886
218	7901
218	7916
218	7918
218	7921
218	7930
218	7931
218	7932
218	7934
218	7953
218	7974
218	7981
218	7985
218	7993
218	7997
218	8005
218	8006
218	8008
218	8025
218	8026
218	8030
218	8034
218	8038
218	8039
218	8044
218	8048
218	8049
218	8050
218	8051
218	8054
218	8061
218	8067
218	8070
218	8074
218	8081
218	8093
218	8110
218	8112
218	8116
218	8131
218	8139
218	8144
218	8146
218	8153
218	8176
218	8177
218	8193
218	8202
218	8218
218	8219
218	8223
218	8224
218	8234
218	8237
218	8253
218	8254
218	8265
218	8266
218	8272
218	8273
218	8278
218	8281
218	8294
218	8298
218	8300
218	8320
218	8322
218	8325
218	8327
218	8337
218	8343
218	8361
218	8363
218	8378
218	8379
218	8380
218	8404
218	8412
218	8420
218	8427
218	8433
218	8435
218	8437
218	8452
218	8457
218	8465
218	8467
218	8469
218	8470
218	8477
218	8478
218	8486
218	8488
218	8490
218	8494
218	8502
218	8523
218	8532
218	8542
218	8546
218	8548
218	8560
218	8572
218	8581
218	8590
218	8591
218	8592
218	8595
218	8596
218	8601
218	8612
218	8615
218	8620
218	8640
218	8641
218	8652
218	8660
218	8662
218	8667
218	8673
218	8677
218	8680
218	8690
218	8703
218	8706
218	8707
218	8718
218	8731
218	8739
218	8743
218	8745
218	8747
218	8749
218	8766
218	8772
218	8783
218	8792
218	8809
218	8810
218	8823
218	8824
218	8832
218	8841
218	8845
218	8848
218	8859
218	8863
218	8869
218	8870
218	8871
218	8887
218	8892
218	8893
218	8902
218	8904
218	8905
218	8913
218	8914
218	8921
218	8926
218	8927
218	8930
218	8934
218	8942
218	8944
218	8960
218	8962
218	8967
218	8968
218	9000
218	9013
218	9019
218	9022
218	9037
218	9052
218	9056
218	9061
218	9065
218	9066
218	9067
218	9068
218	9075
218	9080
218	9083
218	9089
218	9091
218	9092
218	9113
218	9116
218	9124
218	9133
218	9135
218	9170
218	9177
218	9183
218	9184
218	9186
218	9194
218	9201
218	9208
218	9210
218	9217
218	9226
218	9236
218	9237
218	9274
218	9279
218	9288
218	9292
218	9294
218	9299
218	9300
218	9331
218	9332
218	9334
218	9336
218	9340
218	9352
218	9354
218	9358
218	9366
218	9367
218	9376
218	9389
218	9395
218	9416
218	9425
218	9434
218	9439
218	9442
218	9443
218	9447
218	9449
218	9458
218	9471
218	9477
218	9478
218	9482
218	9491
218	9499
218	9514
218	9523
218	9528
218	9544
218	9565
218	9580
218	9590
218	9603
218	9606
218	9619
218	9623
218	9629
218	9640
218	9641
218	9652
218	9661
218	9665
218	9667
218	9674
218	9679
218	9681
218	9690
218	9691
218	9707
218	9710
218	9714
218	9717
218	9719
218	9743
218	9748
218	9753
218	9754
218	9773
218	9777
218	9778
218	9788
218	9802
218	9805
218	9815
218	9822
218	9824
218	9839
218	9841
218	9847
218	9851
218	9853
218	9857
218	9860
218	9865
218	9867
218	9879
218	9899
218	9906
218	9939
218	9943
218	9951
218	9953
218	9961
218	9971
218	9974
218	9976
218	9979
218	9981
219	1
219	9
219	14
219	19
219	23
219	59
219	60
219	66
219	70
219	78
219	88
219	93
219	110
219	114
219	130
219	150
219	154
219	155
219	176
219	181
219	190
219	211
219	216
219	220
219	224
219	225
219	226
219	234
219	251
219	271
219	288
219	307
219	308
219	311
219	312
219	313
219	320
219	326
219	333
219	335
219	351
219	381
219	392
219	394
219	418
219	455
219	462
219	474
219	477
219	487
219	489
219	495
219	502
219	503
219	521
219	525
219	530
219	539
219	547
219	556
219	557
219	561
219	567
219	570
219	575
219	581
219	588
219	592
219	604
219	614
219	629
219	639
219	640
219	643
219	647
219	654
219	658
219	662
219	680
219	684
219	692
219	694
219	704
219	707
219	711
219	718
219	733
219	735
219	738
219	741
219	751
219	766
219	773
219	776
219	796
219	799
219	803
219	806
219	811
219	814
219	822
219	829
219	835
219	848
219	852
219	855
219	856
219	858
219	868
219	872
219	879
219	886
219	896
219	898
219	920
219	926
219	928
219	929
219	940
219	948
219	950
219	955
219	959
219	960
219	964
219	979
219	984
219	1002
219	1003
219	1007
219	1039
219	1041
219	1058
219	1071
219	1078
219	1079
219	1091
219	1111
219	1112
219	1117
219	1132
219	1133
219	1134
219	1143
219	1174
219	1179
219	1205
219	1207
219	1217
219	1247
219	1252
219	1254
219	1262
219	1281
219	1296
219	1301
219	1316
219	1318
219	1319
219	1323
219	1337
219	1347
219	1353
219	1359
219	1360
219	1370
219	1375
219	1392
219	1396
219	1397
219	1399
219	1402
219	1403
219	1411
219	1416
219	1422
219	1423
219	1439
219	1481
219	1488
219	1489
219	1490
219	1491
219	1503
219	1507
219	1508
219	1520
219	1528
219	1533
219	1559
219	1560
219	1566
219	1569
219	1580
219	1593
219	1602
219	1603
219	1614
219	1616
219	1625
219	1626
219	1635
219	1646
219	1656
219	1659
219	1661
219	1664
219	1667
219	1668
219	1676
219	1682
219	1684
219	1696
219	1709
219	1710
219	1712
219	1713
219	1715
219	1720
219	1731
219	1735
219	1767
219	1768
219	1800
219	1802
219	1810
219	1831
219	1832
219	1838
219	1840
219	1846
219	1855
219	1862
219	1870
219	1872
219	1875
219	1876
219	1877
219	1889
219	1892
219	1901
219	1906
219	1915
219	1923
219	1939
219	1961
219	1965
219	1974
219	1984
219	1989
219	1990
219	1998
219	2003
219	2009
219	2021
219	2028
219	2036
219	2059
219	2069
219	2076
219	2081
219	2082
219	2087
219	2090
219	2096
219	2098
219	2104
219	2108
219	2114
219	2121
219	2125
219	2139
219	2149
219	2151
219	2160
219	2162
219	2165
219	2167
219	2189
219	2191
219	2194
219	2213
219	2221
219	2233
219	2241
219	2262
219	2267
219	2269
219	2272
219	2276
219	2282
219	2294
219	2297
219	2302
219	2305
219	2307
219	2328
219	2330
219	2351
219	2355
219	2356
219	2363
219	2383
219	2393
219	2395
219	2413
219	2422
219	2423
219	2429
219	2442
219	2445
219	2448
219	2450
219	2452
219	2473
219	2475
219	2480
219	2485
219	2510
219	2521
219	2524
219	2526
219	2532
219	2535
219	2537
219	2544
219	2554
219	2557
219	2560
219	2568
219	2570
219	2575
219	2579
219	2608
219	2609
219	2614
219	2627
219	2641
219	2643
219	2647
219	2650
219	2652
219	2656
219	2679
219	2695
219	2700
219	2706
219	2716
219	2730
219	2735
219	2739
219	2742
219	2812
219	2816
219	2820
219	2822
219	2826
219	2827
219	2834
219	2839
219	2840
219	2843
219	2850
219	2852
219	2854
219	2858
219	2866
219	2887
219	2901
219	2905
219	2909
219	2912
219	2918
219	2966
219	2969
219	2971
219	2973
219	2974
219	2981
219	2992
219	2995
219	3014
219	3025
219	3029
219	3033
219	3043
219	3046
219	3047
219	3050
219	3057
219	3064
219	3076
219	3104
219	3107
219	3121
219	3131
219	3132
219	3134
219	3144
219	3146
219	3148
219	3158
219	3160
219	3166
219	3175
219	3187
219	3212
219	3225
219	3231
219	3259
219	3268
219	3269
219	3272
219	3278
219	3305
219	3306
219	3307
219	3317
219	3334
219	3338
219	3348
219	3349
219	3355
219	3359
219	3361
219	3374
219	3385
219	3387
219	3398
219	3402
219	3410
219	3412
219	3414
219	3418
219	3424
219	3434
219	3439
219	3445
219	3446
219	3450
219	3457
219	3462
219	3465
219	3466
219	3485
219	3490
219	3497
219	3499
219	3500
219	3509
219	3514
219	3515
219	3518
219	3523
219	3528
219	3550
219	3564
219	3572
219	3593
219	3597
219	3598
219	3607
219	3610
219	3613
219	3626
219	3631
219	3632
219	3636
219	3638
219	3656
219	3678
219	3688
219	3698
219	3699
219	3710
219	3716
219	3719
219	3729
219	3736
219	3739
219	3754
219	3755
219	3766
219	3767
219	3774
219	3775
219	3777
219	3788
219	3790
219	3803
219	3813
219	3818
219	3828
219	3830
219	3834
219	3847
219	3852
219	3856
219	3876
219	3882
219	3887
219	3890
219	3900
219	3909
219	3915
219	3918
219	3929
219	3933
219	3934
219	3935
219	3938
219	3943
219	3957
219	3965
219	3975
219	3983
219	3993
219	4009
219	4010
219	4013
219	4032
219	4034
219	4055
219	4059
219	4062
219	4076
219	4091
219	4093
219	4107
219	4112
219	4125
219	4127
219	4128
219	4133
219	4139
219	4142
219	4150
219	4152
219	4153
219	4155
219	4166
219	4187
219	4198
219	4209
219	4214
219	4216
219	4220
219	4224
219	4232
219	4238
219	4239
219	4246
219	4261
219	4264
219	4270
219	4276
219	4278
219	4284
219	4289
219	4290
219	4292
219	4297
219	4299
219	4304
219	4305
219	4312
219	4330
219	4333
219	4346
219	4351
219	4356
219	4359
219	4362
219	4364
219	4366
219	4372
219	4379
219	4391
219	4393
219	4399
219	4404
219	4409
219	4412
219	4423
219	4427
219	4428
219	4440
219	4461
219	4468
219	4478
219	4482
219	4483
219	4487
219	4501
219	4512
219	4514
219	4521
219	4525
219	4533
219	4536
219	4543
219	4555
219	4562
219	4568
219	4570
219	4572
219	4582
219	4588
219	4599
219	4602
219	4613
219	4632
219	4648
219	4658
219	4671
219	4672
219	4674
219	4677
219	4706
219	4734
219	4743
219	4755
219	4762
219	4775
219	4778
219	4784
219	4791
219	4793
219	4798
219	4810
219	4824
219	4834
219	4839
219	4841
219	4842
219	4847
219	4850
219	4861
219	4868
219	4879
219	4882
219	4896
219	4899
219	4906
219	4917
219	4918
219	4925
219	4928
219	4942
219	4951
219	4952
219	4972
219	4974
219	4976
219	4982
219	4992
219	4998
219	4999
219	5004
219	5016
219	5018
219	5019
219	5025
219	5038
219	5055
219	5056
219	5057
219	5064
219	5098
219	5118
219	5129
219	5134
219	5143
219	5148
219	5155
219	5156
219	5161
219	5169
219	5182
219	5189
219	5190
219	5193
219	5202
219	5225
219	5226
219	5251
219	5254
219	5256
219	5285
219	5299
219	5301
219	5311
219	5312
219	5326
219	5335
219	5353
219	5356
219	5362
219	5363
219	5366
219	5373
219	5389
219	5397
219	5404
219	5408
219	5416
219	5420
219	5427
219	5430
219	5437
219	5447
219	5455
219	5462
219	5464
219	5482
219	5485
219	5490
219	5498
219	5508
219	5546
219	5589
219	5590
219	5609
219	5610
219	5615
219	5622
219	5626
219	5636
219	5643
219	5646
219	5648
219	5657
219	5658
219	5661
219	5664
219	5668
219	5676
219	5696
219	5699
219	5714
219	5720
219	5725
219	5727
219	5748
219	5755
219	5768
219	5770
219	5772
219	5781
219	5786
219	5789
219	5790
219	5793
219	5820
219	5824
219	5829
219	5839
219	5842
219	5845
219	5846
219	5849
219	5854
219	5860
219	5878
219	5879
219	5903
219	5918
219	5929
219	5954
219	5955
219	5959
219	5963
219	5988
219	5991
219	5993
219	5997
219	6001
219	6002
219	6004
219	6015
219	6030
219	6040
219	6041
219	6044
219	6046
219	6047
219	6062
219	6073
219	6081
219	6086
219	6088
219	6097
219	6100
219	6102
219	6107
219	6127
219	6128
219	6131
219	6135
219	6143
219	6155
219	6162
219	6175
219	6193
219	6201
219	6204
219	6208
219	6226
219	6236
219	6240
219	6242
219	6244
219	6248
219	6250
219	6251
219	6252
219	6264
219	6267
219	6277
219	6282
219	6297
219	6313
219	6317
219	6331
219	6333
219	6347
219	6357
219	6369
219	6372
219	6377
219	6379
219	6382
219	6408
219	6419
219	6423
219	6424
219	6431
219	6432
219	6436
219	6443
219	6446
219	6448
219	6459
219	6466
219	6472
219	6476
219	6478
219	6488
219	6498
219	6500
219	6507
219	6509
219	6518
219	6524
219	6538
219	6554
219	6578
219	6580
219	6585
219	6587
219	6591
219	6595
219	6598
219	6609
219	6612
219	6628
219	6631
219	6634
219	6635
219	6651
219	6666
219	6680
219	6683
219	6689
219	6704
219	6706
219	6713
219	6725
219	6754
219	6755
219	6760
219	6765
219	6767
219	6770
219	6779
219	6781
219	6796
219	6797
219	6812
219	6830
219	6831
219	6835
219	6864
219	6872
219	6878
219	6894
219	6901
219	6905
219	6910
219	6924
219	6957
219	6961
219	6963
219	6965
219	6970
219	6976
219	6980
219	7014
219	7026
219	7034
219	7037
219	7046
219	7054
219	7059
219	7060
219	7062
219	7086
219	7106
219	7112
219	7113
219	7120
219	7126
219	7136
219	7147
219	7165
219	7168
219	7171
219	7217
219	7218
219	7219
219	7228
219	7229
219	7249
219	7251
219	7254
219	7270
219	7277
219	7280
219	7286
219	7298
219	7300
219	7311
219	7321
219	7330
219	7334
219	7339
219	7346
219	7352
219	7353
219	7359
219	7366
219	7377
219	7381
219	7387
219	7406
219	7436
219	7457
219	7467
219	7471
219	7478
219	7536
219	7547
219	7554
219	7557
219	7558
219	7559
219	7569
219	7571
219	7577
219	7595
219	7604
219	7605
219	7606
219	7626
219	7633
219	7637
219	7640
219	7643
219	7646
219	7648
219	7656
219	7659
219	7661
219	7667
219	7669
219	7672
219	7676
219	7686
219	7689
219	7691
219	7694
219	7701
219	7707
219	7709
219	7723
219	7747
219	7749
219	7752
219	7785
219	7791
219	7806
219	7834
219	7838
219	7851
219	7875
219	7877
219	7881
219	7882
219	7898
219	7909
219	7913
219	7917
219	7922
219	7926
219	7928
219	7935
219	7939
219	7945
219	7946
219	7948
219	7949
219	7964
219	7975
219	7980
219	7988
219	7999
219	8000
219	8001
219	8010
219	8023
219	8036
219	8037
219	8057
219	8072
219	8095
219	8103
219	8109
219	8115
219	8126
219	8132
219	8133
219	8134
219	8151
219	8163
219	8164
219	8165
219	8167
219	8170
219	8179
219	8194
219	8195
219	8197
219	8203
219	8205
219	8211
219	8220
219	8240
219	8255
219	8261
219	8267
219	8268
219	8270
219	8283
219	8284
219	8285
219	8296
219	8301
219	8318
219	8326
219	8333
219	8351
219	8352
219	8367
219	8370
219	8381
219	8385
219	8388
219	8397
219	8398
219	8405
219	8409
219	8410
219	8414
219	8422
219	8426
219	8432
219	8434
219	8461
219	8466
219	8472
219	8475
219	8489
219	8493
219	8497
219	8498
219	8500
219	8505
219	8519
219	8520
219	8531
219	8547
219	8549
219	8552
219	8558
219	8562
219	8569
219	8574
219	8582
219	8583
219	8586
219	8614
219	8618
219	8619
219	8625
219	8629
219	8631
219	8634
219	8653
219	8654
219	8656
219	8657
219	8670
219	8678
219	8695
219	8698
219	8699
219	8709
219	8713
219	8714
219	8720
219	8725
219	8733
219	8740
219	8751
219	8760
219	8765
219	8773
219	8776
219	8782
219	8793
219	8798
219	8799
219	8800
219	8811
219	8812
219	8822
219	8828
219	8836
219	8840
219	8872
219	8917
219	8935
219	8939
219	8940
219	8941
219	8952
219	8958
219	8969
219	8970
219	8976
219	8984
219	8990
219	8991
219	8992
219	8996
219	9006
219	9011
219	9014
219	9024
219	9026
219	9033
219	9035
219	9071
219	9072
219	9088
219	9097
219	9103
219	9110
219	9122
219	9125
219	9129
219	9140
219	9142
219	9154
219	9156
219	9160
219	9173
219	9176
219	9200
219	9211
219	9222
219	9224
219	9228
219	9234
219	9251
219	9252
219	9256
219	9257
219	9258
219	9264
219	9269
219	9276
219	9278
219	9286
219	9289
219	9315
219	9319
219	9320
219	9323
219	9342
219	9351
219	9371
219	9377
219	9380
219	9384
219	9413
219	9420
219	9429
219	9436
219	9475
219	9485
219	9497
219	9520
219	9522
219	9548
219	9557
219	9560
219	9564
219	9566
219	9568
219	9587
219	9599
219	9600
219	9610
219	9611
219	9643
219	9644
219	9647
219	9656
219	9666
219	9669
219	9676
219	9680
219	9683
219	9687
219	9698
219	9728
219	9731
219	9746
219	9759
219	9760
219	9763
219	9775
219	9779
219	9782
219	9787
219	9797
219	9807
219	9808
219	9814
219	9830
219	9848
219	9855
219	9859
219	9862
219	9863
219	9871
219	9877
219	9878
219	9891
219	9892
219	9900
219	9907
219	9908
219	9914
219	9919
219	9924
219	9930
219	9933
219	9935
219	9938
219	9941
219	9947
219	9950
219	9959
219	9980
219	9988
219	9997
220	6
220	7
220	13
220	15
220	27
220	36
220	40
220	41
220	45
220	48
220	58
220	73
220	74
220	82
220	84
220	97
220	99
220	109
220	111
220	116
220	126
220	132
220	137
220	138
220	167
220	168
220	177
220	182
220	185
220	196
220	200
220	206
220	208
220	239
220	241
220	253
220	266
220	272
220	276
220	322
220	327
220	328
220	330
220	360
220	364
220	370
220	377
220	378
220	382
220	402
220	412
220	413
220	422
220	423
220	432
220	434
220	435
220	438
220	453
220	458
220	460
220	464
220	482
220	485
220	496
220	512
220	513
220	517
220	522
220	526
220	545
220	566
220	579
220	583
220	602
220	603
220	605
220	607
220	616
220	623
220	638
220	641
220	657
220	663
220	666
220	669
220	681
220	686
220	687
220	691
220	697
220	713
220	739
220	743
220	750
220	752
220	768
220	771
220	774
220	801
220	845
220	877
220	889
220	891
220	897
220	902
220	908
220	912
220	915
220	925
220	937
220	956
220	963
220	973
220	980
220	992
220	1004
220	1005
220	1015
220	1018
220	1019
220	1020
220	1026
220	1036
220	1040
220	1042
220	1055
220	1057
220	1077
220	1080
220	1083
220	1096
220	1110
220	1121
220	1130
220	1152
220	1153
220	1155
220	1163
220	1186
220	1187
220	1190
220	1192
220	1206
220	1212
220	1218
220	1221
220	1233
220	1241
220	1243
220	1246
220	1275
220	1282
220	1328
220	1330
220	1334
220	1350
220	1364
220	1365
220	1383
220	1405
220	1420
220	1464
220	1467
220	1471
220	1474
220	1475
220	1482
220	1483
220	1485
220	1486
220	1492
220	1496
220	1502
220	1504
220	1505
220	1521
220	1531
220	1534
220	1558
220	1564
220	1581
220	1584
220	1591
220	1596
220	1604
220	1607
220	1609
220	1623
220	1624
220	1631
220	1639
220	1654
220	1666
220	1669
220	1679
220	1690
220	1691
220	1714
220	1722
220	1726
220	1733
220	1737
220	1741
220	1744
220	1753
220	1754
220	1781
220	1794
220	1798
220	1807
220	1811
220	1848
220	1853
220	1856
220	1864
220	1882
220	1886
220	1891
220	1900
220	1955
220	1958
220	2011
220	2014
220	2017
220	2018
220	2019
220	2029
220	2039
220	2041
220	2042
220	2049
220	2055
220	2061
220	2085
220	2110
220	2112
220	2124
220	2127
220	2134
220	2135
220	2142
220	2152
220	2153
220	2161
220	2166
220	2184
220	2192
220	2201
220	2224
220	2232
220	2238
220	2239
220	2240
220	2242
220	2251
220	2253
220	2255
220	2260
220	2296
220	2312
220	2324
220	2344
220	2352
220	2360
220	2375
220	2382
220	2390
220	2404
220	2407
220	2410
220	2412
220	2421
220	2425
220	2428
220	2433
220	2435
220	2456
220	2466
220	2476
220	2484
220	2486
220	2487
220	2504
220	2505
220	2509
220	2511
220	2523
220	2533
220	2571
220	2577
220	2581
220	2588
220	2595
220	2596
220	2600
220	2639
220	2654
220	2660
220	2670
220	2690
220	2699
220	2702
220	2710
220	2715
220	2727
220	2728
220	2736
220	2737
220	2740
220	2747
220	2755
220	2760
220	2767
220	2769
220	2770
220	2779
220	2783
220	2794
220	2797
220	2806
220	2809
220	2815
220	2818
220	2830
220	2853
220	2857
220	2869
220	2870
220	2873
220	2888
220	2896
220	2897
220	2906
220	2908
220	2928
220	2931
220	2933
220	2934
220	2948
220	2952
220	2953
220	2978
220	2993
220	2994
220	3007
220	3017
220	3039
220	3052
220	3053
220	3054
220	3059
220	3066
220	3071
220	3072
220	3080
220	3088
220	3093
220	3094
220	3100
220	3114
220	3117
220	3140
220	3150
220	3154
220	3157
220	3177
220	3181
220	3182
220	3188
220	3215
220	3216
220	3226
220	3229
220	3230
220	3247
220	3258
220	3262
220	3295
220	3303
220	3329
220	3340
220	3351
220	3352
220	3364
220	3371
220	3403
220	3404
220	3405
220	3419
220	3429
220	3431
220	3463
220	3473
220	3475
220	3484
220	3493
220	3502
220	3506
220	3517
220	3522
220	3527
220	3533
220	3537
220	3544
220	3549
220	3566
220	3581
220	3599
220	3614
220	3634
220	3640
220	3646
220	3648
220	3653
220	3662
220	3680
220	3683
220	3685
220	3695
220	3697
220	3721
220	3727
220	3730
220	3734
220	3737
220	3744
220	3746
220	3748
220	3772
220	3781
220	3783
220	3784
220	3795
220	3805
220	3809
220	3812
220	3816
220	3826
220	3829
220	3839
220	3844
220	3849
220	3851
220	3857
220	3862
220	3863
220	3865
220	3889
220	3893
220	3901
220	3903
220	3905
220	3914
220	3925
220	3930
220	3955
220	3956
220	3960
220	3981
220	3985
220	3986
220	4001
220	4003
220	4004
220	4024
220	4025
220	4027
220	4033
220	4037
220	4038
220	4064
220	4067
220	4069
220	4075
220	4078
220	4087
220	4102
220	4106
220	4109
220	4143
220	4146
220	4147
220	4157
220	4170
220	4173
220	4176
220	4178
220	4181
220	4183
220	4185
220	4186
220	4190
220	4197
220	4199
220	4225
220	4233
220	4250
220	4265
220	4271
220	4280
220	4283
220	4303
220	4307
220	4309
220	4313
220	4316
220	4318
220	4324
220	4344
220	4357
220	4358
220	4368
220	4371
220	4373
220	4377
220	4395
220	4417
220	4430
220	4431
220	4443
220	4451
220	4454
220	4455
220	4460
220	4488
220	4500
220	4507
220	4515
220	4528
220	4532
220	4540
220	4542
220	4544
220	4552
220	4557
220	4564
220	4569
220	4578
220	4581
220	4584
220	4590
220	4591
220	4607
220	4623
220	4624
220	4625
220	4636
220	4646
220	4652
220	4661
220	4673
220	4676
220	4678
220	4695
220	4709
220	4715
220	4723
220	4731
220	4735
220	4744
220	4746
220	4748
220	4749
220	4756
220	4766
220	4768
220	4800
220	4808
220	4811
220	4827
220	4852
220	4857
220	4872
220	4880
220	4883
220	4888
220	4902
220	4914
220	4933
220	4938
220	4939
220	4940
220	4948
220	4955
220	4960
220	5003
220	5006
220	5010
220	5020
220	5026
220	5027
220	5033
220	5042
220	5053
220	5072
220	5074
220	5085
220	5095
220	5114
220	5125
220	5130
220	5147
220	5162
220	5180
220	5194
220	5195
220	5196
220	5199
220	5200
220	5201
220	5208
220	5209
220	5231
220	5237
220	5239
220	5241
220	5243
220	5262
220	5268
220	5271
220	5272
220	5278
220	5279
220	5287
220	5292
220	5304
220	5320
220	5323
220	5324
220	5368
220	5369
220	5385
220	5390
220	5399
220	5409
220	5439
220	5443
220	5456
220	5463
220	5473
220	5480
220	5484
220	5506
220	5510
220	5529
220	5534
220	5542
220	5553
220	5572
220	5575
220	5580
220	5584
220	5600
220	5601
220	5629
220	5634
220	5639
220	5650
220	5663
220	5697
220	5698
220	5701
220	5702
220	5710
220	5713
220	5719
220	5733
220	5734
220	5736
220	5738
220	5754
220	5764
220	5765
220	5771
220	5775
220	5784
220	5787
220	5795
220	5798
220	5801
220	5807
220	5814
220	5817
220	5823
220	5826
220	5830
220	5836
220	5844
220	5853
220	5856
220	5866
220	5867
220	5874
220	5894
220	5895
220	5896
220	5901
220	5910
220	5916
220	5931
220	5942
220	5943
220	5947
220	5958
220	5960
220	5974
220	5982
220	5998
220	6014
220	6020
220	6025
220	6033
220	6038
220	6050
220	6056
220	6070
220	6084
220	6089
220	6145
220	6159
220	6163
220	6174
220	6190
220	6212
220	6223
220	6225
220	6245
220	6247
220	6253
220	6275
220	6283
220	6286
220	6292
220	6294
220	6299
220	6300
220	6307
220	6308
220	6329
220	6360
220	6362
220	6371
220	6373
220	6376
220	6381
220	6388
220	6389
220	6395
220	6396
220	6410
220	6412
220	6414
220	6425
220	6434
220	6437
220	6444
220	6464
220	6482
220	6489
220	6508
220	6516
220	6521
220	6526
220	6527
220	6530
220	6534
220	6535
220	6547
220	6551
220	6560
220	6565
220	6576
220	6586
220	6602
220	6618
220	6624
220	6669
220	6681
220	6685
220	6690
220	6692
220	6697
220	6714
220	6726
220	6728
220	6734
220	6740
220	6747
220	6763
220	6766
220	6793
220	6810
220	6811
220	6814
220	6816
220	6818
220	6823
220	6826
220	6855
220	6868
220	6870
220	6874
220	6890
220	6891
220	6898
220	6902
220	6908
220	6915
220	6931
220	6941
220	6958
220	6967
220	6971
220	6978
220	7006
220	7009
220	7012
220	7018
220	7027
220	7029
220	7052
220	7055
220	7057
220	7069
220	7080
220	7082
220	7083
220	7093
220	7119
220	7125
220	7130
220	7139
220	7154
220	7158
220	7175
220	7189
220	7195
220	7197
220	7202
220	7203
220	7205
220	7206
220	7207
220	7215
220	7223
220	7224
220	7225
220	7232
220	7236
220	7238
220	7243
220	7258
220	7283
220	7285
220	7290
220	7299
220	7329
220	7332
220	7345
220	7348
220	7355
220	7384
220	7392
220	7405
220	7413
220	7415
220	7422
220	7452
220	7453
220	7454
220	7462
220	7464
220	7465
220	7483
220	7484
220	7487
220	7504
220	7506
220	7507
220	7513
220	7517
220	7518
220	7529
220	7541
220	7542
220	7543
220	7553
220	7555
220	7574
220	7576
220	7578
220	7590
220	7593
220	7614
220	7624
220	7652
220	7655
220	7662
220	7664
220	7680
220	7688
220	7693
220	7696
220	7699
220	7705
220	7710
220	7722
220	7730
220	7731
220	7759
220	7776
220	7777
220	7784
220	7797
220	7799
220	7802
220	7805
220	7815
220	7826
220	7832
220	7833
220	7847
220	7848
220	7854
220	7864
220	7869
220	7872
220	7887
220	7891
220	7896
220	7905
220	7924
220	7925
220	7927
220	7947
220	7955
220	7956
220	7966
220	7970
220	7979
220	7983
220	7995
220	8052
220	8059
220	8062
220	8065
220	8069
220	8073
220	8076
220	8088
220	8089
220	8090
220	8091
220	8094
220	8096
220	8105
220	8106
220	8140
220	8161
220	8166
220	8171
220	8174
220	8190
220	8192
220	8209
220	8213
220	8216
220	8241
220	8252
220	8256
220	8264
220	8279
220	8309
220	8314
220	8338
220	8342
220	8353
220	8373
220	8402
220	8408
220	8416
220	8417
220	8423
220	8428
220	8430
220	8431
220	8456
220	8483
220	8499
220	8503
220	8506
220	8511
220	8517
220	8518
220	8522
220	8525
220	8534
220	8537
220	8538
220	8543
220	8555
220	8567
220	8576
220	8594
220	8603
220	8605
220	8607
220	8621
220	8622
220	8628
220	8644
220	8646
220	8649
220	8711
220	8712
220	8723
220	8735
220	8738
220	8746
220	8748
220	8752
220	8757
220	8759
220	8774
220	8775
220	8780
220	8791
220	8803
220	8816
220	8825
220	8829
220	8831
220	8837
220	8849
220	8852
220	8856
220	8878
220	8890
220	8896
220	8897
220	8908
220	8911
220	8915
220	8920
220	8924
220	8925
220	8931
220	8933
220	8951
220	8971
220	8997
220	8998
220	9001
220	9028
220	9031
220	9038
220	9039
220	9042
220	9048
220	9055
220	9057
220	9062
220	9064
220	9070
220	9078
220	9094
220	9112
220	9119
220	9123
220	9131
220	9132
220	9150
220	9172
220	9178
220	9199
220	9202
220	9203
220	9207
220	9214
220	9221
220	9231
220	9244
220	9245
220	9261
220	9268
220	9273
220	9275
220	9318
220	9325
220	9326
220	9329
220	9345
220	9347
220	9348
220	9349
220	9350
220	9353
220	9362
220	9373
220	9375
220	9383
220	9392
220	9407
220	9410
220	9433
220	9440
220	9441
220	9446
220	9450
220	9464
220	9479
220	9492
220	9493
220	9507
220	9508
220	9510
220	9517
220	9536
220	9540
220	9542
220	9547
220	9551
220	9561
220	9569
220	9572
220	9575
220	9588
220	9614
220	9621
220	9622
220	9626
220	9636
220	9645
220	9648
220	9655
220	9663
220	9670
220	9675
220	9689
220	9693
220	9705
220	9713
220	9718
220	9721
220	9734
220	9741
220	9745
220	9750
220	9765
220	9772
220	9780
220	9785
220	9789
220	9810
220	9831
220	9834
220	9849
220	9866
220	9875
220	9889
220	9927
220	9964
220	9969
220	9986
221	2
221	10
221	12
221	17
221	39
221	63
221	67
221	71
221	81
221	86
221	91
221	105
221	124
221	127
221	136
221	151
221	174
221	191
221	193
221	201
221	203
221	213
221	217
221	223
221	243
221	246
221	248
221	268
221	283
221	295
221	301
221	318
221	319
221	336
221	338
221	353
221	366
221	379
221	386
221	389
221	396
221	401
221	431
221	445
221	468
221	471
221	473
221	479
221	516
221	537
221	542
221	548
221	551
221	554
221	564
221	568
221	577
221	594
221	606
221	610
221	625
221	626
221	646
221	655
221	678
221	689
221	693
221	726
221	730
221	745
221	780
221	788
221	794
221	798
221	813
221	815
221	818
221	854
221	862
221	863
221	882
221	893
221	903
221	906
221	907
221	910
221	921
221	953
221	957
221	961
221	962
221	969
221	970
221	975
221	994
221	998
221	1001
221	1021
221	1025
221	1037
221	1052
221	1072
221	1085
221	1097
221	1101
221	1114
221	1116
221	1137
221	1169
221	1172
221	1175
221	1213
221	1219
221	1224
221	1232
221	1278
221	1280
221	1287
221	1305
221	1312
221	1314
221	1324
221	1325
221	1332
221	1343
221	1344
221	1345
221	1349
221	1352
221	1358
221	1363
221	1371
221	1395
221	1401
221	1407
221	1428
221	1449
221	1459
221	1465
221	1466
221	1515
221	1546
221	1547
221	1549
221	1554
221	1562
221	1563
221	1578
221	1597
221	1598
221	1600
221	1612
221	1618
221	1632
221	1637
221	1650
221	1658
221	1686
221	1701
221	1717
221	1719
221	1723
221	1728
221	1752
221	1778
221	1792
221	1796
221	1803
221	1815
221	1817
221	1822
221	1861
221	1871
221	1885
221	1888
221	1894
221	1909
221	1929
221	1949
221	1950
221	1960
221	1987
221	1992
221	1999
221	2001
221	2044
221	2057
221	2111
221	2136
221	2150
221	2155
221	2182
221	2187
221	2202
221	2206
221	2228
221	2258
221	2265
221	2271
221	2275
221	2279
221	2284
221	2286
221	2288
221	2298
221	2306
221	2310
221	2316
221	2333
221	2335
221	2346
221	2347
221	2359
221	2362
221	2366
221	2367
221	2381
221	2386
221	2441
221	2451
221	2471
221	2472
221	2474
221	2477
221	2479
221	2483
221	2497
221	2501
221	2512
221	2543
221	2562
221	2564
221	2573
221	2615
221	2640
221	2651
221	2653
221	2671
221	2683
221	2693
221	2701
221	2723
221	2745
221	2748
221	2756
221	2758
221	2772
221	2781
221	2795
221	2802
221	2808
221	2829
221	2836
221	2863
221	2882
221	2895
221	2913
221	2914
221	2921
221	2929
221	2932
221	2941
221	2944
221	2949
221	2954
221	2967
221	2975
221	2980
221	3004
221	3010
221	3016
221	3021
221	3028
221	3036
221	3070
221	3078
221	3086
221	3089
221	3096
221	3097
221	3101
221	3102
221	3110
221	3113
221	3116
221	3120
221	3123
221	3124
221	3128
221	3130
221	3133
221	3159
221	3192
221	3202
221	3205
221	3206
221	3213
221	3217
221	3224
221	3232
221	3245
221	3253
221	3256
221	3270
221	3276
221	3281
221	3285
221	3296
221	3299
221	3300
221	3316
221	3325
221	3331
221	3347
221	3357
221	3363
221	3367
221	3368
221	3375
221	3379
221	3389
221	3395
221	3415
221	3416
221	3423
221	3433
221	3443
221	3449
221	3469
221	3470
221	3471
221	3494
221	3511
221	3519
221	3520
221	3531
221	3535
221	3538
221	3540
221	3543
221	3545
221	3551
221	3576
221	3602
221	3606
221	3627
221	3641
221	3657
221	3659
221	3664
221	3667
221	3673
221	3674
221	3679
221	3684
221	3689
221	3693
221	3694
221	3705
221	3718
221	3722
221	3724
221	3732
221	3750
221	3756
221	3757
221	3758
221	3759
221	3765
221	3771
221	3799
221	3802
221	3822
221	3827
221	3836
221	3871
221	3879
221	3936
221	3946
221	3947
221	3959
221	3961
221	3971
221	4014
221	4016
221	4030
221	4046
221	4066
221	4080
221	4082
221	4088
221	4094
221	4105
221	4120
221	4132
221	4141
221	4160
221	4163
221	4168
221	4200
221	4206
221	4213
221	4215
221	4228
221	4243
221	4251
221	4252
221	4254
221	4319
221	4328
221	4334
221	4337
221	4347
221	4348
221	4349
221	4353
221	4374
221	4392
221	4397
221	4403
221	4434
221	4456
221	4499
221	4534
221	4541
221	4560
221	4573
221	4586
221	4601
221	4620
221	4630
221	4651
221	4663
221	4670
221	4686
221	4719
221	4722
221	4732
221	4747
221	4754
221	4781
221	4796
221	4813
221	4815
221	4816
221	4819
221	4829
221	4851
221	4853
221	4856
221	4864
221	4865
221	4875
221	4878
221	4885
221	4887
221	4889
221	4905
221	4908
221	4926
221	4932
221	4936
221	4946
221	4962
221	4970
221	4971
221	4984
221	4985
221	4991
221	5039
221	5050
221	5052
221	5059
221	5063
221	5069
221	5077
221	5079
221	5083
221	5086
221	5105
221	5122
221	5128
221	5136
221	5141
221	5154
221	5158
221	5167
221	5172
221	5173
221	5192
221	5221
221	5235
221	5236
221	5258
221	5296
221	5298
221	5302
221	5306
221	5321
221	5337
221	5354
221	5355
221	5359
221	5391
221	5393
221	5394
221	5395
221	5396
221	5407
221	5413
221	5415
221	5417
221	5424
221	5431
221	5444
221	5446
221	5451
221	5479
221	5512
221	5520
221	5524
221	5531
221	5544
221	5620
221	5627
221	5628
221	5642
221	5647
221	5649
221	5653
221	5655
221	5656
221	5673
221	5682
221	5687
221	5689
221	5707
221	5739
221	5779
221	5788
221	5808
221	5840
221	5847
221	5857
221	5863
221	5864
221	5868
221	5871
221	5893
221	5905
221	5907
221	5909
221	5940
221	5949
221	5950
221	5953
221	5957
221	5962
221	5972
221	5973
221	5977
221	5984
221	5994
221	6005
221	6023
221	6037
221	6045
221	6057
221	6083
221	6095
221	6096
221	6101
221	6105
221	6111
221	6124
221	6167
221	6181
221	6182
221	6200
221	6205
221	6233
221	6254
221	6255
221	6259
221	6261
221	6262
221	6268
221	6273
221	6304
221	6314
221	6319
221	6326
221	6328
221	6332
221	6337
221	6354
221	6355
221	6356
221	6358
221	6364
221	6370
221	6386
221	6394
221	6398
221	6409
221	6418
221	6422
221	6429
221	6435
221	6442
221	6452
221	6455
221	6461
221	6497
221	6514
221	6517
221	6519
221	6545
221	6546
221	6553
221	6555
221	6559
221	6563
221	6567
221	6579
221	6590
221	6592
221	6594
221	6601
221	6606
221	6614
221	6629
221	6655
221	6664
221	6674
221	6678
221	6702
221	6709
221	6721
221	6723
221	6724
221	6742
221	6769
221	6774
221	6777
221	6784
221	6794
221	6805
221	6806
221	6819
221	6821
221	6844
221	6851
221	6854
221	6869
221	6882
221	6886
221	6897
221	6903
221	6914
221	6942
221	6950
221	6951
221	6977
221	6981
221	6982
221	6985
221	6990
221	7005
221	7043
221	7050
221	7070
221	7072
221	7104
221	7114
221	7134
221	7152
221	7156
221	7159
221	7161
221	7162
221	7179
221	7186
221	7271
221	7275
221	7293
221	7297
221	7324
221	7328
221	7351
221	7358
221	7373
221	7382
221	7386
221	7397
221	7407
221	7418
221	7425
221	7456
221	7470
221	7474
221	7485
221	7512
221	7522
221	7531
221	7538
221	7560
221	7563
221	7564
221	7566
221	7570
221	7584
221	7589
221	7597
221	7601
221	7607
221	7612
221	7613
221	7619
221	7623
221	7628
221	7636
221	7700
221	7703
221	7717
221	7724
221	7725
221	7726
221	7736
221	7741
221	7754
221	7755
221	7758
221	7773
221	7809
221	7825
221	7837
221	7860
221	7890
221	7911
221	7923
221	7936
221	7937
221	7938
221	7941
221	7957
221	7963
221	7989
221	8014
221	8017
221	8019
221	8021
221	8041
221	8042
221	8060
221	8066
221	8071
221	8078
221	8098
221	8107
221	8114
221	8127
221	8128
221	8138
221	8155
221	8162
221	8173
221	8178
221	8181
221	8188
221	8206
221	8217
221	8222
221	8225
221	8228
221	8231
221	8236
221	8242
221	8302
221	8304
221	8311
221	8312
221	8316
221	8330
221	8341
221	8348
221	8358
221	8372
221	8418
221	8436
221	8444
221	8474
221	8515
221	8516
221	8533
221	8535
221	8539
221	8554
221	8557
221	8561
221	8564
221	8568
221	8573
221	8602
221	8645
221	8671
221	8683
221	8701
221	8710
221	8716
221	8722
221	8724
221	8732
221	8756
221	8761
221	8763
221	8777
221	8820
221	8826
221	8833
221	8842
221	8844
221	8857
221	8867
221	8875
221	8885
221	8918
221	8923
221	8938
221	8955
221	8966
221	8983
221	8989
221	9003
221	9044
221	9047
221	9049
221	9051
221	9054
221	9074
221	9082
221	9102
221	9161
221	9163
221	9165
221	9185
221	9191
221	9192
221	9198
221	9265
221	9280
221	9281
221	9283
221	9298
221	9310
221	9317
221	9330
221	9344
221	9355
221	9364
221	9386
221	9414
221	9418
221	9421
221	9437
221	9438
221	9448
221	9451
221	9462
221	9463
221	9465
221	9470
221	9474
221	9483
221	9498
221	9500
221	9506
221	9513
221	9516
221	9526
221	9538
221	9541
221	9563
221	9583
221	9607
221	9608
221	9618
221	9624
221	9634
221	9635
221	9650
221	9653
221	9682
221	9700
221	9704
221	9706
221	9712
221	9724
221	9730
221	9736
221	9744
221	9752
221	9755
221	9757
221	9758
221	9766
221	9784
221	9818
221	9836
221	9837
221	9840
221	9846
221	9852
221	9896
221	9913
221	9926
221	9955
221	9956
221	9960
221	9994
222	3
222	8
222	18
222	34
222	42
222	43
222	55
222	76
222	107
222	108
222	123
222	125
222	134
222	145
222	175
222	240
222	244
222	254
222	259
222	287
222	289
222	299
222	317
222	325
222	331
222	354
222	362
222	369
222	371
222	375
222	380
222	384
222	404
222	406
222	421
222	430
222	528
222	533
222	538
222	587
222	590
222	601
222	609
222	618
222	628
222	673
222	688
222	701
222	724
222	781
222	786
222	790
222	793
222	823
222	869
222	888
222	905
222	945
222	981
222	1023
222	1043
222	1048
222	1051
222	1118
222	1160
222	1168
222	1216
222	1223
222	1234
222	1273
222	1291
222	1299
222	1302
222	1340
222	1346
222	1348
222	1351
222	1368
222	1373
222	1414
222	1421
222	1435
222	1440
222	1454
222	1456
222	1457
222	1461
222	1499
222	1522
222	1541
222	1548
222	1552
222	1583
222	1594
222	1613
222	1633
222	1641
222	1645
222	1655
222	1702
222	1707
222	1716
222	1730
222	1734
222	1758
222	1759
222	1760
222	1793
222	1814
222	1824
222	1829
222	1830
222	1844
222	1858
222	1880
222	1902
222	1928
222	1948
222	1957
222	1969
222	1983
222	2008
222	2016
222	2037
222	2046
222	2048
222	2089
222	2113
222	2140
222	2144
222	2146
222	2157
222	2170
222	2200
222	2218
222	2229
222	2235
222	2247
222	2263
222	2266
222	2278
222	2308
222	2353
222	2365
222	2379
222	2384
222	2391
222	2403
222	2409
222	2411
222	2414
222	2449
222	2455
222	2482
222	2494
222	2541
222	2566
222	2587
222	2606
222	2659
222	2663
222	2665
222	2668
222	2675
222	2676
222	2721
222	2724
222	2729
222	2731
222	2751
222	2766
222	2804
222	2819
222	2823
222	2841
222	2846
222	2860
222	2861
222	2885
222	2894
222	2922
222	2950
222	2979
222	2986
222	3013
222	3061
222	3063
222	3098
222	3099
222	3127
222	3151
222	3164
222	3185
222	3191
222	3200
222	3204
222	3207
222	3228
222	3236
222	3239
222	3242
222	3250
222	3298
222	3311
222	3322
222	3324
222	3370
222	3380
222	3417
222	3426
222	3427
222	3435
222	3481
222	3512
222	3542
222	3554
222	3559
222	3573
222	3645
222	3654
222	3665
222	3686
222	3703
222	3731
222	3749
222	3770
222	3776
222	3815
222	3853
222	3858
222	3873
222	3874
222	3875
222	3884
222	3892
222	3928
222	3964
222	3967
222	3978
222	3987
222	3998
222	4007
222	4022
222	4026
222	4041
222	4071
222	4103
222	4113
222	4115
222	4121
222	4123
222	4182
222	4192
222	4204
222	4275
222	4282
222	4286
222	4295
222	4300
222	4310
222	4326
222	4340
222	4345
222	4394
222	4407
222	4446
222	4457
222	4476
222	4491
222	4495
222	4504
222	4527
222	4575
222	4594
222	4603
222	4619
222	4626
222	4631
222	4665
222	4668
222	4710
222	4714
222	4730
222	4742
222	4764
222	4769
222	4801
222	4837
222	4904
222	4937
222	4987
222	4988
222	4994
222	5011
222	5032
222	5047
222	5048
222	5089
222	5109
222	5117
222	5127
222	5144
222	5145
222	5146
222	5160
222	5175
222	5207
222	5229
222	5233
222	5238
222	5240
222	5244
222	5252
222	5255
222	5280
222	5288
222	5289
222	5293
222	5309
222	5318
222	5377
222	5379
222	5386
222	5428
222	5440
222	5449
222	5465
222	5486
222	5497
222	5501
222	5504
222	5516
222	5517
222	5528
222	5539
222	5557
222	5570
222	5571
222	5582
222	5606
222	5633
222	5691
222	5694
222	5700
222	5708
222	5712
222	5715
222	5726
222	5728
222	5745
222	5767
222	5783
222	5813
222	5852
222	5855
222	5870
222	5875
222	5877
222	5884
222	5886
222	5889
222	5920
222	5921
222	5923
222	5926
222	5930
222	5956
222	5992
222	6035
222	6048
222	6065
222	6074
222	6120
222	6148
222	6153
222	6171
222	6179
222	6195
222	6271
222	6291
222	6322
222	6327
222	6349
222	6368
222	6384
222	6413
222	6438
222	6450
222	6492
222	6499
222	6549
222	6557
222	6562
222	6569
222	6620
222	6643
222	6647
222	6660
222	6670
222	6673
222	6677
222	6686
222	6687
222	6731
222	6732
222	6758
222	6761
222	6764
222	6790
222	6817
222	6832
222	6861
222	6863
222	6879
222	6883
222	6911
222	6912
222	6944
222	6968
222	6983
222	6987
222	6999
222	7008
222	7024
222	7064
222	7078
222	7079
222	7102
222	7118
222	7129
222	7138
222	7142
222	7150
222	7182
222	7237
222	7281
222	7282
222	7284
222	7304
222	7317
222	7320
222	7335
222	7336
222	7341
222	7344
222	7364
222	7372
222	7376
222	7385
222	7393
222	7421
222	7423
222	7431
222	7440
222	7460
222	7466
222	7498
222	7508
222	7509
222	7534
222	7586
222	7609
222	7632
222	7642
222	7660
222	7678
222	7682
222	7714
222	7716
222	7767
222	7771
222	7781
222	7788
222	7793
222	7795
222	7824
222	7829
222	7858
222	7859
222	7884
222	7885
222	7894
222	7900
222	7910
222	7943
222	7950
222	7961
222	7978
222	7982
222	7986
222	8011
222	8033
222	8040
222	8056
222	8084
222	8123
222	8129
222	8135
222	8141
222	8142
222	8143
222	8157
222	8180
222	8183
222	8184
222	8186
222	8187
222	8196
222	8229
222	8235
222	8247
222	8250
222	8260
222	8275
222	8282
222	8292
222	8305
222	8307
222	8313
222	8317
222	8334
222	8347
222	8366
222	8384
222	8389
222	8392
222	8425
222	8429
222	8441
222	8448
222	8479
222	8480
222	8510
222	8529
222	8541
222	8608
222	8642
222	8676
222	8679
222	8696
222	8702
222	8753
222	8764
222	8768
222	8769
222	8790
222	8796
222	8839
222	8850
222	8862
222	8874
222	8895
222	8910
222	8919
222	8937
222	8948
222	8964
222	8986
222	8987
222	9015
222	9017
222	9020
222	9041
222	9063
222	9086
222	9098
222	9099
222	9127
222	9144
222	9152
222	9188
222	9190
222	9212
222	9215
222	9230
222	9253
222	9271
222	9285
222	9291
222	9293
222	9303
222	9304
222	9307
222	9313
222	9335
222	9337
222	9374
222	9394
222	9401
222	9476
222	9480
222	9518
222	9524
222	9549
222	9553
222	9556
222	9570
222	9581
222	9616
222	9646
222	9668
222	9684
222	9711
222	9715
222	9723
222	9726
222	9732
222	9742
222	9809
222	9812
222	9816
222	9819
222	9820
222	9835
222	9844
222	9845
222	9882
222	9903
222	9905
222	9921
222	9946
222	9963
222	9966
222	9970
222	9990
223	5
223	21
223	92
223	117
223	131
223	166
223	257
223	273
223	290
223	332
223	334
223	372
223	373
223	409
223	427
223	442
223	450
223	463
223	497
223	571
223	624
223	633
223	690
223	703
223	705
223	709
223	716
223	717
223	779
223	782
223	785
223	812
223	838
223	844
223	871
223	881
223	894
223	899
223	916
223	917
223	924
223	949
223	954
223	958
223	966
223	987
223	1016
223	1024
223	1038
223	1065
223	1171
223	1204
223	1215
223	1225
223	1277
223	1292
223	1295
223	1303
223	1308
223	1317
223	1329
223	1339
223	1424
223	1438
223	1447
223	1498
223	1501
223	1524
223	1526
223	1608
223	1628
223	1685
223	1756
223	1762
223	1801
223	1805
223	1826
223	1865
223	1873
223	1917
223	1930
223	1942
223	1986
223	2025
223	2065
223	2074
223	2101
223	2115
223	2120
223	2156
223	2179
223	2223
223	2249
223	2257
223	2290
223	2370
223	2377
223	2385
223	2396
223	2420
223	2430
223	2431
223	2458
223	2516
223	2517
223	2522
223	2530
223	2565
223	2586
223	2645
223	2674
223	2694
223	2732
223	2805
223	2824
223	2862
223	2889
223	2904
223	2935
223	2976
223	2983
223	2997
223	3002
223	3034
223	3136
223	3223
223	3280
223	3309
223	3314
223	3320
223	3323
223	3383
223	3440
223	3489
223	3492
223	3503
223	3552
223	3555
223	3569
223	3585
223	3652
223	3712
223	3723
223	3740
223	3791
223	3842
223	3895
223	3907
223	3949
223	4002
223	4012
223	4085
223	4090
223	4092
223	4097
223	4101
223	4124
223	4148
223	4165
223	4167
223	4193
223	4205
223	4226
223	4245
223	4257
223	4262
223	4268
223	4277
223	4288
223	4323
223	4354
223	4466
223	4471
223	4473
223	4480
223	4550
223	4654
223	4664
223	4704
223	4716
223	4726
223	4737
223	4763
223	4786
223	4818
223	4846
223	4867
223	4901
223	4909
223	4954
223	4963
223	4978
223	5002
223	5007
223	5008
223	5044
223	5071
223	5076
223	5078
223	5082
223	5119
223	5178
223	5263
223	5330
223	5364
223	5469
223	5513
223	5543
223	5548
223	5562
223	5567
223	5579
223	5599
223	5685
223	5711
223	5717
223	5750
223	5756
223	5791
223	5802
223	5827
223	5965
223	6017
223	6022
223	6029
223	6032
223	6049
223	6077
223	6093
223	6114
223	6118
223	6161
223	6198
223	6222
223	6266
223	6302
223	6309
223	6318
223	6330
223	6338
223	6342
223	6351
223	6361
223	6366
223	6374
223	6406
223	6415
223	6428
223	6462
223	6469
223	6475
223	6504
223	6596
223	6667
223	6676
223	6679
223	6700
223	6710
223	6720
223	6737
223	6738
223	6748
223	6803
223	6807
223	6849
223	6853
223	6859
223	6860
223	7019
223	7049
223	7141
223	7180
223	7204
223	7208
223	7257
223	7272
223	7288
223	7292
223	7333
223	7361
223	7401
223	7402
223	7442
223	7449
223	7497
223	7500
223	7567
223	7585
223	7653
223	7658
223	7670
223	7702
223	7720
223	7745
223	7751
223	7790
223	7801
223	7828
223	7849
223	7865
223	7907
223	7959
223	7960
223	7965
223	7967
223	7972
223	8046
223	8079
223	8097
223	8120
223	8169
223	8248
223	8258
223	8262
223	8293
223	8303
223	8335
223	8349
223	8369
223	8393
223	8449
223	8524
223	8577
223	8630
223	8632
223	8635
223	8637
223	8674
223	8693
223	8697
223	8721
223	8770
223	8779
223	8827
223	8899
223	8901
223	8928
223	8936
223	8946
223	8978
223	8988
223	8994
223	9002
223	9025
223	9045
223	9087
223	9096
223	9117
223	9134
223	9139
223	9159
223	9254
223	9282
223	9338
223	9361
223	9363
223	9365
223	9368
223	9435
223	9453
223	9469
223	9484
223	9504
223	9535
223	9593
223	9602
223	9642
223	9735
223	9761
223	9771
223	9791
223	9801
223	9821
223	9828
223	9843
223	9850
223	9872
223	9887
223	9909
223	9962
223	9991
224	22
224	31
224	37
224	139
224	141
224	156
224	162
224	186
224	230
224	395
224	446
224	448
224	511
224	520
224	524
224	544
224	558
224	600
224	620
224	631
224	649
224	683
224	712
224	731
224	864
224	878
224	974
224	1194
224	1198
224	1310
224	1315
224	1367
224	1391
224	1458
224	1479
224	1518
224	1538
224	1545
224	1688
224	1736
224	1782
224	1804
224	1834
224	1842
224	1868
224	1918
224	2007
224	2023
224	2052
224	2062
224	2129
224	2145
224	2195
224	2210
224	2292
224	2334
224	2337
224	2427
224	2440
224	2468
224	2502
224	2507
224	2518
224	2525
224	2558
224	2563
224	2569
224	2681
224	2688
224	2709
224	2813
224	2884
224	2957
224	3011
224	3023
224	3049
224	3108
224	3112
224	3214
224	3227
224	3241
224	3265
224	3279
224	3302
224	3308
224	3315
224	3337
224	3341
224	3536
224	3560
224	3580
224	3601
224	3642
224	3687
224	3735
224	3761
224	3769
224	3779
224	3800
224	3877
224	3898
224	3968
224	4000
224	4019
224	4029
224	4073
224	4175
224	4302
224	4444
224	4621
224	4667
224	4694
224	4752
224	4758
224	4774
224	4862
224	4903
224	4916
224	4923
224	5040
224	5065
224	5214
224	5426
224	5574
224	5583
224	5743
224	5810
224	5831
224	5892
224	5925
224	5999
224	6013
224	6042
224	6052
224	6142
224	6165
224	6202
224	6265
224	6305
224	6490
224	6493
224	6531
224	6577
224	6582
224	6603
224	6645
224	6675
224	6746
224	6809
224	6836
224	6880
224	6943
224	7169
224	7183
224	7248
224	7259
224	7389
224	7403
224	7492
224	7629
224	7822
224	7835
224	7846
224	7856
224	7958
224	8068
224	8122
224	8263
224	8336
224	8359
224	8593
224	8627
224	8808
224	8818
224	8819
224	8898
224	8975
224	8979
224	9027
224	9036
224	9050
224	9107
224	9109
224	9121
224	9171
224	9302
224	9312
224	9339
224	9444
224	9511
224	9530
224	9585
224	9592
224	9632
224	9749
224	9764
224	9774
224	9776
224	9794
224	9842
224	9856
224	9864
224	9948
225	20
225	227
225	242
225	456
225	679
225	758
225	762
225	935
225	939
225	1189
225	1400
225	1429
225	1442
225	1619
225	1651
225	1671
225	1784
225	1819
225	1820
225	1916
225	2118
225	2171
225	2212
225	2331
225	2392
225	2470
225	2599
225	2610
225	2682
225	2692
225	2726
225	2803
225	2982
225	3244
225	3339
225	3400
225	3460
225	3575
225	3650
225	3764
225	3806
225	3808
225	3841
225	3860
225	3913
225	3922
225	4068
225	4311
225	4408
225	4571
225	4684
225	4699
225	4779
225	4934
225	4941
225	4973
225	4979
225	4995
225	5015
225	5068
225	5187
225	5300
225	5530
225	5617
225	5900
225	6055
225	6141
225	6150
225	6353
225	6359
225	6363
225	6441
225	6473
225	6707
225	6884
225	6888
225	7077
225	7144
225	7151
225	7160
225	7163
225	7172
225	7239
225	7306
225	7312
225	7347
225	7451
225	7511
225	7789
225	7792
225	8201
225	8355
225	8565
225	8610
225	8834
225	8855
225	8995
225	9106
225	9145
225	9227
225	9305
225	9311
225	9321
225	9369
225	9467
225	9501
225	9582
225	9617
225	9739
225	9932
225	9999
226	54
226	310
226	459
226	802
226	861
226	875
226	1017
226	1565
226	1924
226	2519
226	3332
226	3381
226	3864
226	3963
226	4191
226	6301
226	6600
226	6699
226	6926
226	6998
226	7201
226	7230
226	7234
226	7371
226	7468
226	7818
226	8626
226	9076
226	9081
226	9370
226	9601
226	9686
226	9798
227	169
227	232
227	263
227	947
227	1743
227	2252
227	2998
227	3866
227	3910
227	4524
227	5799
227	6125
227	6665
227	7990
227	8742
227	9238
227	9396
228	2148
228	3682
228	8136
228	8175
228	8805
229	8454
