Minimo	Corrida
103	8404
105	1743
105	1889
105	2915
105	4568
105	5022
105	6023
105	7030
105	9236
106	320
106	1060
106	1229
106	1352
106	1730
106	2037
106	2078
106	2098
106	2286
106	3184
106	3248
106	3276
106	3412
106	3571
106	3846
106	4010
106	4170
106	4301
106	4455
106	4468
106	4691
106	4775
106	4868
106	4993
106	5394
106	5810
106	5837
106	6108
106	6367
106	6502
106	6645
106	6941
106	7048
106	7159
106	7303
106	7358
106	7493
106	8011
106	8468
106	8557
106	8558
106	8661
106	8959
106	8987
106	9023
106	9061
106	9363
106	9944
107	44
107	99
107	148
107	313
107	335
107	458
107	464
107	491
107	494
107	553
107	592
107	598
107	751
107	784
107	842
107	1012
107	1025
107	1033
107	1079
107	1173
107	1183
107	1186
107	1253
107	1297
107	1388
107	1394
107	1417
107	1437
107	1621
107	1638
107	1706
107	1767
107	1849
107	1852
107	1853
107	1881
107	1892
107	1957
107	2007
107	2027
107	2219
107	2336
107	2381
107	2456
107	2479
107	2580
107	2629
107	2640
107	2676
107	2684
107	2712
107	2778
107	2781
107	2857
107	2976
107	2996
107	3058
107	3175
107	3265
107	3273
107	3300
107	3317
107	3418
107	3438
107	3453
107	3477
107	3584
107	3657
107	3663
107	3855
107	3916
107	3934
107	3962
107	4017
107	4038
107	4113
107	4120
107	4159
107	4195
107	4256
107	4285
107	4453
107	4466
107	4628
107	4680
107	4687
107	4750
107	4758
107	4774
107	4846
107	4878
107	4972
107	4984
107	5048
107	5203
107	5288
107	5292
107	5325
107	5426
107	5440
107	5612
107	5694
107	5711
107	5735
107	5765
107	6013
107	6042
107	6201
107	6275
107	6283
107	6295
107	6330
107	6332
107	6390
107	6392
107	6549
107	6584
107	6626
107	6715
107	6815
107	6938
107	6993
107	7043
107	7074
107	7093
107	7401
107	7510
107	7652
107	7684
107	7697
107	7712
107	7780
107	7919
107	8061
107	8091
107	8092
107	8111
107	8230
107	8248
107	8324
107	8352
107	8491
107	8576
107	8630
107	8699
107	8700
107	8771
107	8775
107	8778
107	8779
107	8866
107	8879
107	8925
107	8971
107	8989
107	8990
107	9031
107	9072
107	9094
107	9109
107	9138
107	9205
107	9227
107	9244
107	9309
107	9322
107	9426
107	9441
107	9580
107	9594
107	9657
107	9667
107	9676
107	9690
107	9706
107	9740
107	9748
107	9819
107	9828
107	9926
108	22
108	63
108	66
108	67
108	128
108	147
108	166
108	167
108	169
108	171
108	181
108	230
108	237
108	279
108	302
108	322
108	341
108	347
108	377
108	394
108	401
108	435
108	476
108	483
108	571
108	589
108	600
108	603
108	613
108	634
108	639
108	648
108	659
108	666
108	686
108	696
108	758
108	767
108	803
108	823
108	835
108	836
108	858
108	868
108	887
108	889
108	892
108	894
108	906
108	914
108	918
108	938
108	939
108	971
108	972
108	1014
108	1044
108	1047
108	1052
108	1084
108	1190
108	1212
108	1218
108	1232
108	1270
108	1287
108	1292
108	1293
108	1336
108	1351
108	1372
108	1378
108	1382
108	1387
108	1397
108	1406
108	1414
108	1422
108	1463
108	1486
108	1504
108	1515
108	1521
108	1522
108	1524
108	1526
108	1529
108	1532
108	1541
108	1565
108	1599
108	1612
108	1630
108	1649
108	1676
108	1700
108	1737
108	1760
108	1769
108	1772
108	1797
108	1817
108	1820
108	1832
108	1848
108	1865
108	1882
108	1884
108	1890
108	1894
108	1918
108	1923
108	1933
108	1943
108	1945
108	1951
108	1964
108	1965
108	1979
108	1992
108	2006
108	2055
108	2099
108	2113
108	2127
108	2130
108	2147
108	2162
108	2166
108	2178
108	2179
108	2211
108	2240
108	2256
108	2262
108	2266
108	2274
108	2280
108	2287
108	2293
108	2297
108	2300
108	2320
108	2339
108	2348
108	2368
108	2371
108	2396
108	2398
108	2454
108	2475
108	2531
108	2534
108	2540
108	2584
108	2619
108	2672
108	2687
108	2702
108	2724
108	2731
108	2733
108	2749
108	2766
108	2839
108	2862
108	2873
108	2876
108	2905
108	2932
108	2948
108	2955
108	2972
108	2985
108	2988
108	2990
108	3008
108	3017
108	3021
108	3045
108	3086
108	3104
108	3127
108	3147
108	3152
108	3170
108	3174
108	3176
108	3217
108	3226
108	3237
108	3280
108	3282
108	3313
108	3350
108	3365
108	3366
108	3380
108	3436
108	3455
108	3468
108	3474
108	3475
108	3515
108	3519
108	3548
108	3554
108	3577
108	3598
108	3599
108	3609
108	3614
108	3616
108	3624
108	3653
108	3668
108	3672
108	3677
108	3709
108	3728
108	3737
108	3773
108	3793
108	3800
108	3823
108	3850
108	3854
108	3877
108	3901
108	3905
108	3945
108	3949
108	3968
108	3973
108	4000
108	4001
108	4007
108	4012
108	4014
108	4020
108	4029
108	4032
108	4047
108	4056
108	4066
108	4068
108	4108
108	4114
108	4116
108	4138
108	4165
108	4176
108	4200
108	4260
108	4277
108	4282
108	4283
108	4292
108	4299
108	4316
108	4347
108	4366
108	4384
108	4396
108	4404
108	4405
108	4412
108	4432
108	4435
108	4451
108	4459
108	4463
108	4484
108	4498
108	4503
108	4521
108	4566
108	4577
108	4604
108	4610
108	4629
108	4648
108	4649
108	4655
108	4695
108	4697
108	4710
108	4725
108	4751
108	4753
108	4759
108	4767
108	4789
108	4805
108	4815
108	4821
108	4864
108	4867
108	4888
108	4892
108	4897
108	4904
108	4909
108	4936
108	4944
108	4961
108	4971
108	4973
108	4976
108	4980
108	5004
108	5005
108	5045
108	5066
108	5074
108	5075
108	5079
108	5097
108	5121
108	5127
108	5130
108	5131
108	5135
108	5155
108	5159
108	5167
108	5184
108	5204
108	5221
108	5256
108	5258
108	5273
108	5320
108	5328
108	5330
108	5367
108	5378
108	5401
108	5411
108	5415
108	5423
108	5424
108	5431
108	5453
108	5462
108	5541
108	5543
108	5570
108	5606
108	5608
108	5645
108	5652
108	5667
108	5695
108	5700
108	5708
108	5720
108	5830
108	5851
108	5853
108	5862
108	5875
108	5898
108	5939
108	5955
108	5971
108	5974
108	5980
108	5998
108	6003
108	6011
108	6015
108	6030
108	6035
108	6049
108	6067
108	6068
108	6080
108	6088
108	6093
108	6122
108	6125
108	6132
108	6147
108	6167
108	6171
108	6190
108	6204
108	6215
108	6227
108	6234
108	6239
108	6264
108	6267
108	6279
108	6284
108	6293
108	6314
108	6334
108	6385
108	6387
108	6404
108	6418
108	6442
108	6457
108	6467
108	6518
108	6530
108	6534
108	6537
108	6554
108	6555
108	6570
108	6572
108	6592
108	6615
108	6621
108	6623
108	6630
108	6641
108	6684
108	6823
108	6830
108	6850
108	6853
108	6908
108	6923
108	6926
108	6936
108	6945
108	6962
108	6973
108	6981
108	7009
108	7036
108	7051
108	7055
108	7068
108	7108
108	7113
108	7144
108	7161
108	7168
108	7183
108	7215
108	7250
108	7267
108	7291
108	7297
108	7326
108	7333
108	7370
108	7387
108	7411
108	7429
108	7435
108	7472
108	7478
108	7531
108	7568
108	7595
108	7624
108	7626
108	7638
108	7695
108	7700
108	7713
108	7715
108	7717
108	7781
108	7796
108	7831
108	7874
108	7901
108	7909
108	7956
108	7959
108	7975
108	7988
108	8016
108	8044
108	8049
108	8050
108	8056
108	8066
108	8081
108	8102
108	8105
108	8123
108	8126
108	8133
108	8138
108	8165
108	8191
108	8213
108	8221
108	8268
108	8325
108	8361
108	8363
108	8399
108	8400
108	8402
108	8406
108	8416
108	8439
108	8512
108	8522
108	8566
108	8629
108	8638
108	8648
108	8685
108	8693
108	8729
108	8744
108	8784
108	8796
108	8814
108	8842
108	8846
108	8859
108	8900
108	8923
108	8933
108	8946
108	8948
108	8969
108	8976
108	8991
108	9000
108	9060
108	9108
108	9125
108	9133
108	9145
108	9153
108	9192
108	9224
108	9255
108	9266
108	9280
108	9281
108	9365
108	9374
108	9409
108	9416
108	9422
108	9423
108	9464
108	9480
108	9493
108	9514
108	9536
108	9567
108	9571
108	9640
108	9642
108	9666
108	9675
108	9719
108	9739
108	9757
108	9773
108	9792
108	9794
108	9815
108	9856
108	9862
108	9863
108	9872
108	9909
108	9925
108	9952
108	9962
108	9971
108	9979
108	9998
109	13
109	16
109	20
109	23
109	30
109	33
109	37
109	56
109	58
109	60
109	61
109	64
109	68
109	77
109	86
109	98
109	113
109	123
109	133
109	135
109	142
109	144
109	153
109	154
109	156
109	159
109	162
109	176
109	177
109	200
109	211
109	228
109	239
109	240
109	248
109	249
109	258
109	263
109	268
109	272
109	273
109	274
109	276
109	291
109	294
109	297
109	308
109	309
109	321
109	325
109	326
109	352
109	358
109	361
109	364
109	373
109	379
109	391
109	396
109	402
109	403
109	406
109	407
109	415
109	417
109	430
109	436
109	447
109	455
109	463
109	475
109	479
109	498
109	499
109	504
109	505
109	514
109	518
109	526
109	536
109	540
109	544
109	557
109	561
109	567
109	573
109	596
109	619
109	625
109	664
109	690
109	700
109	701
109	702
109	715
109	726
109	738
109	749
109	753
109	754
109	759
109	777
109	785
109	787
109	817
109	844
109	860
109	864
109	872
109	873
109	884
109	898
109	902
109	909
109	933
109	954
109	955
109	986
109	988
109	1005
109	1007
109	1036
109	1050
109	1056
109	1065
109	1067
109	1072
109	1086
109	1088
109	1103
109	1113
109	1135
109	1137
109	1143
109	1167
109	1174
109	1189
109	1204
109	1205
109	1210
109	1221
109	1228
109	1233
109	1240
109	1241
109	1243
109	1255
109	1259
109	1261
109	1269
109	1271
109	1273
109	1284
109	1286
109	1319
109	1324
109	1343
109	1346
109	1358
109	1359
109	1363
109	1364
109	1366
109	1373
109	1377
109	1409
109	1430
109	1433
109	1438
109	1445
109	1447
109	1448
109	1457
109	1459
109	1478
109	1479
109	1494
109	1523
109	1530
109	1535
109	1540
109	1547
109	1556
109	1560
109	1576
109	1593
109	1596
109	1597
109	1605
109	1636
109	1637
109	1639
109	1654
109	1655
109	1671
109	1679
109	1680
109	1695
109	1702
109	1715
109	1716
109	1740
109	1750
109	1758
109	1761
109	1763
109	1770
109	1777
109	1782
109	1796
109	1798
109	1806
109	1818
109	1824
109	1829
109	1834
109	1843
109	1867
109	1873
109	1883
109	1885
109	1906
109	1913
109	1916
109	1936
109	1954
109	1968
109	1970
109	1973
109	1990
109	1991
109	1993
109	1994
109	1995
109	1998
109	1999
109	2004
109	2005
109	2011
109	2012
109	2040
109	2061
109	2081
109	2086
109	2088
109	2095
109	2105
109	2111
109	2123
109	2133
109	2156
109	2168
109	2171
109	2172
109	2176
109	2183
109	2186
109	2230
109	2245
109	2249
109	2251
109	2255
109	2261
109	2275
109	2276
109	2281
109	2295
109	2305
109	2325
109	2330
109	2331
109	2347
109	2356
109	2360
109	2361
109	2363
109	2399
109	2401
109	2410
109	2416
109	2431
109	2438
109	2447
109	2455
109	2459
109	2471
109	2482
109	2492
109	2494
109	2505
109	2510
109	2512
109	2514
109	2515
109	2522
109	2523
109	2525
109	2529
109	2530
109	2556
109	2560
109	2566
109	2571
109	2574
109	2586
109	2599
109	2602
109	2607
109	2635
109	2642
109	2654
109	2656
109	2670
109	2688
109	2694
109	2695
109	2699
109	2706
109	2726
109	2729
109	2753
109	2759
109	2768
109	2772
109	2774
109	2775
109	2779
109	2784
109	2785
109	2806
109	2810
109	2813
109	2814
109	2818
109	2820
109	2821
109	2822
109	2836
109	2845
109	2848
109	2851
109	2865
109	2867
109	2870
109	2877
109	2884
109	2886
109	2888
109	2894
109	2898
109	2900
109	2911
109	2920
109	2927
109	2928
109	2939
109	2940
109	2941
109	2942
109	2959
109	2968
109	2977
109	2999
109	3004
109	3014
109	3020
109	3022
109	3027
109	3028
109	3036
109	3038
109	3044
109	3052
109	3062
109	3068
109	3110
109	3140
109	3154
109	3179
109	3196
109	3198
109	3213
109	3216
109	3218
109	3230
109	3241
109	3256
109	3261
109	3289
109	3344
109	3345
109	3351
109	3352
109	3363
109	3372
109	3379
109	3382
109	3386
109	3419
109	3431
109	3440
109	3441
109	3447
109	3452
109	3457
109	3459
109	3481
109	3483
109	3493
109	3502
109	3511
109	3529
109	3530
109	3532
109	3533
109	3536
109	3540
109	3544
109	3547
109	3555
109	3567
109	3575
109	3583
109	3593
109	3602
109	3618
109	3621
109	3631
109	3638
109	3645
109	3655
109	3656
109	3673
109	3678
109	3681
109	3690
109	3695
109	3696
109	3697
109	3700
109	3706
109	3710
109	3725
109	3741
109	3751
109	3754
109	3762
109	3766
109	3774
109	3775
109	3780
109	3790
109	3807
109	3812
109	3826
109	3836
109	3838
109	3849
109	3857
109	3862
109	3873
109	3876
109	3883
109	3922
109	3925
109	3932
109	3935
109	3943
109	3946
109	3964
109	3967
109	3978
109	3990
109	3993
109	4024
109	4026
109	4028
109	4039
109	4040
109	4054
109	4060
109	4071
109	4080
109	4098
109	4102
109	4133
109	4137
109	4148
109	4149
109	4177
109	4190
109	4193
109	4203
109	4204
109	4210
109	4211
109	4214
109	4236
109	4242
109	4246
109	4255
109	4261
109	4272
109	4273
109	4275
109	4280
109	4286
109	4298
109	4304
109	4306
109	4314
109	4319
109	4323
109	4324
109	4334
109	4335
109	4351
109	4354
109	4370
109	4373
109	4386
109	4388
109	4393
109	4413
109	4418
109	4442
109	4452
109	4457
109	4461
109	4478
109	4489
109	4493
109	4500
109	4519
109	4526
109	4536
109	4543
109	4555
109	4586
109	4591
109	4614
109	4625
109	4653
109	4654
109	4657
109	4659
109	4674
109	4676
109	4677
109	4699
109	4713
109	4724
109	4726
109	4728
109	4729
109	4762
109	4764
109	4778
109	4786
109	4791
109	4794
109	4820
109	4838
109	4840
109	4850
109	4860
109	4866
109	4869
109	4898
109	4913
109	4914
109	4921
109	4922
109	4923
109	4929
109	4930
109	4931
109	4935
109	4939
109	4949
109	4964
109	4969
109	4996
109	4999
109	5027
109	5028
109	5029
109	5031
109	5033
109	5040
109	5044
109	5071
109	5091
109	5092
109	5112
109	5120
109	5128
109	5129
109	5173
109	5176
109	5179
109	5181
109	5191
109	5200
109	5202
109	5208
109	5216
109	5226
109	5228
109	5233
109	5253
109	5259
109	5281
109	5283
109	5291
109	5298
109	5314
109	5318
109	5323
109	5339
109	5345
109	5346
109	5347
109	5357
109	5360
109	5381
109	5400
109	5406
109	5412
109	5413
109	5416
109	5420
109	5435
109	5445
109	5474
109	5488
109	5494
109	5505
109	5522
109	5527
109	5531
109	5551
109	5565
109	5569
109	5587
109	5591
109	5592
109	5593
109	5596
109	5597
109	5600
109	5603
109	5644
109	5689
109	5716
109	5730
109	5731
109	5737
109	5757
109	5785
109	5789
109	5792
109	5795
109	5806
109	5808
109	5822
109	5824
109	5825
109	5826
109	5831
109	5844
109	5847
109	5858
109	5864
109	5870
109	5871
109	5880
109	5911
109	5919
109	5922
109	5925
109	5929
109	5938
109	5940
109	5949
109	5960
109	5975
109	5977
109	5978
109	5983
109	5986
109	6016
109	6050
109	6054
109	6063
109	6065
109	6076
109	6079
109	6085
109	6087
109	6095
109	6101
109	6102
109	6104
109	6118
109	6123
109	6124
109	6127
109	6134
109	6137
109	6142
109	6149
109	6151
109	6158
109	6163
109	6170
109	6174
109	6176
109	6189
109	6200
109	6202
109	6209
109	6211
109	6218
109	6224
109	6229
109	6247
109	6251
109	6254
109	6255
109	6259
109	6299
109	6302
109	6316
109	6317
109	6350
109	6356
109	6360
109	6381
109	6384
109	6393
109	6396
109	6398
109	6411
109	6430
109	6436
109	6456
109	6477
109	6485
109	6492
109	6497
109	6498
109	6500
109	6501
109	6516
109	6522
109	6553
109	6569
109	6597
109	6602
109	6614
109	6617
109	6618
109	6627
109	6640
109	6646
109	6652
109	6656
109	6664
109	6669
109	6679
109	6681
109	6691
109	6695
109	6698
109	6701
109	6703
109	6706
109	6707
109	6708
109	6717
109	6720
109	6732
109	6768
109	6781
109	6786
109	6791
109	6798
109	6800
109	6805
109	6808
109	6809
109	6829
109	6832
109	6845
109	6854
109	6860
109	6872
109	6877
109	6881
109	6883
109	6898
109	6899
109	6903
109	6905
109	6913
109	6915
109	6916
109	6921
109	6932
109	6933
109	6952
109	6967
109	6997
109	7018
109	7053
109	7056
109	7057
109	7085
109	7118
109	7128
109	7150
109	7158
109	7165
109	7177
109	7207
109	7219
109	7228
109	7232
109	7260
109	7265
109	7278
109	7298
109	7302
109	7304
109	7311
109	7328
109	7334
109	7335
109	7336
109	7342
109	7345
109	7353
109	7357
109	7359
109	7360
109	7363
109	7365
109	7367
109	7383
109	7384
109	7393
109	7415
109	7421
109	7458
109	7461
109	7466
109	7484
109	7506
109	7514
109	7515
109	7516
109	7518
109	7519
109	7525
109	7529
109	7543
109	7562
109	7563
109	7569
109	7576
109	7583
109	7587
109	7596
109	7599
109	7607
109	7616
109	7633
109	7635
109	7643
109	7646
109	7649
109	7661
109	7664
109	7666
109	7672
109	7681
109	7692
109	7702
109	7704
109	7705
109	7725
109	7740
109	7749
109	7758
109	7763
109	7764
109	7788
109	7805
109	7825
109	7828
109	7838
109	7840
109	7841
109	7844
109	7856
109	7877
109	7881
109	7887
109	7888
109	7900
109	7902
109	7907
109	7908
109	7911
109	7917
109	7925
109	7937
109	7948
109	7955
109	7965
109	7966
109	7972
109	7983
109	7991
109	8015
109	8019
109	8028
109	8038
109	8059
109	8070
109	8071
109	8072
109	8076
109	8078
109	8113
109	8140
109	8155
109	8156
109	8157
109	8162
109	8170
109	8173
109	8181
109	8210
109	8222
109	8241
109	8243
109	8258
109	8269
109	8282
109	8301
109	8302
109	8329
109	8332
109	8356
109	8365
109	8368
109	8372
109	8375
109	8378
109	8379
109	8380
109	8389
109	8396
109	8408
109	8420
109	8441
109	8446
109	8452
109	8456
109	8458
109	8459
109	8463
109	8472
109	8477
109	8481
109	8488
109	8503
109	8516
109	8521
109	8524
109	8526
109	8535
109	8540
109	8547
109	8548
109	8551
109	8552
109	8554
109	8555
109	8560
109	8569
109	8589
109	8592
109	8601
109	8602
109	8603
109	8608
109	8609
109	8618
109	8635
109	8665
109	8668
109	8672
109	8674
109	8676
109	8686
109	8715
109	8717
109	8719
109	8733
109	8740
109	8742
109	8746
109	8758
109	8763
109	8766
109	8774
109	8790
109	8793
109	8797
109	8799
109	8808
109	8809
109	8816
109	8827
109	8844
109	8855
109	8862
109	8878
109	8887
109	8908
109	8915
109	8921
109	8934
109	8939
109	8941
109	8950
109	8956
109	8958
109	8964
109	8974
109	9001
109	9013
109	9016
109	9017
109	9037
109	9047
109	9053
109	9055
109	9056
109	9069
109	9088
109	9089
109	9098
109	9101
109	9104
109	9126
109	9130
109	9132
109	9142
109	9148
109	9150
109	9157
109	9163
109	9166
109	9173
109	9178
109	9182
109	9188
109	9199
109	9206
109	9208
109	9217
109	9241
109	9249
109	9254
109	9264
109	9267
109	9268
109	9285
109	9311
109	9329
109	9332
109	9338
109	9340
109	9343
109	9356
109	9360
109	9362
109	9367
109	9381
109	9382
109	9388
109	9392
109	9400
109	9413
109	9418
109	9419
109	9424
109	9442
109	9446
109	9452
109	9468
109	9469
109	9474
109	9483
109	9484
109	9485
109	9487
109	9502
109	9518
109	9525
109	9527
109	9534
109	9552
109	9563
109	9564
109	9587
109	9606
109	9617
109	9639
109	9644
109	9651
109	9665
109	9669
109	9679
109	9683
109	9689
109	9693
109	9696
109	9708
109	9715
109	9723
109	9767
109	9786
109	9789
109	9790
109	9793
109	9798
109	9811
109	9814
109	9837
109	9850
109	9864
109	9868
109	9875
109	9885
109	9898
109	9900
109	9904
109	9916
109	9920
109	9932
109	9948
109	9980
110	5
110	9
110	10
110	21
110	26
110	28
110	42
110	47
110	50
110	52
110	57
110	59
110	75
110	79
110	81
110	85
110	92
110	101
110	102
110	111
110	118
110	122
110	129
110	131
110	136
110	140
110	146
110	158
110	161
110	163
110	164
110	180
110	188
110	189
110	190
110	192
110	203
110	207
110	213
110	215
110	216
110	218
110	219
110	223
110	227
110	231
110	244
110	252
110	255
110	259
110	280
110	283
110	284
110	290
110	296
110	301
110	316
110	336
110	337
110	338
110	351
110	353
110	355
110	362
110	370
110	380
110	382
110	385
110	392
110	398
110	399
110	405
110	411
110	422
110	425
110	431
110	434
110	441
110	442
110	443
110	459
110	462
110	471
110	474
110	480
110	482
110	486
110	488
110	490
110	508
110	509
110	510
110	511
110	516
110	520
110	524
110	525
110	531
110	543
110	558
110	564
110	568
110	569
110	570
110	574
110	577
110	579
110	593
110	595
110	601
110	602
110	604
110	606
110	607
110	609
110	615
110	616
110	617
110	620
110	627
110	628
110	631
110	633
110	638
110	640
110	646
110	647
110	649
110	652
110	653
110	661
110	663
110	668
110	670
110	671
110	672
110	673
110	675
110	677
110	678
110	681
110	684
110	685
110	692
110	693
110	695
110	697
110	706
110	709
110	710
110	711
110	723
110	731
110	735
110	741
110	748
110	760
110	768
110	771
110	772
110	775
110	778
110	781
110	786
110	789
110	791
110	798
110	812
110	816
110	820
110	822
110	829
110	830
110	831
110	833
110	837
110	840
110	848
110	861
110	865
110	877
110	878
110	883
110	893
110	895
110	897
110	900
110	907
110	913
110	921
110	925
110	926
110	929
110	937
110	940
110	942
110	943
110	953
110	962
110	974
110	979
110	980
110	981
110	991
110	993
110	996
110	997
110	999
110	1001
110	1016
110	1018
110	1021
110	1024
110	1034
110	1035
110	1043
110	1048
110	1061
110	1064
110	1069
110	1071
110	1073
110	1076
110	1078
110	1085
110	1087
110	1097
110	1108
110	1115
110	1117
110	1118
110	1121
110	1122
110	1128
110	1130
110	1133
110	1146
110	1149
110	1150
110	1155
110	1158
110	1163
110	1164
110	1171
110	1176
110	1184
110	1187
110	1188
110	1194
110	1195
110	1197
110	1199
110	1203
110	1209
110	1213
110	1214
110	1225
110	1226
110	1230
110	1231
110	1242
110	1244
110	1245
110	1249
110	1250
110	1254
110	1256
110	1257
110	1285
110	1290
110	1301
110	1305
110	1307
110	1316
110	1320
110	1323
110	1328
110	1331
110	1335
110	1340
110	1348
110	1350
110	1360
110	1375
110	1381
110	1384
110	1385
110	1399
110	1404
110	1408
110	1412
110	1421
110	1428
110	1434
110	1439
110	1449
110	1462
110	1468
110	1471
110	1474
110	1483
110	1489
110	1490
110	1491
110	1500
110	1501
110	1502
110	1505
110	1512
110	1533
110	1534
110	1543
110	1544
110	1545
110	1554
110	1558
110	1559
110	1566
110	1567
110	1569
110	1573
110	1575
110	1577
110	1579
110	1581
110	1582
110	1583
110	1587
110	1589
110	1592
110	1598
110	1614
110	1617
110	1620
110	1622
110	1628
110	1635
110	1641
110	1642
110	1647
110	1652
110	1660
110	1675
110	1684
110	1701
110	1703
110	1705
110	1707
110	1709
110	1711
110	1727
110	1734
110	1735
110	1736
110	1749
110	1759
110	1762
110	1765
110	1771
110	1775
110	1776
110	1784
110	1790
110	1794
110	1812
110	1814
110	1826
110	1827
110	1837
110	1841
110	1854
110	1856
110	1870
110	1888
110	1898
110	1905
110	1908
110	1919
110	1928
110	1930
110	1937
110	1940
110	1942
110	1948
110	1952
110	1955
110	1958
110	1969
110	1976
110	1989
110	1997
110	2000
110	2008
110	2009
110	2016
110	2017
110	2028
110	2035
110	2043
110	2046
110	2059
110	2062
110	2063
110	2067
110	2069
110	2074
110	2075
110	2079
110	2083
110	2084
110	2090
110	2091
110	2097
110	2101
110	2108
110	2114
110	2119
110	2120
110	2124
110	2131
110	2152
110	2154
110	2155
110	2159
110	2170
110	2173
110	2182
110	2185
110	2187
110	2194
110	2206
110	2214
110	2216
110	2226
110	2227
110	2229
110	2235
110	2236
110	2239
110	2254
110	2271
110	2277
110	2279
110	2299
110	2301
110	2302
110	2308
110	2312
110	2314
110	2315
110	2317
110	2318
110	2319
110	2321
110	2326
110	2328
110	2329
110	2340
110	2352
110	2355
110	2364
110	2372
110	2374
110	2375
110	2376
110	2382
110	2387
110	2388
110	2395
110	2402
110	2414
110	2418
110	2423
110	2428
110	2437
110	2441
110	2443
110	2445
110	2450
110	2457
110	2467
110	2470
110	2488
110	2489
110	2491
110	2493
110	2497
110	2499
110	2500
110	2506
110	2507
110	2519
110	2526
110	2541
110	2543
110	2548
110	2553
110	2555
110	2564
110	2568
110	2570
110	2578
110	2591
110	2592
110	2593
110	2594
110	2597
110	2598
110	2608
110	2610
110	2611
110	2632
110	2633
110	2636
110	2637
110	2649
110	2651
110	2652
110	2661
110	2671
110	2674
110	2682
110	2693
110	2696
110	2698
110	2700
110	2704
110	2707
110	2708
110	2718
110	2723
110	2728
110	2732
110	2735
110	2739
110	2742
110	2745
110	2746
110	2747
110	2755
110	2762
110	2773
110	2776
110	2780
110	2790
110	2794
110	2826
110	2830
110	2832
110	2844
110	2850
110	2858
110	2863
110	2871
110	2874
110	2887
110	2890
110	2897
110	2903
110	2936
110	2949
110	2952
110	2956
110	2957
110	2958
110	2961
110	2962
110	2978
110	2986
110	2994
110	2997
110	3000
110	3002
110	3005
110	3007
110	3009
110	3026
110	3039
110	3060
110	3065
110	3066
110	3069
110	3072
110	3074
110	3080
110	3090
110	3097
110	3099
110	3105
110	3114
110	3115
110	3116
110	3118
110	3126
110	3128
110	3131
110	3135
110	3136
110	3138
110	3142
110	3149
110	3161
110	3162
110	3166
110	3183
110	3185
110	3186
110	3189
110	3194
110	3201
110	3202
110	3214
110	3215
110	3221
110	3225
110	3232
110	3234
110	3235
110	3255
110	3259
110	3264
110	3268
110	3271
110	3274
110	3281
110	3283
110	3285
110	3286
110	3296
110	3302
110	3307
110	3309
110	3310
110	3311
110	3314
110	3316
110	3318
110	3326
110	3328
110	3333
110	3334
110	3336
110	3338
110	3339
110	3341
110	3343
110	3346
110	3347
110	3349
110	3353
110	3354
110	3360
110	3367
110	3369
110	3371
110	3375
110	3376
110	3377
110	3381
110	3391
110	3392
110	3395
110	3401
110	3402
110	3406
110	3407
110	3410
110	3417
110	3420
110	3429
110	3430
110	3434
110	3439
110	3442
110	3443
110	3461
110	3469
110	3470
110	3479
110	3482
110	3492
110	3509
110	3525
110	3527
110	3528
110	3535
110	3542
110	3545
110	3546
110	3550
110	3561
110	3566
110	3568
110	3570
110	3579
110	3580
110	3586
110	3589
110	3596
110	3597
110	3604
110	3606
110	3608
110	3628
110	3639
110	3647
110	3650
110	3659
110	3660
110	3671
110	3676
110	3680
110	3688
110	3692
110	3693
110	3701
110	3713
110	3715
110	3716
110	3717
110	3719
110	3732
110	3735
110	3748
110	3749
110	3750
110	3752
110	3758
110	3760
110	3764
110	3771
110	3778
110	3784
110	3786
110	3789
110	3797
110	3808
110	3817
110	3822
110	3828
110	3831
110	3839
110	3842
110	3844
110	3848
110	3858
110	3861
110	3868
110	3890
110	3893
110	3903
110	3906
110	3907
110	3908
110	3918
110	3920
110	3923
110	3928
110	3951
110	3953
110	3954
110	3958
110	3960
110	3971
110	3974
110	3979
110	3980
110	3981
110	3983
110	3987
110	3988
110	4013
110	4022
110	4023
110	4025
110	4034
110	4035
110	4045
110	4048
110	4055
110	4064
110	4065
110	4069
110	4070
110	4072
110	4081
110	4082
110	4088
110	4092
110	4093
110	4096
110	4100
110	4118
110	4122
110	4139
110	4144
110	4145
110	4146
110	4154
110	4157
110	4158
110	4164
110	4167
110	4171
110	4179
110	4180
110	4182
110	4186
110	4187
110	4191
110	4192
110	4213
110	4215
110	4220
110	4232
110	4233
110	4235
110	4240
110	4245
110	4247
110	4249
110	4250
110	4254
110	4266
110	4267
110	4281
110	4288
110	4290
110	4296
110	4307
110	4309
110	4310
110	4317
110	4322
110	4325
110	4330
110	4331
110	4333
110	4336
110	4338
110	4339
110	4342
110	4353
110	4362
110	4365
110	4378
110	4381
110	4389
110	4394
110	4397
110	4400
110	4416
110	4417
110	4420
110	4423
110	4425
110	4426
110	4427
110	4431
110	4440
110	4444
110	4456
110	4467
110	4475
110	4486
110	4495
110	4496
110	4516
110	4520
110	4522
110	4525
110	4532
110	4537
110	4546
110	4547
110	4565
110	4567
110	4571
110	4572
110	4574
110	4581
110	4585
110	4603
110	4605
110	4606
110	4616
110	4619
110	4624
110	4626
110	4636
110	4637
110	4641
110	4646
110	4650
110	4651
110	4661
110	4662
110	4663
110	4667
110	4673
110	4689
110	4690
110	4693
110	4698
110	4701
110	4709
110	4716
110	4718
110	4720
110	4730
110	4731
110	4747
110	4754
110	4769
110	4770
110	4776
110	4777
110	4781
110	4788
110	4802
110	4803
110	4804
110	4808
110	4809
110	4812
110	4823
110	4825
110	4837
110	4839
110	4841
110	4843
110	4844
110	4847
110	4855
110	4858
110	4859
110	4861
110	4865
110	4870
110	4871
110	4872
110	4874
110	4877
110	4879
110	4885
110	4886
110	4894
110	4896
110	4907
110	4927
110	4928
110	4946
110	4951
110	4955
110	4956
110	4958
110	4966
110	4968
110	4982
110	4987
110	4988
110	5006
110	5007
110	5009
110	5010
110	5014
110	5024
110	5030
110	5047
110	5050
110	5051
110	5067
110	5069
110	5076
110	5082
110	5094
110	5105
110	5107
110	5108
110	5119
110	5123
110	5124
110	5125
110	5132
110	5133
110	5141
110	5147
110	5149
110	5157
110	5166
110	5169
110	5170
110	5171
110	5180
110	5186
110	5193
110	5199
110	5209
110	5217
110	5220
110	5225
110	5227
110	5235
110	5237
110	5238
110	5241
110	5245
110	5248
110	5261
110	5270
110	5271
110	5276
110	5278
110	5280
110	5285
110	5299
110	5300
110	5302
110	5306
110	5310
110	5312
110	5319
110	5321
110	5326
110	5331
110	5337
110	5338
110	5342
110	5354
110	5366
110	5380
110	5382
110	5385
110	5389
110	5392
110	5397
110	5398
110	5404
110	5405
110	5410
110	5414
110	5418
110	5425
110	5436
110	5437
110	5439
110	5442
110	5449
110	5457
110	5459
110	5465
110	5468
110	5476
110	5481
110	5482
110	5490
110	5499
110	5503
110	5508
110	5511
110	5518
110	5526
110	5533
110	5544
110	5552
110	5556
110	5559
110	5560
110	5562
110	5564
110	5571
110	5577
110	5578
110	5581
110	5584
110	5589
110	5610
110	5615
110	5616
110	5622
110	5628
110	5631
110	5633
110	5634
110	5636
110	5639
110	5641
110	5647
110	5649
110	5651
110	5655
110	5662
110	5664
110	5670
110	5677
110	5679
110	5692
110	5698
110	5699
110	5703
110	5712
110	5721
110	5724
110	5726
110	5741
110	5746
110	5750
110	5754
110	5756
110	5770
110	5771
110	5776
110	5777
110	5793
110	5796
110	5801
110	5804
110	5819
110	5821
110	5832
110	5833
110	5838
110	5840
110	5852
110	5857
110	5872
110	5873
110	5882
110	5884
110	5887
110	5896
110	5899
110	5913
110	5914
110	5915
110	5916
110	5921
110	5926
110	5927
110	5935
110	5941
110	5943
110	5951
110	5953
110	5957
110	5964
110	5976
110	5979
110	5982
110	5987
110	5988
110	5991
110	5992
110	6004
110	6006
110	6012
110	6014
110	6021
110	6024
110	6025
110	6026
110	6032
110	6048
110	6052
110	6053
110	6055
110	6056
110	6070
110	6071
110	6072
110	6075
110	6077
110	6078
110	6083
110	6089
110	6094
110	6096
110	6097
110	6098
110	6113
110	6131
110	6150
110	6156
110	6161
110	6164
110	6166
110	6182
110	6184
110	6191
110	6197
110	6203
110	6208
110	6212
110	6222
110	6226
110	6232
110	6233
110	6237
110	6242
110	6245
110	6248
110	6250
110	6253
110	6258
110	6261
110	6265
110	6268
110	6282
110	6286
110	6287
110	6288
110	6289
110	6290
110	6313
110	6319
110	6326
110	6333
110	6336
110	6337
110	6338
110	6341
110	6342
110	6348
110	6349
110	6351
110	6352
110	6353
110	6355
110	6362
110	6371
110	6374
110	6380
110	6382
110	6386
110	6394
110	6399
110	6401
110	6406
110	6408
110	6412
110	6414
110	6420
110	6429
110	6434
110	6449
110	6462
110	6469
110	6472
110	6473
110	6476
110	6487
110	6490
110	6493
110	6494
110	6510
110	6513
110	6514
110	6517
110	6525
110	6533
110	6539
110	6542
110	6543
110	6544
110	6550
110	6565
110	6573
110	6574
110	6578
110	6579
110	6590
110	6593
110	6598
110	6599
110	6600
110	6603
110	6606
110	6608
110	6611
110	6616
110	6628
110	6632
110	6636
110	6637
110	6644
110	6647
110	6648
110	6650
110	6658
110	6662
110	6677
110	6689
110	6699
110	6700
110	6709
110	6710
110	6713
110	6726
110	6737
110	6741
110	6746
110	6749
110	6750
110	6754
110	6757
110	6758
110	6763
110	6764
110	6769
110	6779
110	6782
110	6785
110	6788
110	6793
110	6801
110	6803
110	6810
110	6811
110	6817
110	6822
110	6825
110	6831
110	6844
110	6847
110	6859
110	6861
110	6864
110	6866
110	6873
110	6875
110	6876
110	6878
110	6891
110	6893
110	6894
110	6897
110	6909
110	6911
110	6928
110	6930
110	6940
110	6943
110	6947
110	6949
110	6950
110	6963
110	6965
110	6968
110	6976
110	6977
110	6979
110	6980
110	6982
110	6987
110	6992
110	6994
110	6996
110	7010
110	7011
110	7013
110	7014
110	7026
110	7031
110	7038
110	7047
110	7059
110	7060
110	7066
110	7067
110	7071
110	7076
110	7079
110	7081
110	7083
110	7087
110	7098
110	7103
110	7110
110	7111
110	7123
110	7124
110	7131
110	7132
110	7133
110	7136
110	7140
110	7147
110	7148
110	7152
110	7154
110	7155
110	7169
110	7185
110	7187
110	7205
110	7211
110	7217
110	7221
110	7222
110	7227
110	7230
110	7234
110	7235
110	7236
110	7237
110	7247
110	7248
110	7258
110	7259
110	7263
110	7264
110	7272
110	7277
110	7285
110	7289
110	7296
110	7305
110	7306
110	7308
110	7314
110	7321
110	7323
110	7327
110	7329
110	7332
110	7341
110	7348
110	7351
110	7352
110	7354
110	7361
110	7364
110	7372
110	7380
110	7386
110	7389
110	7390
110	7391
110	7395
110	7400
110	7406
110	7408
110	7414
110	7417
110	7422
110	7423
110	7428
110	7436
110	7440
110	7441
110	7444
110	7445
110	7448
110	7451
110	7454
110	7464
110	7467
110	7468
110	7473
110	7479
110	7480
110	7481
110	7489
110	7495
110	7496
110	7497
110	7500
110	7502
110	7507
110	7508
110	7513
110	7517
110	7522
110	7523
110	7524
110	7538
110	7539
110	7540
110	7550
110	7555
110	7556
110	7561
110	7573
110	7575
110	7579
110	7591
110	7602
110	7604
110	7606
110	7612
110	7617
110	7620
110	7629
110	7630
110	7632
110	7644
110	7645
110	7648
110	7654
110	7662
110	7685
110	7690
110	7699
110	7708
110	7711
110	7722
110	7723
110	7729
110	7730
110	7733
110	7738
110	7741
110	7743
110	7745
110	7748
110	7752
110	7760
110	7775
110	7776
110	7778
110	7786
110	7792
110	7794
110	7795
110	7797
110	7800
110	7801
110	7803
110	7806
110	7808
110	7809
110	7812
110	7821
110	7823
110	7829
110	7832
110	7837
110	7852
110	7854
110	7857
110	7863
110	7867
110	7871
110	7878
110	7882
110	7883
110	7886
110	7890
110	7892
110	7896
110	7899
110	7905
110	7906
110	7910
110	7916
110	7923
110	7924
110	7927
110	7933
110	7940
110	7944
110	7949
110	7958
110	7968
110	7969
110	7974
110	7980
110	7986
110	7990
110	7992
110	7993
110	7994
110	7996
110	7997
110	8001
110	8014
110	8018
110	8021
110	8025
110	8029
110	8033
110	8035
110	8040
110	8053
110	8058
110	8060
110	8063
110	8074
110	8079
110	8083
110	8086
110	8087
110	8093
110	8094
110	8095
110	8096
110	8100
110	8104
110	8119
110	8121
110	8124
110	8125
110	8131
110	8134
110	8139
110	8146
110	8148
110	8151
110	8167
110	8174
110	8187
110	8189
110	8190
110	8199
110	8203
110	8214
110	8216
110	8220
110	8228
110	8236
110	8237
110	8244
110	8245
110	8246
110	8251
110	8252
110	8264
110	8275
110	8281
110	8287
110	8293
110	8295
110	8298
110	8300
110	8303
110	8306
110	8308
110	8315
110	8319
110	8327
110	8328
110	8337
110	8345
110	8346
110	8347
110	8351
110	8360
110	8370
110	8374
110	8383
110	8387
110	8388
110	8392
110	8393
110	8394
110	8407
110	8410
110	8418
110	8421
110	8423
110	8430
110	8431
110	8435
110	8443
110	8449
110	8455
110	8464
110	8475
110	8479
110	8489
110	8496
110	8497
110	8505
110	8519
110	8530
110	8539
110	8545
110	8549
110	8550
110	8553
110	8556
110	8562
110	8567
110	8568
110	8570
110	8571
110	8577
110	8578
110	8579
110	8584
110	8593
110	8595
110	8600
110	8606
110	8610
110	8614
110	8620
110	8624
110	8631
110	8634
110	8640
110	8651
110	8667
110	8673
110	8675
110	8682
110	8684
110	8692
110	8694
110	8696
110	8698
110	8706
110	8707
110	8713
110	8714
110	8727
110	8728
110	8730
110	8734
110	8739
110	8745
110	8748
110	8753
110	8755
110	8756
110	8757
110	8762
110	8772
110	8773
110	8776
110	8781
110	8802
110	8803
110	8810
110	8815
110	8828
110	8830
110	8832
110	8839
110	8840
110	8857
110	8867
110	8869
110	8872
110	8876
110	8880
110	8883
110	8884
110	8886
110	8889
110	8890
110	8893
110	8909
110	8911
110	8914
110	8917
110	8929
110	8931
110	8932
110	8935
110	8940
110	8943
110	8947
110	8949
110	8954
110	8965
110	8967
110	8968
110	8973
110	8984
110	8986
110	8993
110	8996
110	8997
110	8998
110	8999
110	9004
110	9006
110	9010
110	9014
110	9027
110	9028
110	9030
110	9040
110	9045
110	9046
110	9048
110	9052
110	9064
110	9066
110	9067
110	9076
110	9079
110	9083
110	9093
110	9100
110	9107
110	9110
110	9112
110	9128
110	9129
110	9137
110	9164
110	9167
110	9168
110	9171
110	9177
110	9179
110	9184
110	9185
110	9190
110	9193
110	9195
110	9209
110	9213
110	9214
110	9216
110	9220
110	9222
110	9223
110	9230
110	9231
110	9235
110	9237
110	9238
110	9240
110	9252
110	9258
110	9261
110	9263
110	9272
110	9282
110	9284
110	9286
110	9289
110	9291
110	9295
110	9301
110	9307
110	9310
110	9312
110	9315
110	9318
110	9320
110	9331
110	9339
110	9344
110	9347
110	9351
110	9352
110	9353
110	9357
110	9359
110	9364
110	9373
110	9375
110	9384
110	9395
110	9411
110	9412
110	9427
110	9428
110	9432
110	9437
110	9450
110	9451
110	9455
110	9459
110	9462
110	9475
110	9494
110	9501
110	9503
110	9509
110	9513
110	9515
110	9517
110	9521
110	9528
110	9535
110	9555
110	9559
110	9572
110	9574
110	9578
110	9584
110	9595
110	9599
110	9600
110	9601
110	9602
110	9622
110	9630
110	9631
110	9632
110	9635
110	9636
110	9643
110	9646
110	9647
110	9653
110	9655
110	9656
110	9658
110	9661
110	9671
110	9680
110	9691
110	9692
110	9697
110	9698
110	9713
110	9718
110	9721
110	9725
110	9728
110	9729
110	9730
110	9733
110	9741
110	9743
110	9744
110	9761
110	9769
110	9771
110	9774
110	9776
110	9780
110	9782
110	9785
110	9787
110	9788
110	9791
110	9796
110	9805
110	9807
110	9829
110	9833
110	9835
110	9848
110	9849
110	9851
110	9852
110	9853
110	9865
110	9880
110	9881
110	9889
110	9890
110	9891
110	9893
110	9899
110	9905
110	9907
110	9910
110	9912
110	9923
110	9928
110	9930
110	9933
110	9937
110	9938
110	9939
110	9943
110	9954
110	9959
110	9960
110	9970
110	9972
110	9976
110	9982
110	9990
110	9992
110	9994
111	0
111	2
111	6
111	7
111	34
111	35
111	36
111	38
111	39
111	40
111	45
111	46
111	54
111	69
111	76
111	80
111	90
111	95
111	96
111	100
111	104
111	105
111	106
111	107
111	108
111	114
111	119
111	121
111	130
111	134
111	138
111	150
111	151
111	157
111	165
111	170
111	172
111	175
111	179
111	184
111	185
111	187
111	193
111	194
111	196
111	199
111	201
111	204
111	205
111	206
111	210
111	212
111	217
111	225
111	229
111	233
111	234
111	238
111	241
111	243
111	245
111	250
111	256
111	260
111	262
111	266
111	271
111	278
111	282
111	285
111	286
111	288
111	293
111	295
111	304
111	312
111	319
111	327
111	329
111	333
111	339
111	340
111	342
111	345
111	354
111	356
111	359
111	360
111	366
111	367
111	369
111	372
111	374
111	378
111	381
111	383
111	388
111	390
111	393
111	404
111	410
111	413
111	416
111	419
111	420
111	423
111	433
111	451
111	453
111	456
111	460
111	468
111	470
111	472
111	473
111	484
111	485
111	487
111	489
111	493
111	497
111	506
111	507
111	512
111	517
111	519
111	522
111	523
111	530
111	534
111	535
111	537
111	538
111	541
111	546
111	555
111	559
111	572
111	575
111	576
111	587
111	605
111	608
111	621
111	622
111	626
111	635
111	636
111	641
111	650
111	651
111	658
111	660
111	679
111	682
111	698
111	703
111	708
111	712
111	714
111	717
111	719
111	720
111	722
111	729
111	743
111	744
111	746
111	755
111	756
111	757
111	761
111	762
111	764
111	770
111	776
111	780
111	790
111	792
111	793
111	795
111	796
111	799
111	800
111	801
111	804
111	805
111	806
111	810
111	811
111	818
111	825
111	827
111	832
111	849
111	853
111	863
111	867
111	879
111	880
111	886
111	888
111	899
111	911
111	912
111	916
111	917
111	922
111	924
111	931
111	934
111	945
111	947
111	956
111	957
111	958
111	959
111	960
111	963
111	967
111	968
111	969
111	973
111	976
111	977
111	983
111	987
111	989
111	990
111	994
111	998
111	1002
111	1022
111	1026
111	1027
111	1030
111	1037
111	1053
111	1055
111	1057
111	1063
111	1066
111	1075
111	1081
111	1094
111	1095
111	1098
111	1102
111	1104
111	1105
111	1107
111	1112
111	1116
111	1119
111	1120
111	1123
111	1127
111	1134
111	1139
111	1141
111	1142
111	1156
111	1157
111	1159
111	1161
111	1162
111	1166
111	1172
111	1175
111	1178
111	1179
111	1180
111	1182
111	1192
111	1201
111	1208
111	1216
111	1217
111	1224
111	1247
111	1260
111	1262
111	1266
111	1274
111	1277
111	1279
111	1282
111	1289
111	1294
111	1295
111	1298
111	1302
111	1304
111	1306
111	1308
111	1309
111	1310
111	1311
111	1312
111	1314
111	1322
111	1326
111	1327
111	1329
111	1334
111	1337
111	1342
111	1347
111	1356
111	1367
111	1371
111	1380
111	1383
111	1389
111	1390
111	1392
111	1395
111	1398
111	1405
111	1413
111	1416
111	1429
111	1440
111	1441
111	1452
111	1453
111	1460
111	1464
111	1466
111	1467
111	1469
111	1470
111	1473
111	1485
111	1487
111	1492
111	1495
111	1499
111	1508
111	1513
111	1518
111	1519
111	1527
111	1528
111	1538
111	1552
111	1553
111	1557
111	1563
111	1568
111	1570
111	1571
111	1572
111	1578
111	1580
111	1586
111	1591
111	1607
111	1610
111	1618
111	1623
111	1624
111	1629
111	1631
111	1633
111	1634
111	1640
111	1643
111	1648
111	1656
111	1658
111	1659
111	1664
111	1667
111	1669
111	1672
111	1674
111	1678
111	1682
111	1683
111	1686
111	1692
111	1694
111	1696
111	1698
111	1708
111	1710
111	1714
111	1717
111	1720
111	1723
111	1724
111	1725
111	1733
111	1741
111	1742
111	1754
111	1766
111	1768
111	1773
111	1778
111	1779
111	1781
111	1787
111	1791
111	1799
111	1800
111	1803
111	1807
111	1808
111	1815
111	1819
111	1825
111	1830
111	1833
111	1835
111	1838
111	1855
111	1861
111	1864
111	1871
111	1874
111	1877
111	1878
111	1891
111	1893
111	1896
111	1899
111	1901
111	1912
111	1920
111	1921
111	1925
111	1926
111	1934
111	1938
111	1950
111	1966
111	1971
111	1978
111	1982
111	1984
111	1988
111	2003
111	2013
111	2018
111	2019
111	2022
111	2023
111	2024
111	2025
111	2030
111	2031
111	2034
111	2036
111	2038
111	2039
111	2042
111	2045
111	2048
111	2051
111	2052
111	2053
111	2054
111	2056
111	2064
111	2068
111	2080
111	2089
111	2093
111	2094
111	2102
111	2103
111	2104
111	2109
111	2110
111	2112
111	2115
111	2118
111	2121
111	2125
111	2128
111	2129
111	2134
111	2136
111	2138
111	2139
111	2141
111	2144
111	2146
111	2153
111	2158
111	2161
111	2169
111	2175
111	2180
111	2188
111	2190
111	2192
111	2193
111	2200
111	2201
111	2202
111	2203
111	2209
111	2210
111	2212
111	2213
111	2215
111	2217
111	2220
111	2222
111	2228
111	2232
111	2234
111	2237
111	2247
111	2248
111	2252
111	2258
111	2263
111	2264
111	2267
111	2272
111	2278
111	2289
111	2306
111	2310
111	2311
111	2313
111	2316
111	2322
111	2327
111	2332
111	2335
111	2337
111	2349
111	2357
111	2367
111	2373
111	2378
111	2379
111	2380
111	2386
111	2389
111	2390
111	2392
111	2393
111	2400
111	2406
111	2408
111	2413
111	2415
111	2417
111	2419
111	2420
111	2424
111	2427
111	2434
111	2435
111	2436
111	2440
111	2442
111	2444
111	2446
111	2451
111	2452
111	2460
111	2464
111	2466
111	2474
111	2476
111	2477
111	2486
111	2487
111	2502
111	2503
111	2508
111	2509
111	2520
111	2532
111	2533
111	2535
111	2547
111	2549
111	2550
111	2554
111	2559
111	2561
111	2562
111	2565
111	2569
111	2572
111	2573
111	2575
111	2582
111	2587
111	2604
111	2613
111	2614
111	2617
111	2620
111	2621
111	2624
111	2625
111	2626
111	2628
111	2634
111	2644
111	2646
111	2650
111	2653
111	2658
111	2664
111	2665
111	2675
111	2678
111	2681
111	2685
111	2686
111	2691
111	2692
111	2709
111	2711
111	2736
111	2737
111	2738
111	2741
111	2743
111	2752
111	2758
111	2763
111	2769
111	2770
111	2771
111	2789
111	2792
111	2796
111	2797
111	2801
111	2802
111	2804
111	2815
111	2816
111	2819
111	2829
111	2831
111	2835
111	2837
111	2838
111	2840
111	2842
111	2847
111	2849
111	2852
111	2853
111	2854
111	2859
111	2860
111	2864
111	2879
111	2880
111	2881
111	2885
111	2893
111	2899
111	2901
111	2907
111	2910
111	2913
111	2916
111	2917
111	2918
111	2924
111	2925
111	2930
111	2933
111	2934
111	2938
111	2946
111	2951
111	2953
111	2954
111	2963
111	2964
111	2965
111	2967
111	2971
111	2979
111	2980
111	2984
111	2992
111	2993
111	2995
111	2998
111	3003
111	3006
111	3010
111	3012
111	3015
111	3023
111	3024
111	3025
111	3030
111	3031
111	3033
111	3034
111	3035
111	3041
111	3043
111	3047
111	3057
111	3059
111	3064
111	3070
111	3073
111	3077
111	3078
111	3079
111	3083
111	3084
111	3087
111	3091
111	3092
111	3095
111	3119
111	3122
111	3123
111	3125
111	3139
111	3143
111	3144
111	3146
111	3151
111	3155
111	3157
111	3158
111	3159
111	3168
111	3181
111	3187
111	3188
111	3191
111	3200
111	3208
111	3211
111	3219
111	3220
111	3227
111	3228
111	3229
111	3238
111	3239
111	3243
111	3246
111	3257
111	3258
111	3260
111	3267
111	3284
111	3288
111	3290
111	3295
111	3308
111	3312
111	3315
111	3323
111	3324
111	3330
111	3331
111	3332
111	3335
111	3362
111	3364
111	3373
111	3374
111	3378
111	3383
111	3385
111	3393
111	3398
111	3399
111	3400
111	3404
111	3405
111	3408
111	3411
111	3414
111	3415
111	3421
111	3422
111	3424
111	3425
111	3433
111	3437
111	3446
111	3451
111	3460
111	3462
111	3467
111	3480
111	3484
111	3491
111	3497
111	3499
111	3500
111	3507
111	3510
111	3512
111	3516
111	3522
111	3524
111	3526
111	3531
111	3538
111	3541
111	3549
111	3557
111	3563
111	3585
111	3587
111	3590
111	3594
111	3595
111	3605
111	3617
111	3619
111	3620
111	3622
111	3626
111	3629
111	3630
111	3634
111	3640
111	3641
111	3642
111	3664
111	3665
111	3669
111	3675
111	3682
111	3683
111	3684
111	3694
111	3703
111	3707
111	3711
111	3714
111	3721
111	3722
111	3723
111	3727
111	3729
111	3733
111	3738
111	3742
111	3744
111	3745
111	3753
111	3767
111	3768
111	3770
111	3772
111	3782
111	3792
111	3794
111	3796
111	3802
111	3803
111	3805
111	3806
111	3809
111	3813
111	3814
111	3818
111	3819
111	3827
111	3829
111	3834
111	3837
111	3845
111	3852
111	3853
111	3863
111	3865
111	3867
111	3872
111	3875
111	3878
111	3879
111	3882
111	3887
111	3895
111	3897
111	3909
111	3911
111	3912
111	3914
111	3915
111	3917
111	3926
111	3927
111	3930
111	3937
111	3956
111	3966
111	3972
111	3985
111	3986
111	3989
111	3991
111	3996
111	3998
111	4004
111	4008
111	4009
111	4015
111	4016
111	4018
111	4019
111	4042
111	4043
111	4049
111	4058
111	4074
111	4078
111	4085
111	4086
111	4105
111	4111
111	4125
111	4126
111	4128
111	4130
111	4132
111	4142
111	4143
111	4147
111	4151
111	4152
111	4161
111	4162
111	4172
111	4173
111	4189
111	4194
111	4196
111	4205
111	4212
111	4216
111	4225
111	4228
111	4229
111	4241
111	4257
111	4262
111	4265
111	4268
111	4270
111	4293
111	4297
111	4303
111	4308
111	4311
111	4315
111	4320
111	4326
111	4328
111	4337
111	4346
111	4348
111	4350
111	4356
111	4361
111	4364
111	4367
111	4368
111	4382
111	4387
111	4390
111	4392
111	4409
111	4411
111	4419
111	4422
111	4428
111	4430
111	4441
111	4443
111	4450
111	4464
111	4465
111	4480
111	4483
111	4485
111	4488
111	4491
111	4497
111	4507
111	4508
111	4511
111	4514
111	4523
111	4524
111	4527
111	4529
111	4535
111	4538
111	4541
111	4542
111	4550
111	4551
111	4557
111	4560
111	4561
111	4569
111	4575
111	4579
111	4587
111	4588
111	4593
111	4595
111	4596
111	4597
111	4601
111	4607
111	4608
111	4611
111	4621
111	4622
111	4623
111	4630
111	4632
111	4638
111	4642
111	4644
111	4645
111	4658
111	4665
111	4670
111	4681
111	4684
111	4685
111	4688
111	4694
111	4704
111	4705
111	4708
111	4719
111	4733
111	4737
111	4738
111	4740
111	4743
111	4746
111	4760
111	4765
111	4772
111	4780
111	4782
111	4784
111	4785
111	4790
111	4793
111	4797
111	4798
111	4799
111	4800
111	4806
111	4807
111	4810
111	4814
111	4817
111	4828
111	4830
111	4832
111	4836
111	4856
111	4873
111	4875
111	4880
111	4881
111	4882
111	4883
111	4884
111	4887
111	4893
111	4902
111	4905
111	4912
111	4917
111	4924
111	4933
111	4934
111	4938
111	4942
111	4943
111	4945
111	4950
111	4959
111	4960
111	4962
111	4965
111	4970
111	4979
111	4983
111	4989
111	4990
111	4992
111	4994
111	4997
111	5002
111	5011
111	5013
111	5018
111	5025
111	5034
111	5036
111	5038
111	5043
111	5053
111	5054
111	5057
111	5060
111	5065
111	5070
111	5072
111	5073
111	5081
111	5089
111	5093
111	5095
111	5096
111	5098
111	5099
111	5100
111	5102
111	5110
111	5113
111	5115
111	5116
111	5137
111	5138
111	5142
111	5143
111	5144
111	5146
111	5150
111	5151
111	5152
111	5153
111	5156
111	5158
111	5160
111	5161
111	5172
111	5174
111	5175
111	5188
111	5192
111	5196
111	5213
111	5215
111	5231
111	5232
111	5236
111	5243
111	5247
111	5249
111	5250
111	5254
111	5255
111	5257
111	5262
111	5264
111	5265
111	5266
111	5268
111	5272
111	5286
111	5289
111	5290
111	5293
111	5301
111	5308
111	5316
111	5322
111	5332
111	5334
111	5336
111	5344
111	5350
111	5351
111	5352
111	5353
111	5356
111	5359
111	5363
111	5372
111	5374
111	5377
111	5387
111	5391
111	5399
111	5407
111	5408
111	5409
111	5417
111	5422
111	5429
111	5430
111	5434
111	5438
111	5444
111	5446
111	5448
111	5451
111	5456
111	5458
111	5466
111	5469
111	5470
111	5472
111	5480
111	5484
111	5487
111	5493
111	5513
111	5516
111	5525
111	5530
111	5532
111	5535
111	5536
111	5545
111	5547
111	5549
111	5554
111	5563
111	5572
111	5582
111	5583
111	5590
111	5607
111	5620
111	5624
111	5629
111	5630
111	5632
111	5637
111	5650
111	5654
111	5657
111	5658
111	5669
111	5671
111	5676
111	5685
111	5687
111	5690
111	5696
111	5702
111	5705
111	5706
111	5713
111	5714
111	5719
111	5725
111	5732
111	5736
111	5738
111	5739
111	5740
111	5742
111	5745
111	5747
111	5748
111	5749
111	5752
111	5759
111	5760
111	5762
111	5763
111	5772
111	5773
111	5774
111	5775
111	5780
111	5782
111	5784
111	5787
111	5790
111	5797
111	5802
111	5803
111	5805
111	5807
111	5809
111	5811
111	5812
111	5815
111	5816
111	5827
111	5834
111	5836
111	5842
111	5848
111	5849
111	5854
111	5867
111	5877
111	5879
111	5885
111	5889
111	5892
111	5894
111	5900
111	5917
111	5920
111	5930
111	5933
111	5936
111	5947
111	5948
111	5950
111	5952
111	5956
111	5958
111	5959
111	5962
111	5965
111	5968
111	5970
111	5981
111	5984
111	5990
111	5993
111	5994
111	6000
111	6002
111	6009
111	6010
111	6033
111	6034
111	6040
111	6045
111	6046
111	6060
111	6061
111	6062
111	6074
111	6081
111	6090
111	6092
111	6106
111	6111
111	6117
111	6119
111	6126
111	6133
111	6140
111	6145
111	6152
111	6153
111	6154
111	6157
111	6159
111	6172
111	6178
111	6180
111	6185
111	6186
111	6188
111	6192
111	6195
111	6196
111	6199
111	6206
111	6213
111	6216
111	6219
111	6223
111	6231
111	6238
111	6246
111	6249
111	6256
111	6257
111	6271
111	6273
111	6280
111	6294
111	6296
111	6300
111	6301
111	6303
111	6304
111	6309
111	6310
111	6312
111	6322
111	6329
111	6331
111	6335
111	6340
111	6343
111	6354
111	6357
111	6361
111	6364
111	6365
111	6368
111	6372
111	6378
111	6397
111	6400
111	6403
111	6405
111	6417
111	6425
111	6426
111	6427
111	6437
111	6438
111	6440
111	6443
111	6444
111	6450
111	6452
111	6455
111	6460
111	6461
111	6466
111	6470
111	6474
111	6478
111	6479
111	6495
111	6499
111	6505
111	6511
111	6512
111	6519
111	6524
111	6528
111	6541
111	6552
111	6557
111	6561
111	6563
111	6571
111	6575
111	6580
111	6581
111	6582
111	6586
111	6588
111	6596
111	6601
111	6604
111	6605
111	6609
111	6610
111	6613
111	6620
111	6622
111	6625
111	6631
111	6633
111	6634
111	6635
111	6639
111	6643
111	6651
111	6655
111	6659
111	6661
111	6668
111	6672
111	6674
111	6676
111	6678
111	6680
111	6685
111	6688
111	6690
111	6692
111	6696
111	6702
111	6711
111	6712
111	6714
111	6716
111	6719
111	6721
111	6725
111	6738
111	6740
111	6747
111	6755
111	6756
111	6760
111	6766
111	6775
111	6780
111	6783
111	6794
111	6799
111	6812
111	6816
111	6824
111	6826
111	6833
111	6835
111	6837
111	6839
111	6841
111	6842
111	6848
111	6849
111	6856
111	6863
111	6865
111	6868
111	6870
111	6879
111	6880
111	6886
111	6888
111	6890
111	6901
111	6904
111	6906
111	6907
111	6912
111	6917
111	6920
111	6927
111	6939
111	6944
111	6956
111	6959
111	6961
111	6966
111	6969
111	6974
111	6983
111	6984
111	6986
111	6990
111	6991
111	7000
111	7003
111	7007
111	7016
111	7019
111	7020
111	7022
111	7033
111	7042
111	7044
111	7061
111	7064
111	7069
111	7070
111	7075
111	7080
111	7090
111	7092
111	7094
111	7095
111	7096
111	7099
111	7100
111	7105
111	7115
111	7122
111	7126
111	7127
111	7129
111	7130
111	7134
111	7143
111	7145
111	7153
111	7156
111	7162
111	7163
111	7166
111	7170
111	7174
111	7176
111	7179
111	7180
111	7181
111	7192
111	7195
111	7196
111	7197
111	7199
111	7201
111	7206
111	7208
111	7212
111	7218
111	7223
111	7224
111	7225
111	7226
111	7233
111	7240
111	7241
111	7242
111	7243
111	7246
111	7249
111	7254
111	7261
111	7266
111	7269
111	7270
111	7271
111	7280
111	7282
111	7286
111	7290
111	7295
111	7313
111	7317
111	7319
111	7322
111	7325
111	7337
111	7338
111	7339
111	7340
111	7343
111	7350
111	7362
111	7369
111	7375
111	7377
111	7378
111	7381
111	7382
111	7385
111	7394
111	7396
111	7398
111	7399
111	7402
111	7405
111	7413
111	7416
111	7418
111	7420
111	7424
111	7426
111	7430
111	7432
111	7433
111	7434
111	7439
111	7447
111	7449
111	7455
111	7456
111	7457
111	7459
111	7460
111	7474
111	7475
111	7476
111	7483
111	7485
111	7504
111	7505
111	7509
111	7511
111	7520
111	7521
111	7527
111	7533
111	7536
111	7537
111	7542
111	7549
111	7551
111	7554
111	7558
111	7564
111	7565
111	7570
111	7572
111	7574
111	7585
111	7589
111	7590
111	7594
111	7598
111	7600
111	7603
111	7605
111	7608
111	7611
111	7613
111	7615
111	7619
111	7623
111	7625
111	7627
111	7628
111	7647
111	7650
111	7651
111	7656
111	7659
111	7667
111	7670
111	7673
111	7674
111	7676
111	7678
111	7680
111	7686
111	7689
111	7693
111	7694
111	7698
111	7703
111	7714
111	7719
111	7721
111	7724
111	7727
111	7732
111	7737
111	7739
111	7742
111	7744
111	7747
111	7751
111	7753
111	7754
111	7755
111	7756
111	7771
111	7774
111	7777
111	7779
111	7782
111	7784
111	7787
111	7790
111	7793
111	7798
111	7799
111	7810
111	7817
111	7820
111	7824
111	7826
111	7827
111	7842
111	7843
111	7845
111	7847
111	7849
111	7851
111	7855
111	7860
111	7862
111	7864
111	7866
111	7869
111	7884
111	7891
111	7904
111	7930
111	7934
111	7951
111	7954
111	7957
111	7963
111	7967
111	7971
111	7985
111	8002
111	8004
111	8005
111	8007
111	8008
111	8013
111	8017
111	8020
111	8023
111	8034
111	8036
111	8039
111	8047
111	8048
111	8051
111	8052
111	8054
111	8067
111	8075
111	8084
111	8088
111	8097
111	8099
111	8106
111	8107
111	8108
111	8109
111	8112
111	8114
111	8120
111	8127
111	8130
111	8135
111	8136
111	8137
111	8141
111	8143
111	8147
111	8149
111	8150
111	8154
111	8161
111	8164
111	8171
111	8176
111	8177
111	8179
111	8183
111	8193
111	8194
111	8197
111	8198
111	8202
111	8204
111	8207
111	8208
111	8209
111	8223
111	8224
111	8231
111	8234
111	8235
111	8238
111	8240
111	8247
111	8255
111	8261
111	8263
111	8271
111	8273
111	8274
111	8278
111	8279
111	8280
111	8290
111	8296
111	8299
111	8305
111	8312
111	8313
111	8314
111	8321
111	8322
111	8330
111	8331
111	8333
111	8335
111	8336
111	8340
111	8341
111	8342
111	8343
111	8344
111	8349
111	8353
111	8357
111	8362
111	8364
111	8366
111	8369
111	8373
111	8382
111	8384
111	8385
111	8386
111	8401
111	8403
111	8405
111	8409
111	8413
111	8414
111	8425
111	8427
111	8428
111	8432
111	8433
111	8437
111	8440
111	8442
111	8448
111	8451
111	8461
111	8462
111	8467
111	8470
111	8473
111	8478
111	8483
111	8484
111	8486
111	8487
111	8492
111	8498
111	8502
111	8504
111	8508
111	8510
111	8511
111	8517
111	8518
111	8527
111	8528
111	8532
111	8536
111	8542
111	8561
111	8563
111	8564
111	8580
111	8581
111	8583
111	8585
111	8586
111	8597
111	8598
111	8604
111	8607
111	8612
111	8613
111	8619
111	8622
111	8625
111	8627
111	8633
111	8636
111	8639
111	8641
111	8644
111	8647
111	8650
111	8652
111	8654
111	8655
111	8657
111	8660
111	8663
111	8670
111	8689
111	8691
111	8705
111	8716
111	8718
111	8722
111	8724
111	8726
111	8732
111	8743
111	8747
111	8749
111	8752
111	8754
111	8759
111	8765
111	8768
111	8770
111	8777
111	8780
111	8786
111	8787
111	8788
111	8792
111	8795
111	8798
111	8801
111	8806
111	8807
111	8811
111	8812
111	8813
111	8822
111	8826
111	8831
111	8834
111	8835
111	8836
111	8841
111	8843
111	8848
111	8849
111	8850
111	8856
111	8860
111	8868
111	8874
111	8877
111	8885
111	8896
111	8901
111	8904
111	8907
111	8912
111	8924
111	8927
111	8928
111	8942
111	8952
111	8957
111	8960
111	8962
111	8963
111	8970
111	8977
111	8979
111	8980
111	8981
111	8985
111	8988
111	8992
111	9003
111	9011
111	9012
111	9021
111	9024
111	9032
111	9033
111	9034
111	9035
111	9038
111	9039
111	9042
111	9044
111	9050
111	9054
111	9058
111	9062
111	9063
111	9068
111	9073
111	9085
111	9087
111	9091
111	9096
111	9105
111	9113
111	9115
111	9118
111	9119
111	9120
111	9122
111	9135
111	9140
111	9143
111	9149
111	9155
111	9160
111	9161
111	9162
111	9170
111	9172
111	9175
111	9176
111	9181
111	9183
111	9186
111	9187
111	9189
111	9196
111	9211
111	9212
111	9215
111	9225
111	9232
111	9243
111	9247
111	9250
111	9251
111	9265
111	9269
111	9274
111	9275
111	9297
111	9300
111	9303
111	9304
111	9305
111	9324
111	9325
111	9326
111	9328
111	9334
111	9335
111	9346
111	9350
111	9354
111	9355
111	9366
111	9368
111	9370
111	9372
111	9376
111	9377
111	9378
111	9380
111	9383
111	9390
111	9393
111	9401
111	9408
111	9410
111	9429
111	9431
111	9433
111	9438
111	9444
111	9447
111	9449
111	9461
111	9465
111	9466
111	9470
111	9481
111	9488
111	9492
111	9500
111	9516
111	9526
111	9532
111	9538
111	9539
111	9541
111	9544
111	9545
111	9554
111	9556
111	9560
111	9566
111	9568
111	9569
111	9570
111	9579
111	9581
111	9585
111	9589
111	9596
111	9605
111	9614
111	9637
111	9638
111	9645
111	9648
111	9649
111	9654
111	9662
111	9663
111	9664
111	9681
111	9686
111	9694
111	9695
111	9699
111	9701
111	9702
111	9704
111	9709
111	9711
111	9712
111	9720
111	9722
111	9726
111	9731
111	9738
111	9745
111	9750
111	9753
111	9754
111	9755
111	9756
111	9770
111	9772
111	9777
111	9795
111	9797
111	9799
111	9800
111	9802
111	9808
111	9809
111	9810
111	9812
111	9818
111	9822
111	9824
111	9826
111	9839
111	9841
111	9844
111	9847
111	9859
111	9860
111	9867
111	9869
111	9873
111	9874
111	9876
111	9879
111	9882
111	9884
111	9887
111	9897
111	9902
111	9908
111	9911
111	9913
111	9915
111	9921
111	9924
111	9931
111	9940
111	9941
111	9946
111	9947
111	9955
111	9961
111	9963
111	9967
111	9968
111	9969
111	9973
111	9977
111	9981
111	9986
111	9988
111	9991
111	9993
111	9995
111	9996
112	1
112	8
112	11
112	12
112	14
112	17
112	25
112	29
112	32
112	41
112	43
112	53
112	55
112	65
112	70
112	71
112	72
112	82
112	84
112	89
112	91
112	93
112	109
112	110
112	112
112	115
112	116
112	124
112	126
112	127
112	141
112	143
112	145
112	152
112	160
112	174
112	178
112	186
112	195
112	198
112	208
112	214
112	220
112	222
112	226
112	236
112	246
112	247
112	254
112	257
112	265
112	267
112	270
112	275
112	277
112	281
112	287
112	289
112	298
112	303
112	306
112	315
112	324
112	330
112	331
112	343
112	344
112	348
112	349
112	350
112	363
112	365
112	368
112	371
112	376
112	384
112	387
112	389
112	395
112	397
112	414
112	424
112	426
112	427
112	432
112	437
112	438
112	439
112	444
112	450
112	452
112	454
112	457
112	461
112	465
112	466
112	469
112	477
112	481
112	500
112	502
112	513
112	527
112	528
112	532
112	542
112	545
112	547
112	548
112	550
112	552
112	556
112	560
112	580
112	581
112	582
112	584
112	585
112	586
112	588
112	597
112	611
112	618
112	629
112	630
112	632
112	637
112	642
112	643
112	645
112	654
112	655
112	656
112	657
112	667
112	674
112	683
112	687
112	689
112	694
112	699
112	716
112	721
112	724
112	727
112	728
112	732
112	734
112	736
112	737
112	739
112	740
112	742
112	745
112	747
112	750
112	766
112	769
112	774
112	783
112	788
112	797
112	808
112	814
112	819
112	828
112	834
112	838
112	839
112	847
112	854
112	855
112	856
112	862
112	875
112	881
112	891
112	901
112	903
112	904
112	910
112	919
112	923
112	927
112	932
112	941
112	944
112	948
112	950
112	961
112	964
112	965
112	982
112	984
112	985
112	995
112	1003
112	1004
112	1006
112	1009
112	1010
112	1017
112	1028
112	1039
112	1040
112	1041
112	1042
112	1045
112	1046
112	1051
112	1059
112	1077
112	1082
112	1083
112	1089
112	1090
112	1091
112	1096
112	1101
112	1106
112	1110
112	1114
112	1126
112	1138
112	1144
112	1153
112	1168
112	1169
112	1191
112	1198
112	1202
112	1207
112	1211
112	1215
112	1227
112	1234
112	1235
112	1236
112	1237
112	1238
112	1251
112	1252
112	1258
112	1268
112	1275
112	1278
112	1283
112	1291
112	1299
112	1303
112	1317
112	1318
112	1321
112	1338
112	1341
112	1344
112	1349
112	1353
112	1355
112	1361
112	1362
112	1368
112	1369
112	1374
112	1396
112	1400
112	1402
112	1403
112	1410
112	1425
112	1426
112	1427
112	1435
112	1442
112	1444
112	1451
112	1454
112	1455
112	1456
112	1477
112	1480
112	1481
112	1482
112	1484
112	1497
112	1503
112	1507
112	1509
112	1510
112	1514
112	1517
112	1520
112	1525
112	1536
112	1542
112	1546
112	1548
112	1549
112	1550
112	1555
112	1561
112	1574
112	1584
112	1594
112	1595
112	1602
112	1604
112	1606
112	1609
112	1615
112	1616
112	1619
112	1627
112	1632
112	1644
112	1646
112	1653
112	1661
112	1663
112	1681
112	1685
112	1687
112	1690
112	1693
112	1721
112	1722
112	1726
112	1728
112	1729
112	1731
112	1744
112	1745
112	1747
112	1748
112	1752
112	1753
112	1756
112	1757
112	1774
112	1783
112	1786
112	1792
112	1795
112	1801
112	1804
112	1809
112	1810
112	1811
112	1813
112	1816
112	1831
112	1840
112	1844
112	1847
112	1850
112	1858
112	1860
112	1862
112	1863
112	1869
112	1880
112	1887
112	1895
112	1902
112	1904
112	1907
112	1909
112	1914
112	1915
112	1929
112	1932
112	1935
112	1939
112	1941
112	1946
112	1947
112	1959
112	1960
112	1962
112	1963
112	1980
112	1981
112	1983
112	1985
112	1987
112	2014
112	2032
112	2041
112	2047
112	2049
112	2057
112	2060
112	2070
112	2071
112	2072
112	2073
112	2077
112	2085
112	2092
112	2106
112	2117
112	2122
112	2132
112	2137
112	2143
112	2145
112	2148
112	2149
112	2160
112	2164
112	2167
112	2174
112	2177
112	2181
112	2191
112	2197
112	2199
112	2205
112	2207
112	2208
112	2218
112	2223
112	2224
112	2225
112	2233
112	2238
112	2241
112	2242
112	2243
112	2244
112	2246
112	2250
112	2257
112	2259
112	2260
112	2265
112	2268
112	2270
112	2273
112	2282
112	2283
112	2285
112	2292
112	2294
112	2296
112	2298
112	2303
112	2304
112	2309
112	2333
112	2341
112	2344
112	2345
112	2350
112	2354
112	2362
112	2365
112	2366
112	2369
112	2377
112	2384
112	2385
112	2391
112	2407
112	2421
112	2425
112	2429
112	2430
112	2439
112	2449
112	2453
112	2462
112	2463
112	2472
112	2480
112	2483
112	2484
112	2485
112	2495
112	2496
112	2511
112	2513
112	2517
112	2518
112	2521
112	2527
112	2545
112	2551
112	2558
112	2563
112	2567
112	2577
112	2581
112	2583
112	2585
112	2588
112	2590
112	2595
112	2596
112	2601
112	2622
112	2623
112	2638
112	2641
112	2647
112	2648
112	2655
112	2657
112	2662
112	2668
112	2669
112	2677
112	2679
112	2680
112	2689
112	2697
112	2701
112	2714
112	2715
112	2716
112	2721
112	2722
112	2725
112	2730
112	2734
112	2740
112	2748
112	2751
112	2761
112	2767
112	2782
112	2787
112	2788
112	2793
112	2798
112	2800
112	2805
112	2807
112	2811
112	2824
112	2825
112	2828
112	2843
112	2855
112	2868
112	2869
112	2882
112	2889
112	2891
112	2895
112	2896
112	2902
112	2912
112	2914
112	2922
112	2923
112	2929
112	2931
112	2935
112	2937
112	2950
112	2960
112	2966
112	2973
112	2975
112	2982
112	2987
112	2989
112	3013
112	3016
112	3018
112	3019
112	3029
112	3032
112	3037
112	3046
112	3050
112	3051
112	3054
112	3061
112	3067
112	3071
112	3075
112	3076
112	3082
112	3085
112	3088
112	3093
112	3094
112	3096
112	3107
112	3113
112	3121
112	3124
112	3129
112	3130
112	3132
112	3133
112	3145
112	3148
112	3163
112	3164
112	3169
112	3171
112	3172
112	3177
112	3190
112	3192
112	3193
112	3195
112	3204
112	3205
112	3206
112	3209
112	3223
112	3224
112	3231
112	3233
112	3245
112	3247
112	3249
112	3250
112	3252
112	3253
112	3254
112	3263
112	3266
112	3269
112	3277
112	3278
112	3279
112	3287
112	3291
112	3292
112	3293
112	3294
112	3297
112	3298
112	3306
112	3319
112	3321
112	3325
112	3327
112	3329
112	3340
112	3342
112	3348
112	3355
112	3358
112	3359
112	3361
112	3384
112	3387
112	3396
112	3409
112	3413
112	3423
112	3426
112	3427
112	3454
112	3456
112	3458
112	3463
112	3465
112	3473
112	3478
112	3487
112	3490
112	3495
112	3496
112	3498
112	3501
112	3505
112	3506
112	3518
112	3523
112	3534
112	3537
112	3543
112	3551
112	3552
112	3553
112	3556
112	3558
112	3559
112	3560
112	3573
112	3574
112	3576
112	3578
112	3582
112	3588
112	3607
112	3610
112	3611
112	3612
112	3623
112	3625
112	3627
112	3636
112	3646
112	3648
112	3649
112	3651
112	3652
112	3654
112	3658
112	3661
112	3666
112	3670
112	3685
112	3686
112	3689
112	3698
112	3704
112	3705
112	3712
112	3718
112	3720
112	3726
112	3730
112	3731
112	3734
112	3736
112	3739
112	3740
112	3747
112	3755
112	3776
112	3781
112	3783
112	3785
112	3787
112	3788
112	3795
112	3799
112	3801
112	3811
112	3815
112	3821
112	3825
112	3832
112	3833
112	3835
112	3843
112	3866
112	3869
112	3870
112	3871
112	3874
112	3880
112	3884
112	3885
112	3886
112	3889
112	3891
112	3892
112	3894
112	3896
112	3898
112	3904
112	3919
112	3921
112	3936
112	3941
112	3950
112	3952
112	3957
112	3959
112	3963
112	3969
112	3975
112	3976
112	3982
112	3984
112	3994
112	3995
112	3997
112	4005
112	4011
112	4021
112	4027
112	4036
112	4041
112	4044
112	4053
112	4057
112	4059
112	4061
112	4067
112	4073
112	4075
112	4083
112	4091
112	4095
112	4097
112	4101
112	4103
112	4106
112	4112
112	4115
112	4121
112	4123
112	4129
112	4134
112	4135
112	4136
112	4150
112	4155
112	4160
112	4163
112	4166
112	4178
112	4181
112	4183
112	4188
112	4198
112	4206
112	4222
112	4223
112	4224
112	4226
112	4227
112	4230
112	4231
112	4234
112	4237
112	4238
112	4239
112	4243
112	4259
112	4263
112	4264
112	4269
112	4279
112	4284
112	4287
112	4289
112	4291
112	4295
112	4300
112	4302
112	4312
112	4313
112	4321
112	4327
112	4329
112	4332
112	4344
112	4345
112	4349
112	4352
112	4355
112	4357
112	4360
112	4363
112	4369
112	4374
112	4379
112	4380
112	4399
112	4402
112	4403
112	4406
112	4410
112	4415
112	4421
112	4446
112	4447
112	4449
112	4454
112	4458
112	4460
112	4469
112	4471
112	4472
112	4474
112	4487
112	4490
112	4492
112	4494
112	4502
112	4504
112	4506
112	4509
112	4515
112	4517
112	4518
112	4531
112	4533
112	4534
112	4540
112	4545
112	4549
112	4552
112	4554
112	4556
112	4558
112	4562
112	4564
112	4570
112	4573
112	4576
112	4580
112	4583
112	4584
112	4590
112	4599
112	4600
112	4602
112	4609
112	4613
112	4617
112	4618
112	4620
112	4633
112	4634
112	4639
112	4640
112	4652
112	4656
112	4660
112	4671
112	4675
112	4679
112	4683
112	4686
112	4692
112	4696
112	4706
112	4712
112	4715
112	4722
112	4732
112	4735
112	4736
112	4749
112	4752
112	4757
112	4761
112	4763
112	4768
112	4779
112	4783
112	4787
112	4792
112	4796
112	4818
112	4819
112	4824
112	4827
112	4831
112	4833
112	4835
112	4842
112	4845
112	4848
112	4852
112	4853
112	4854
112	4876
112	4891
112	4895
112	4899
112	4900
112	4901
112	4906
112	4911
112	4915
112	4916
112	4926
112	4937
112	4940
112	4952
112	4953
112	4963
112	4975
112	4977
112	5015
112	5016
112	5017
112	5020
112	5021
112	5035
112	5037
112	5039
112	5041
112	5049
112	5052
112	5055
112	5056
112	5058
112	5059
112	5061
112	5062
112	5068
112	5080
112	5084
112	5085
112	5087
112	5101
112	5111
112	5114
112	5117
112	5122
112	5126
112	5136
112	5139
112	5140
112	5164
112	5182
112	5185
112	5187
112	5190
112	5194
112	5195
112	5201
112	5206
112	5207
112	5210
112	5214
112	5230
112	5234
112	5242
112	5251
112	5260
112	5274
112	5277
112	5282
112	5287
112	5294
112	5295
112	5296
112	5304
112	5305
112	5309
112	5311
112	5329
112	5333
112	5340
112	5341
112	5348
112	5355
112	5358
112	5369
112	5370
112	5373
112	5376
112	5379
112	5388
112	5395
112	5396
112	5419
112	5427
112	5433
112	5447
112	5454
112	5460
112	5461
112	5467
112	5471
112	5473
112	5475
112	5478
112	5486
112	5489
112	5491
112	5495
112	5498
112	5500
112	5501
112	5502
112	5506
112	5509
112	5510
112	5515
112	5517
112	5519
112	5520
112	5521
112	5523
112	5528
112	5529
112	5538
112	5540
112	5548
112	5550
112	5553
112	5566
112	5567
112	5573
112	5575
112	5576
112	5580
112	5585
112	5594
112	5595
112	5598
112	5599
112	5602
112	5605
112	5614
112	5618
112	5621
112	5623
112	5627
112	5635
112	5638
112	5640
112	5643
112	5646
112	5648
112	5659
112	5661
112	5666
112	5678
112	5680
112	5682
112	5684
112	5686
112	5688
112	5693
112	5701
112	5709
112	5710
112	5718
112	5722
112	5723
112	5727
112	5728
112	5733
112	5744
112	5758
112	5761
112	5766
112	5778
112	5786
112	5788
112	5791
112	5794
112	5798
112	5800
112	5813
112	5814
112	5817
112	5823
112	5829
112	5835
112	5846
112	5855
112	5861
112	5863
112	5876
112	5888
112	5891
112	5895
112	5897
112	5901
112	5902
112	5903
112	5904
112	5905
112	5907
112	5908
112	5923
112	5924
112	5928
112	5931
112	5934
112	5942
112	5944
112	5945
112	5961
112	5963
112	5966
112	5969
112	5972
112	5995
112	5997
112	6001
112	6005
112	6017
112	6019
112	6020
112	6029
112	6036
112	6037
112	6039
112	6041
112	6058
112	6069
112	6073
112	6086
112	6091
112	6103
112	6105
112	6107
112	6110
112	6114
112	6128
112	6135
112	6136
112	6138
112	6141
112	6144
112	6168
112	6169
112	6173
112	6177
112	6179
112	6181
112	6193
112	6198
112	6205
112	6210
112	6221
112	6228
112	6235
112	6240
112	6263
112	6272
112	6274
112	6276
112	6291
112	6297
112	6305
112	6307
112	6315
112	6321
112	6324
112	6328
112	6339
112	6346
112	6358
112	6359
112	6366
112	6373
112	6375
112	6376
112	6377
112	6409
112	6410
112	6413
112	6416
112	6423
112	6428
112	6431
112	6432
112	6433
112	6435
112	6441
112	6447
112	6454
112	6463
112	6468
112	6471
112	6475
112	6480
112	6481
112	6484
112	6488
112	6503
112	6506
112	6507
112	6515
112	6520
112	6523
112	6532
112	6535
112	6536
112	6538
112	6546
112	6556
112	6559
112	6560
112	6562
112	6564
112	6566
112	6567
112	6576
112	6589
112	6591
112	6594
112	6607
112	6612
112	6638
112	6653
112	6654
112	6657
112	6670
112	6675
112	6683
112	6686
112	6694
112	6697
112	6704
112	6705
112	6722
112	6723
112	6724
112	6728
112	6729
112	6730
112	6734
112	6739
112	6751
112	6752
112	6761
112	6762
112	6770
112	6771
112	6772
112	6776
112	6777
112	6792
112	6796
112	6804
112	6813
112	6820
112	6827
112	6828
112	6834
112	6838
112	6840
112	6852
112	6855
112	6858
112	6874
112	6884
112	6887
112	6914
112	6918
112	6919
112	6922
112	6924
112	6925
112	6929
112	6931
112	6934
112	6935
112	6937
112	6942
112	6946
112	6948
112	6951
112	6953
112	6957
112	6960
112	6970
112	6971
112	6975
112	6988
112	6989
112	6995
112	6998
112	6999
112	7002
112	7004
112	7006
112	7012
112	7015
112	7021
112	7024
112	7025
112	7029
112	7039
112	7040
112	7049
112	7050
112	7054
112	7077
112	7086
112	7089
112	7097
112	7112
112	7116
112	7117
112	7119
112	7120
112	7121
112	7160
112	7164
112	7167
112	7173
112	7189
112	7190
112	7191
112	7193
112	7194
112	7198
112	7203
112	7209
112	7214
112	7220
112	7229
112	7231
112	7238
112	7239
112	7244
112	7245
112	7256
112	7268
112	7273
112	7274
112	7283
112	7284
112	7293
112	7300
112	7312
112	7320
112	7330
112	7368
112	7371
112	7373
112	7374
112	7376
112	7388
112	7407
112	7410
112	7427
112	7446
112	7453
112	7463
112	7465
112	7470
112	7471
112	7477
112	7486
112	7487
112	7491
112	7492
112	7494
112	7499
112	7526
112	7528
112	7532
112	7534
112	7535
112	7541
112	7544
112	7546
112	7547
112	7552
112	7577
112	7580
112	7584
112	7588
112	7592
112	7593
112	7610
112	7618
112	7621
112	7622
112	7631
112	7637
112	7639
112	7641
112	7642
112	7655
112	7663
112	7665
112	7668
112	7669
112	7671
112	7683
112	7687
112	7696
112	7701
112	7707
112	7709
112	7716
112	7720
112	7726
112	7746
112	7759
112	7761
112	7767
112	7770
112	7783
112	7785
112	7802
112	7804
112	7807
112	7811
112	7814
112	7815
112	7816
112	7818
112	7822
112	7830
112	7834
112	7839
112	7850
112	7861
112	7865
112	7868
112	7872
112	7875
112	7879
112	7893
112	7894
112	7903
112	7912
112	7913
112	7914
112	7915
112	7918
112	7921
112	7926
112	7928
112	7929
112	7931
112	7935
112	7936
112	7938
112	7942
112	7945
112	7946
112	7947
112	7950
112	7953
112	7973
112	7976
112	7978
112	7979
112	7982
112	7984
112	8000
112	8009
112	8012
112	8031
112	8037
112	8043
112	8055
112	8057
112	8068
112	8073
112	8077
112	8098
112	8103
112	8115
112	8118
112	8122
112	8129
112	8142
112	8145
112	8152
112	8163
112	8166
112	8168
112	8169
112	8172
112	8175
112	8180
112	8185
112	8186
112	8188
112	8200
112	8201
112	8206
112	8215
112	8217
112	8218
112	8225
112	8226
112	8227
112	8233
112	8242
112	8253
112	8257
112	8260
112	8265
112	8284
112	8289
112	8291
112	8294
112	8304
112	8310
112	8318
112	8326
112	8334
112	8338
112	8350
112	8354
112	8358
112	8359
112	8367
112	8371
112	8377
112	8381
112	8391
112	8397
112	8411
112	8412
112	8417
112	8422
112	8424
112	8436
112	8444
112	8447
112	8453
112	8454
112	8457
112	8460
112	8465
112	8466
112	8469
112	8471
112	8480
112	8485
112	8494
112	8500
112	8501
112	8509
112	8513
112	8514
112	8515
112	8520
112	8537
112	8538
112	8541
112	8544
112	8565
112	8573
112	8582
112	8591
112	8594
112	8596
112	8599
112	8611
112	8615
112	8621
112	8628
112	8642
112	8643
112	8646
112	8653
112	8656
112	8658
112	8662
112	8678
112	8679
112	8690
112	8695
112	8697
112	8702
112	8703
112	8704
112	8709
112	8710
112	8720
112	8723
112	8735
112	8736
112	8751
112	8760
112	8769
112	8785
112	8794
112	8800
112	8804
112	8805
112	8819
112	8820
112	8821
112	8825
112	8829
112	8833
112	8845
112	8852
112	8861
112	8864
112	8870
112	8875
112	8888
112	8894
112	8895
112	8898
112	8902
112	8903
112	8905
112	8910
112	8913
112	8916
112	8919
112	8920
112	8930
112	8936
112	8937
112	8938
112	8945
112	8951
112	8953
112	8961
112	8972
112	8975
112	8995
112	9005
112	9007
112	9008
112	9009
112	9018
112	9019
112	9020
112	9022
112	9025
112	9036
112	9041
112	9043
112	9057
112	9070
112	9074
112	9082
112	9084
112	9086
112	9090
112	9092
112	9097
112	9102
112	9103
112	9106
112	9127
112	9131
112	9134
112	9136
112	9139
112	9147
112	9152
112	9154
112	9156
112	9159
112	9165
112	9169
112	9180
112	9191
112	9197
112	9198
112	9201
112	9204
112	9207
112	9219
112	9221
112	9226
112	9229
112	9233
112	9234
112	9239
112	9242
112	9246
112	9248
112	9256
112	9257
112	9259
112	9260
112	9262
112	9270
112	9273
112	9287
112	9288
112	9292
112	9293
112	9308
112	9316
112	9319
112	9321
112	9323
112	9337
112	9348
112	9349
112	9358
112	9369
112	9371
112	9379
112	9385
112	9386
112	9387
112	9391
112	9398
112	9403
112	9404
112	9405
112	9406
112	9420
112	9430
112	9434
112	9435
112	9439
112	9448
112	9453
112	9458
112	9460
112	9471
112	9473
112	9476
112	9478
112	9479
112	9489
112	9490
112	9491
112	9495
112	9498
112	9499
112	9506
112	9510
112	9511
112	9512
112	9523
112	9524
112	9530
112	9531
112	9533
112	9540
112	9542
112	9547
112	9548
112	9549
112	9550
112	9558
112	9562
112	9565
112	9577
112	9590
112	9591
112	9592
112	9597
112	9598
112	9603
112	9607
112	9610
112	9611
112	9615
112	9616
112	9618
112	9619
112	9621
112	9623
112	9625
112	9633
112	9650
112	9652
112	9659
112	9668
112	9673
112	9674
112	9684
112	9685
112	9707
112	9716
112	9717
112	9732
112	9734
112	9735
112	9736
112	9737
112	9742
112	9746
112	9749
112	9758
112	9759
112	9760
112	9762
112	9764
112	9765
112	9768
112	9775
112	9778
112	9783
112	9806
112	9813
112	9816
112	9821
112	9823
112	9825
112	9827
112	9832
112	9840
112	9843
112	9846
112	9854
112	9858
112	9861
112	9871
112	9877
112	9878
112	9888
112	9892
112	9894
112	9895
112	9896
112	9918
112	9919
112	9922
112	9929
112	9936
112	9949
112	9956
112	9957
112	9966
112	9974
112	9975
112	9978
112	9989
112	9997
112	9999
113	15
113	18
113	19
113	31
113	48
113	49
113	62
113	73
113	78
113	87
113	88
113	94
113	97
113	117
113	120
113	139
113	149
113	168
113	173
113	182
113	183
113	191
113	202
113	221
113	232
113	235
113	251
113	253
113	261
113	269
113	292
113	299
113	300
113	305
113	311
113	314
113	318
113	323
113	328
113	334
113	357
113	375
113	408
113	409
113	412
113	428
113	429
113	445
113	449
113	467
113	478
113	492
113	496
113	515
113	521
113	529
113	539
113	549
113	551
113	563
113	583
113	590
113	591
113	594
113	599
113	610
113	614
113	623
113	624
113	644
113	662
113	665
113	669
113	676
113	680
113	688
113	704
113	707
113	713
113	718
113	725
113	730
113	733
113	752
113	763
113	765
113	779
113	782
113	802
113	807
113	815
113	821
113	826
113	841
113	843
113	845
113	850
113	851
113	852
113	857
113	859
113	869
113	870
113	874
113	876
113	885
113	890
113	896
113	905
113	915
113	928
113	930
113	935
113	936
113	949
113	952
113	966
113	978
113	992
113	1000
113	1011
113	1015
113	1019
113	1029
113	1031
113	1032
113	1049
113	1058
113	1062
113	1068
113	1070
113	1074
113	1080
113	1092
113	1093
113	1100
113	1109
113	1125
113	1129
113	1131
113	1132
113	1148
113	1151
113	1154
113	1165
113	1170
113	1177
113	1185
113	1193
113	1196
113	1200
113	1206
113	1220
113	1239
113	1246
113	1263
113	1264
113	1265
113	1276
113	1280
113	1281
113	1288
113	1296
113	1300
113	1313
113	1325
113	1330
113	1332
113	1354
113	1376
113	1379
113	1386
113	1391
113	1393
113	1401
113	1407
113	1418
113	1423
113	1424
113	1431
113	1446
113	1461
113	1465
113	1472
113	1475
113	1488
113	1496
113	1531
113	1537
113	1551
113	1562
113	1564
113	1588
113	1590
113	1600
113	1603
113	1608
113	1611
113	1613
113	1625
113	1626
113	1651
113	1657
113	1665
113	1666
113	1668
113	1673
113	1677
113	1689
113	1691
113	1699
113	1704
113	1713
113	1719
113	1732
113	1738
113	1739
113	1755
113	1788
113	1789
113	1793
113	1821
113	1822
113	1823
113	1828
113	1836
113	1839
113	1842
113	1845
113	1859
113	1876
113	1879
113	1886
113	1897
113	1900
113	1903
113	1910
113	1911
113	1917
113	1922
113	1931
113	1944
113	1949
113	1953
113	1956
113	1961
113	1967
113	1974
113	1977
113	1986
113	1996
113	2002
113	2015
113	2026
113	2029
113	2033
113	2050
113	2058
113	2065
113	2087
113	2096
113	2100
113	2126
113	2140
113	2142
113	2150
113	2157
113	2163
113	2184
113	2196
113	2221
113	2231
113	2269
113	2288
113	2307
113	2323
113	2324
113	2334
113	2343
113	2346
113	2351
113	2353
113	2359
113	2383
113	2405
113	2409
113	2412
113	2422
113	2426
113	2432
113	2433
113	2448
113	2461
113	2465
113	2468
113	2469
113	2473
113	2478
113	2490
113	2498
113	2501
113	2504
113	2516
113	2528
113	2536
113	2537
113	2542
113	2546
113	2552
113	2557
113	2579
113	2589
113	2603
113	2605
113	2606
113	2609
113	2618
113	2627
113	2631
113	2639
113	2643
113	2645
113	2659
113	2660
113	2663
113	2667
113	2673
113	2683
113	2705
113	2713
113	2717
113	2719
113	2720
113	2750
113	2757
113	2764
113	2765
113	2783
113	2786
113	2795
113	2799
113	2803
113	2808
113	2809
113	2812
113	2817
113	2823
113	2827
113	2841
113	2856
113	2861
113	2866
113	2875
113	2904
113	2906
113	2908
113	2909
113	2919
113	2921
113	2943
113	2945
113	2970
113	2974
113	2981
113	2983
113	2991
113	3001
113	3011
113	3040
113	3048
113	3053
113	3056
113	3089
113	3098
113	3100
113	3102
113	3103
113	3106
113	3108
113	3111
113	3117
113	3120
113	3134
113	3137
113	3141
113	3153
113	3160
113	3167
113	3178
113	3180
113	3182
113	3199
113	3207
113	3210
113	3240
113	3244
113	3251
113	3270
113	3272
113	3304
113	3305
113	3320
113	3322
113	3337
113	3357
113	3388
113	3394
113	3403
113	3416
113	3435
113	3444
113	3445
113	3448
113	3449
113	3450
113	3464
113	3466
113	3471
113	3476
113	3503
113	3504
113	3513
113	3539
113	3564
113	3591
113	3600
113	3601
113	3603
113	3613
113	3632
113	3633
113	3637
113	3644
113	3662
113	3667
113	3702
113	3708
113	3746
113	3759
113	3761
113	3769
113	3779
113	3791
113	3798
113	3810
113	3816
113	3820
113	3830
113	3840
113	3847
113	3856
113	3859
113	3888
113	3900
113	3902
113	3910
113	3913
113	3924
113	3929
113	3931
113	3933
113	3939
113	3942
113	3944
113	3947
113	3948
113	3955
113	3965
113	3992
113	4002
113	4003
113	4030
113	4037
113	4046
113	4051
113	4052
113	4063
113	4076
113	4087
113	4090
113	4099
113	4104
113	4107
113	4110
113	4119
113	4127
113	4131
113	4156
113	4168
113	4175
113	4185
113	4197
113	4201
113	4202
113	4207
113	4209
113	4217
113	4218
113	4219
113	4221
113	4248
113	4252
113	4253
113	4258
113	4271
113	4274
113	4276
113	4278
113	4294
113	4305
113	4318
113	4341
113	4343
113	4358
113	4359
113	4371
113	4372
113	4377
113	4383
113	4385
113	4395
113	4408
113	4414
113	4434
113	4436
113	4437
113	4438
113	4439
113	4445
113	4448
113	4462
113	4476
113	4477
113	4479
113	4481
113	4499
113	4512
113	4513
113	4528
113	4544
113	4553
113	4559
113	4563
113	4582
113	4589
113	4598
113	4612
113	4635
113	4643
113	4647
113	4669
113	4672
113	4678
113	4682
113	4700
113	4702
113	4703
113	4707
113	4711
113	4714
113	4717
113	4727
113	4734
113	4739
113	4741
113	4742
113	4755
113	4766
113	4771
113	4801
113	4816
113	4822
113	4829
113	4849
113	4851
113	4863
113	4889
113	4908
113	4910
113	4919
113	4920
113	4925
113	4932
113	4941
113	4947
113	4954
113	4957
113	4967
113	4974
113	4985
113	4986
113	4995
113	4998
113	5000
113	5001
113	5003
113	5008
113	5019
113	5042
113	5046
113	5063
113	5064
113	5077
113	5078
113	5086
113	5090
113	5103
113	5104
113	5109
113	5145
113	5148
113	5162
113	5163
113	5165
113	5177
113	5178
113	5189
113	5205
113	5211
113	5218
113	5219
113	5222
113	5224
113	5239
113	5244
113	5246
113	5252
113	5267
113	5269
113	5275
113	5279
113	5307
113	5324
113	5335
113	5343
113	5349
113	5362
113	5364
113	5365
113	5368
113	5375
113	5383
113	5384
113	5390
113	5402
113	5421
113	5428
113	5443
113	5452
113	5455
113	5477
113	5479
113	5483
113	5485
113	5492
113	5496
113	5497
113	5504
113	5514
113	5524
113	5534
113	5542
113	5546
113	5557
113	5558
113	5561
113	5579
113	5586
113	5588
113	5609
113	5611
113	5617
113	5619
113	5625
113	5626
113	5642
113	5660
113	5663
113	5668
113	5672
113	5673
113	5674
113	5675
113	5681
113	5683
113	5691
113	5697
113	5704
113	5715
113	5734
113	5743
113	5755
113	5764
113	5767
113	5768
113	5769
113	5783
113	5818
113	5820
113	5841
113	5845
113	5856
113	5860
113	5865
113	5868
113	5874
113	5878
113	5883
113	5886
113	5893
113	5906
113	5909
113	5910
113	5912
113	5918
113	5937
113	5946
113	5954
113	5967
113	5985
113	5989
113	5999
113	6018
113	6022
113	6028
113	6031
113	6038
113	6043
113	6059
113	6064
113	6084
113	6100
113	6109
113	6112
113	6116
113	6120
113	6121
113	6129
113	6146
113	6155
113	6160
113	6162
113	6165
113	6175
113	6183
113	6194
113	6207
113	6217
113	6220
113	6225
113	6230
113	6241
113	6244
113	6252
113	6262
113	6266
113	6269
113	6270
113	6277
113	6278
113	6281
113	6285
113	6292
113	6306
113	6311
113	6320
113	6325
113	6327
113	6345
113	6347
113	6363
113	6370
113	6379
113	6388
113	6391
113	6402
113	6419
113	6422
113	6445
113	6448
113	6451
113	6453
113	6458
113	6459
113	6465
113	6482
113	6486
113	6489
113	6491
113	6504
113	6509
113	6521
113	6526
113	6529
113	6540
113	6545
113	6547
113	6548
113	6558
113	6577
113	6585
113	6587
113	6595
113	6660
113	6665
113	6666
113	6667
113	6687
113	6693
113	6718
113	6727
113	6731
113	6733
113	6735
113	6736
113	6743
113	6744
113	6745
113	6748
113	6759
113	6767
113	6778
113	6784
113	6787
113	6789
113	6790
113	6797
113	6806
113	6807
113	6814
113	6819
113	6821
113	6836
113	6846
113	6851
113	6857
113	6869
113	6871
113	6882
113	6885
113	6889
113	6895
113	6900
113	6902
113	6910
113	6954
113	6964
113	6972
113	6978
113	6985
113	7001
113	7005
113	7008
113	7017
113	7034
113	7035
113	7037
113	7045
113	7052
113	7058
113	7062
113	7063
113	7065
113	7073
113	7084
113	7088
113	7091
113	7101
113	7106
113	7107
113	7109
113	7125
113	7135
113	7139
113	7141
113	7146
113	7149
113	7151
113	7157
113	7172
113	7175
113	7178
113	7182
113	7184
113	7186
113	7188
113	7202
113	7204
113	7210
113	7251
113	7253
113	7255
113	7262
113	7275
113	7276
113	7279
113	7281
113	7287
113	7292
113	7299
113	7301
113	7307
113	7309
113	7310
113	7315
113	7318
113	7324
113	7344
113	7346
113	7355
113	7356
113	7366
113	7392
113	7397
113	7404
113	7409
113	7412
113	7425
113	7431
113	7443
113	7450
113	7462
113	7469
113	7482
113	7488
113	7490
113	7501
113	7503
113	7553
113	7557
113	7560
113	7566
113	7567
113	7578
113	7581
113	7582
113	7586
113	7601
113	7609
113	7634
113	7636
113	7658
113	7660
113	7675
113	7679
113	7688
113	7691
113	7706
113	7710
113	7734
113	7736
113	7750
113	7762
113	7765
113	7766
113	7768
113	7772
113	7773
113	7789
113	7791
113	7819
113	7833
113	7835
113	7836
113	7846
113	7853
113	7858
113	7870
113	7873
113	7889
113	7920
113	7922
113	7932
113	7939
113	7943
113	7952
113	7961
113	7962
113	7964
113	7970
113	7987
113	7989
113	7998
113	7999
113	8003
113	8010
113	8022
113	8024
113	8030
113	8032
113	8042
113	8046
113	8062
113	8065
113	8080
113	8085
113	8089
113	8110
113	8116
113	8128
113	8132
113	8153
113	8158
113	8160
113	8178
113	8182
113	8195
113	8196
113	8205
113	8229
113	8232
113	8254
113	8256
113	8262
113	8267
113	8270
113	8272
113	8276
113	8285
113	8286
113	8288
113	8292
113	8307
113	8309
113	8311
113	8316
113	8317
113	8323
113	8339
113	8376
113	8390
113	8395
113	8398
113	8419
113	8426
113	8434
113	8438
113	8445
113	8450
113	8474
113	8476
113	8490
113	8499
113	8525
113	8529
113	8533
113	8534
113	8543
113	8559
113	8587
113	8590
113	8605
113	8617
113	8626
113	8645
113	8649
113	8659
113	8664
113	8666
113	8669
113	8671
113	8677
113	8688
113	8701
113	8708
113	8711
113	8721
113	8725
113	8737
113	8738
113	8750
113	8761
113	8764
113	8767
113	8783
113	8789
113	8791
113	8817
113	8824
113	8837
113	8838
113	8847
113	8851
113	8853
113	8854
113	8865
113	8871
113	8873
113	8891
113	8892
113	8897
113	8899
113	8906
113	8918
113	8926
113	8966
113	8978
113	8983
113	8994
113	9002
113	9015
113	9029
113	9049
113	9051
113	9059
113	9071
113	9075
113	9080
113	9117
113	9121
113	9144
113	9146
113	9151
113	9174
113	9194
113	9200
113	9203
113	9218
113	9245
113	9253
113	9271
113	9276
113	9279
113	9283
113	9290
113	9294
113	9296
113	9298
113	9299
113	9313
113	9314
113	9333
113	9336
113	9341
113	9342
113	9345
113	9389
113	9394
113	9396
113	9397
113	9407
113	9414
113	9415
113	9425
113	9436
113	9445
113	9456
113	9472
113	9482
113	9486
113	9497
113	9504
113	9505
113	9522
113	9529
113	9537
113	9551
113	9557
113	9561
113	9586
113	9588
113	9593
113	9604
113	9608
113	9609
113	9612
113	9613
113	9624
113	9627
113	9628
113	9629
113	9634
113	9670
113	9672
113	9677
113	9678
113	9703
113	9714
113	9724
113	9727
113	9747
113	9751
113	9766
113	9779
113	9781
113	9784
113	9801
113	9803
113	9804
113	9831
113	9834
113	9845
113	9857
113	9866
113	9883
113	9901
113	9914
113	9917
113	9934
113	9942
113	9951
113	9953
113	9958
113	9964
113	9965
113	9983
114	24
114	83
114	103
114	137
114	197
114	224
114	242
114	310
114	317
114	346
114	386
114	418
114	421
114	446
114	448
114	495
114	501
114	503
114	533
114	554
114	565
114	705
114	773
114	794
114	824
114	866
114	871
114	882
114	920
114	946
114	951
114	975
114	1013
114	1020
114	1038
114	1099
114	1136
114	1140
114	1145
114	1152
114	1181
114	1219
114	1222
114	1223
114	1248
114	1267
114	1272
114	1315
114	1333
114	1339
114	1345
114	1357
114	1370
114	1420
114	1436
114	1450
114	1458
114	1493
114	1498
114	1506
114	1516
114	1539
114	1601
114	1645
114	1650
114	1662
114	1670
114	1688
114	1697
114	1712
114	1718
114	1746
114	1751
114	1780
114	1785
114	1802
114	1846
114	1851
114	1857
114	1866
114	1924
114	1975
114	2001
114	2010
114	2021
114	2044
114	2082
114	2107
114	2116
114	2189
114	2195
114	2198
114	2204
114	2253
114	2291
114	2338
114	2358
114	2370
114	2394
114	2404
114	2481
114	2524
114	2538
114	2544
114	2600
114	2615
114	2703
114	2710
114	2727
114	2744
114	2754
114	2756
114	2760
114	2777
114	2834
114	2846
114	2878
114	2926
114	2944
114	2947
114	3042
114	3049
114	3055
114	3063
114	3109
114	3112
114	3156
114	3165
114	3212
114	3236
114	3242
114	3262
114	3299
114	3301
114	3303
114	3356
114	3368
114	3370
114	3397
114	3432
114	3472
114	3488
114	3489
114	3494
114	3508
114	3514
114	3517
114	3520
114	3565
114	3569
114	3592
114	3615
114	3635
114	3643
114	3674
114	3724
114	3756
114	3757
114	3763
114	3777
114	3851
114	3860
114	3864
114	3881
114	3899
114	3938
114	3961
114	3999
114	4006
114	4050
114	4062
114	4079
114	4084
114	4089
114	4109
114	4124
114	4141
114	4153
114	4169
114	4184
114	4199
114	4208
114	4244
114	4251
114	4340
114	4375
114	4376
114	4391
114	4398
114	4407
114	4429
114	4433
114	4470
114	4473
114	4510
114	4530
114	4539
114	4548
114	4578
114	4592
114	4594
114	4627
114	4631
114	4664
114	4666
114	4721
114	4723
114	4744
114	4745
114	4748
114	4756
114	4795
114	4811
114	4813
114	4857
114	4903
114	4918
114	4948
114	4981
114	5012
114	5023
114	5083
114	5088
114	5106
114	5118
114	5134
114	5154
114	5168
114	5183
114	5212
114	5229
114	5240
114	5297
114	5313
114	5315
114	5361
114	5371
114	5393
114	5403
114	5432
114	5441
114	5450
114	5463
114	5464
114	5512
114	5537
114	5539
114	5568
114	5601
114	5604
114	5613
114	5656
114	5665
114	5707
114	5717
114	5779
114	5781
114	5828
114	5839
114	5843
114	5850
114	5859
114	5866
114	5869
114	5890
114	5932
114	5973
114	6044
114	6051
114	6066
114	6082
114	6099
114	6115
114	6130
114	6143
114	6148
114	6187
114	6214
114	6243
114	6298
114	6318
114	6323
114	6369
114	6383
114	6389
114	6395
114	6407
114	6415
114	6421
114	6424
114	6439
114	6464
114	6483
114	6496
114	6508
114	6583
114	6629
114	6642
114	6649
114	6663
114	6671
114	6682
114	6742
114	6773
114	6774
114	6818
114	6867
114	6896
114	6955
114	6958
114	7023
114	7027
114	7032
114	7041
114	7046
114	7072
114	7078
114	7102
114	7104
114	7114
114	7137
114	7142
114	7171
114	7200
114	7213
114	7252
114	7257
114	7288
114	7294
114	7349
114	7438
114	7442
114	7452
114	7530
114	7545
114	7559
114	7571
114	7597
114	7640
114	7653
114	7677
114	7682
114	7718
114	7728
114	7735
114	7757
114	7769
114	7813
114	7848
114	7876
114	7880
114	7885
114	7895
114	7897
114	7977
114	7981
114	8006
114	8026
114	8027
114	8041
114	8045
114	8064
114	8069
114	8090
114	8159
114	8192
114	8211
114	8239
114	8249
114	8250
114	8266
114	8277
114	8283
114	8355
114	8429
114	8482
114	8495
114	8506
114	8546
114	8575
114	8588
114	8616
114	8623
114	8632
114	8680
114	8681
114	8683
114	8687
114	8712
114	8741
114	8782
114	8818
114	8858
114	8863
114	8881
114	8882
114	8922
114	8955
114	8982
114	9026
114	9077
114	9078
114	9081
114	9095
114	9099
114	9111
114	9114
114	9116
114	9158
114	9210
114	9228
114	9278
114	9302
114	9306
114	9317
114	9361
114	9402
114	9417
114	9421
114	9440
114	9443
114	9454
114	9457
114	9463
114	9477
114	9496
114	9508
114	9519
114	9576
114	9582
114	9583
114	9620
114	9626
114	9641
114	9688
114	9700
114	9705
114	9752
114	9763
114	9817
114	9830
114	9836
114	9842
114	9855
114	9870
114	9886
114	9903
114	9927
114	9935
114	9950
114	9984
114	9985
114	9987
115	3
115	27
115	51
115	74
115	125
115	132
115	155
115	264
115	307
115	332
115	400
115	440
115	562
115	578
115	612
115	813
115	846
115	908
115	970
115	1008
115	1023
115	1054
115	1111
115	1124
115	1147
115	1160
115	1411
115	1415
115	1419
115	1432
115	1476
115	1511
115	1585
115	1764
115	1805
115	1868
115	1875
115	1972
115	2020
115	2076
115	2135
115	2151
115	2165
115	2284
115	2397
115	2403
115	2411
115	2458
115	2539
115	2576
115	2616
115	2630
115	2666
115	2690
115	2791
115	2872
115	2883
115	2892
115	2969
115	3081
115	3203
115	3222
115	3389
115	3485
115	3486
115	3679
115	3687
115	3691
115	3765
115	3804
115	3824
115	3841
115	3940
115	3970
115	3977
115	4033
115	4077
115	4094
115	4140
115	4174
115	4401
115	4424
115	4505
115	4615
115	4668
115	4862
115	4890
115	4978
115	4991
115	5026
115	5032
115	5197
115	5198
115	5223
115	5263
115	5284
115	5303
115	5327
115	5507
115	5555
115	5574
115	5653
115	5729
115	5751
115	5753
115	5799
115	5881
115	6007
115	6008
115	6027
115	6047
115	6057
115	6139
115	6260
115	6308
115	6344
115	6531
115	6568
115	6619
115	6624
115	6673
115	6753
115	6765
115	6802
115	6843
115	7028
115	7082
115	7138
115	7216
115	7316
115	7331
115	7347
115	7403
115	7419
115	7498
115	7512
115	7548
115	7657
115	7731
115	7859
115	7898
115	7960
115	8117
115	8144
115	8212
115	8348
115	8415
115	8507
115	8523
115	8531
115	8572
115	8574
115	8731
115	8823
115	9124
115	9202
115	9277
115	9330
115	9399
115	9467
115	9507
115	9520
115	9543
115	9546
115	9575
115	9660
115	9682
115	9687
115	9710
115	9820
115	9838
116	4
116	566
116	691
116	809
116	1365
116	1443
116	1872
116	1927
116	2066
116	2290
116	2342
116	2612
116	2833
116	3173
116	3197
116	3390
116	3428
116	3521
116	3562
116	3572
116	3581
116	3699
116	3743
116	4031
116	4117
116	4482
116	4773
116	4826
116	4834
116	5317
116	5386
116	5996
116	6236
116	6446
116	6527
116	6551
116	6795
116	6862
116	6892
116	7379
116	7437
116	7614
116	7995
116	8082
116	8101
116	8184
116	8219
116	8259
116	8297
116	8320
116	8493
116	8944
116	9065
116	9123
116	9141
116	9327
116	9553
116	9573
116	9906
116	9945
117	209
117	3101
117	3150
117	3275
117	4501
117	7941
118	8637
