Minimo	Corrida
200	1328
200	2058
200	4393
200	6259
200	9749
201	570
201	1038
201	1884
201	2132
201	2989
201	4089
201	4198
201	4505
201	4544
201	5429
201	5963
201	6484
201	7777
201	9876
202	681
202	925
202	1180
202	1473
202	1595
202	1960
202	2110
202	2287
202	2346
202	2511
202	2789
202	3062
202	3126
202	3794
202	4306
202	4332
202	4698
202	4745
202	4821
202	4964
202	4983
202	5395
202	5660
202	5741
202	6061
202	6738
202	7105
202	7436
202	7561
202	8008
202	8402
202	9813
203	125
203	253
203	288
203	343
203	373
203	393
203	420
203	610
203	832
203	843
203	971
203	1039
203	1092
203	1162
203	1188
203	1257
203	1533
203	1674
203	1783
203	1863
203	1868
203	1908
203	2083
203	2352
203	2468
203	2652
203	2886
203	2904
203	2912
203	2947
203	2950
203	3093
203	3112
203	3176
203	3218
203	3247
203	3451
203	3471
203	3546
203	3563
203	3616
203	3965
203	4195
203	4297
203	4299
203	4473
203	4554
203	4585
203	4844
203	4912
203	4962
203	4999
203	5025
203	5035
203	5183
203	5228
203	5536
203	5571
203	5953
203	6038
203	6054
203	6256
203	6257
203	6273
203	6349
203	6780
203	6789
203	6906
203	6997
203	7013
203	7015
203	7333
203	7338
203	7434
203	7479
203	7629
203	7694
203	7776
203	7832
203	7887
203	8069
203	8127
203	8233
203	8253
203	8263
203	8275
203	8339
203	8363
203	8379
203	8445
203	8594
203	8890
203	9229
203	9301
203	9433
203	9439
203	9511
203	9955
204	4
204	50
204	78
204	89
204	193
204	254
204	395
204	409
204	439
204	549
204	618
204	652
204	666
204	708
204	737
204	822
204	865
204	881
204	907
204	944
204	999
204	1025
204	1044
204	1046
204	1116
204	1198
204	1355
204	1381
204	1402
204	1439
204	1489
204	1555
204	1767
204	1846
204	1888
204	1942
204	2010
204	2043
204	2051
204	2092
204	2105
204	2109
204	2171
204	2198
204	2199
204	2207
204	2237
204	2315
204	2358
204	2374
204	2378
204	2391
204	2396
204	2487
204	2519
204	2546
204	2629
204	2635
204	2663
204	2754
204	2767
204	2803
204	2812
204	2835
204	2845
204	2894
204	2952
204	2953
204	3027
204	3079
204	3089
204	3164
204	3167
204	3174
204	3197
204	3202
204	3394
204	3417
204	3441
204	3556
204	3596
204	3667
204	3692
204	3713
204	3828
204	3848
204	3875
204	4097
204	4122
204	4144
204	4158
204	4220
204	4227
204	4247
204	4258
204	4280
204	4404
204	4405
204	4422
204	4438
204	4484
204	4494
204	4499
204	4506
204	4593
204	4595
204	4617
204	4771
204	4801
204	4851
204	4879
204	4882
204	4921
204	4933
204	4951
204	4952
204	4959
204	5001
204	5053
204	5171
204	5197
204	5211
204	5279
204	5289
204	5320
204	5643
204	5669
204	5672
204	5691
204	5712
204	5718
204	5854
204	5908
204	6005
204	6019
204	6083
204	6092
204	6105
204	6107
204	6195
204	6249
204	6382
204	6446
204	6549
204	6594
204	6620
204	6648
204	6669
204	6686
204	6729
204	6840
204	6946
204	6961
204	6989
204	7016
204	7062
204	7087
204	7092
204	7196
204	7217
204	7261
204	7278
204	7454
204	7478
204	7505
204	7521
204	7553
204	7586
204	7592
204	7602
204	7605
204	7619
204	7652
204	7728
204	7747
204	7801
204	7810
204	7844
204	7946
204	8009
204	8056
204	8057
204	8091
204	8205
204	8228
204	8245
204	8258
204	8267
204	8284
204	8301
204	8397
204	8454
204	8484
204	8493
204	8525
204	8534
204	8542
204	8573
204	8591
204	8656
204	8659
204	8663
204	8681
204	8768
204	8847
204	8921
204	9051
204	9137
204	9163
204	9262
204	9311
204	9388
204	9399
204	9455
204	9492
204	9497
204	9624
204	9639
204	9687
204	9748
204	9783
204	9800
204	9853
204	9979
205	10
205	100
205	111
205	208
205	217
205	256
205	284
205	294
205	296
205	304
205	309
205	317
205	324
205	376
205	381
205	390
205	473
205	477
205	498
205	508
205	517
205	528
205	530
205	534
205	544
205	590
205	596
205	607
205	617
205	622
205	646
205	677
205	697
205	718
205	721
205	723
205	736
205	738
205	741
205	742
205	758
205	838
205	887
205	892
205	904
205	932
205	934
205	970
205	1006
205	1009
205	1012
205	1015
205	1136
205	1137
205	1174
205	1191
205	1192
205	1194
205	1255
205	1267
205	1290
205	1297
205	1301
205	1375
205	1392
205	1420
205	1423
205	1427
205	1478
205	1528
205	1576
205	1593
205	1613
205	1624
205	1630
205	1639
205	1721
205	1748
205	1758
205	1760
205	1786
205	1797
205	1848
205	1851
205	1858
205	1866
205	1913
205	1927
205	1954
205	1972
205	1976
205	1986
205	1988
205	2007
205	2021
205	2041
205	2052
205	2056
205	2117
205	2134
205	2166
205	2216
205	2227
205	2233
205	2332
205	2334
205	2375
205	2379
205	2381
205	2431
205	2474
205	2520
205	2524
205	2528
205	2538
205	2556
205	2561
205	2581
205	2591
205	2604
205	2611
205	2616
205	2617
205	2630
205	2657
205	2677
205	2733
205	2739
205	2753
205	2760
205	2781
205	2799
205	2850
205	2860
205	2873
205	2895
205	2896
205	2902
205	2944
205	2978
205	3020
205	3028
205	3033
205	3036
205	3100
205	3116
205	3145
205	3155
205	3189
205	3209
205	3220
205	3231
205	3279
205	3326
205	3387
205	3389
205	3429
205	3526
205	3565
205	3568
205	3609
205	3649
205	3681
205	3734
205	3736
205	3772
205	3799
205	3807
205	3842
205	3854
205	3865
205	3869
205	3887
205	3922
205	3950
205	3953
205	4039
205	4092
205	4107
205	4108
205	4114
205	4127
205	4136
205	4137
205	4145
205	4152
205	4169
205	4194
205	4206
205	4240
205	4292
205	4295
205	4315
205	4319
205	4326
205	4341
205	4344
205	4363
205	4364
205	4376
205	4391
205	4407
205	4433
205	4445
205	4462
205	4477
205	4523
205	4538
205	4550
205	4602
205	4608
205	4664
205	4672
205	4712
205	4719
205	4744
205	4756
205	4786
205	4792
205	4810
205	4820
205	4831
205	4834
205	4852
205	4856
205	4881
205	4903
205	4918
205	4942
205	4955
205	4976
205	5000
205	5060
205	5061
205	5062
205	5097
205	5099
205	5120
205	5123
205	5139
205	5165
205	5168
205	5175
205	5272
205	5274
205	5325
205	5340
205	5381
205	5420
205	5449
205	5465
205	5495
205	5506
205	5535
205	5568
205	5572
205	5607
205	5614
205	5682
205	5710
205	5740
205	5797
205	5833
205	5834
205	5874
205	5900
205	5946
205	5964
205	6000
205	6012
205	6013
205	6015
205	6022
205	6031
205	6041
205	6042
205	6056
205	6079
205	6110
205	6163
205	6198
205	6217
205	6237
205	6275
205	6283
205	6329
205	6333
205	6364
205	6379
205	6479
205	6501
205	6511
205	6574
205	6590
205	6637
205	6638
205	6657
205	6696
205	6704
205	6720
205	6725
205	6744
205	6760
205	6779
205	6796
205	6807
205	6818
205	6870
205	6902
205	6927
205	7001
205	7008
205	7078
205	7082
205	7124
205	7144
205	7146
205	7180
205	7184
205	7201
205	7207
205	7247
205	7255
205	7256
205	7267
205	7283
205	7345
205	7346
205	7385
205	7406
205	7409
205	7459
205	7518
205	7540
205	7591
205	7620
205	7663
205	7671
205	7689
205	7696
205	7700
205	7721
205	7784
205	7838
205	7840
205	7862
205	7867
205	7886
205	7891
205	7895
205	7908
205	7958
205	7973
205	8055
205	8083
205	8151
205	8174
205	8198
205	8209
205	8238
205	8241
205	8294
205	8300
205	8325
205	8353
205	8374
205	8434
205	8471
205	8488
205	8498
205	8544
205	8549
205	8571
205	8581
205	8590
205	8622
205	8630
205	8646
205	8651
205	8672
205	8688
205	8694
205	8733
205	8755
205	8767
205	8805
205	8841
205	8845
205	8849
205	8872
205	8887
205	8973
205	8974
205	9020
205	9029
205	9030
205	9101
205	9140
205	9168
205	9169
205	9170
205	9183
205	9185
205	9206
205	9217
205	9250
205	9259
205	9263
205	9268
205	9270
205	9355
205	9382
205	9421
205	9442
205	9472
205	9486
205	9491
205	9494
205	9515
205	9550
205	9563
205	9647
205	9677
205	9703
205	9719
205	9784
205	9837
205	9848
205	9906
205	9918
205	9943
205	9960
205	9986
206	24
206	84
206	91
206	99
206	110
206	116
206	128
206	130
206	140
206	145
206	169
206	190
206	202
206	215
206	247
206	252
206	259
206	264
206	265
206	271
206	275
206	279
206	293
206	311
206	315
206	348
206	379
206	380
206	398
206	401
206	404
206	419
206	422
206	432
206	440
206	442
206	444
206	458
206	464
206	526
206	538
206	541
206	552
206	566
206	586
206	601
206	621
206	629
206	641
206	642
206	644
206	668
206	683
206	695
206	720
206	752
206	763
206	770
206	778
206	785
206	797
206	798
206	809
206	815
206	819
206	851
206	867
206	901
206	918
206	968
206	973
206	982
206	984
206	1035
206	1036
206	1042
206	1067
206	1069
206	1074
206	1077
206	1085
206	1088
206	1094
206	1103
206	1117
206	1142
206	1150
206	1151
206	1155
206	1161
206	1211
206	1212
206	1213
206	1224
206	1226
206	1229
206	1240
206	1242
206	1249
206	1264
206	1286
206	1307
206	1312
206	1319
206	1321
206	1341
206	1358
206	1362
206	1363
206	1374
206	1385
206	1395
206	1403
206	1410
206	1443
206	1446
206	1466
206	1468
206	1485
206	1496
206	1497
206	1506
206	1512
206	1515
206	1526
206	1530
206	1547
206	1550
206	1564
206	1568
206	1577
206	1582
206	1632
206	1640
206	1647
206	1662
206	1673
206	1690
206	1709
206	1719
206	1720
206	1761
206	1776
206	1793
206	1802
206	1808
206	1809
206	1815
206	1818
206	1819
206	1824
206	1826
206	1844
206	1856
206	1861
206	1874
206	1893
206	1898
206	1911
206	1912
206	1916
206	1937
206	1939
206	1946
206	1961
206	1977
206	1979
206	1998
206	2004
206	2027
206	2068
206	2077
206	2088
206	2091
206	2153
206	2154
206	2160
206	2170
206	2183
206	2206
206	2218
206	2253
206	2255
206	2257
206	2279
206	2282
206	2292
206	2311
206	2331
206	2337
206	2350
206	2380
206	2389
206	2407
206	2409
206	2413
206	2432
206	2443
206	2456
206	2460
206	2477
206	2489
206	2522
206	2526
206	2542
206	2544
206	2552
206	2569
206	2584
206	2602
206	2605
206	2618
206	2626
206	2628
206	2641
206	2643
206	2648
206	2655
206	2666
206	2678
206	2710
206	2711
206	2718
206	2725
206	2743
206	2775
206	2787
206	2814
206	2815
206	2816
206	2819
206	2832
206	2842
206	2856
206	2861
206	2892
206	2939
206	2946
206	2954
206	2965
206	2974
206	3001
206	3005
206	3023
206	3029
206	3037
206	3042
206	3131
206	3149
206	3212
206	3216
206	3219
206	3233
206	3266
206	3267
206	3294
206	3318
206	3323
206	3334
206	3353
206	3378
206	3393
206	3395
206	3413
206	3416
206	3420
206	3435
206	3438
206	3455
206	3528
206	3541
206	3558
206	3574
206	3606
206	3608
206	3613
206	3627
206	3633
206	3641
206	3656
206	3677
206	3682
206	3686
206	3691
206	3704
206	3735
206	3745
206	3752
206	3760
206	3780
206	3796
206	3798
206	3811
206	3815
206	3847
206	3897
206	3898
206	3927
206	3942
206	3980
206	3991
206	3994
206	3998
206	4001
206	4008
206	4023
206	4028
206	4029
206	4033
206	4043
206	4066
206	4110
206	4113
206	4119
206	4130
206	4133
206	4143
206	4181
206	4197
206	4210
206	4229
206	4230
206	4274
206	4300
206	4312
206	4316
206	4321
206	4322
206	4338
206	4342
206	4345
206	4347
206	4366
206	4367
206	4374
206	4375
206	4409
206	4415
206	4416
206	4431
206	4467
206	4472
206	4502
206	4548
206	4552
206	4553
206	4569
206	4570
206	4575
206	4586
206	4606
206	4613
206	4645
206	4649
206	4652
206	4659
206	4665
206	4696
206	4708
206	4727
206	4734
206	4736
206	4743
206	4769
206	4798
206	4829
206	4836
206	4849
206	4865
206	4866
206	4872
206	4878
206	4922
206	4950
206	4954
206	4974
206	4984
206	4990
206	4991
206	5006
206	5010
206	5016
206	5017
206	5023
206	5037
206	5050
206	5077
206	5096
206	5103
206	5106
206	5107
206	5164
206	5166
206	5188
206	5222
206	5223
206	5232
206	5254
206	5256
206	5265
206	5266
206	5294
206	5299
206	5335
206	5337
206	5342
206	5354
206	5359
206	5378
206	5382
206	5410
206	5421
206	5430
206	5431
206	5445
206	5490
206	5501
206	5529
206	5538
206	5548
206	5558
206	5608
206	5611
206	5616
206	5631
206	5632
206	5687
206	5706
206	5732
206	5735
206	5739
206	5751
206	5759
206	5763
206	5782
206	5783
206	5801
206	5811
206	5816
206	5821
206	5824
206	5836
206	5868
206	5887
206	5889
206	5892
206	5898
206	5904
206	5907
206	5915
206	5919
206	5932
206	5937
206	5965
206	5966
206	5995
206	6008
206	6011
206	6016
206	6048
206	6064
206	6066
206	6074
206	6094
206	6097
206	6159
206	6169
206	6173
206	6197
206	6199
206	6232
206	6241
206	6248
206	6250
206	6254
206	6261
206	6266
206	6270
206	6293
206	6299
206	6300
206	6328
206	6348
206	6358
206	6386
206	6395
206	6396
206	6411
206	6417
206	6423
206	6451
206	6468
206	6507
206	6509
206	6524
206	6530
206	6544
206	6552
206	6570
206	6575
206	6576
206	6614
206	6617
206	6641
206	6653
206	6668
206	6693
206	6702
206	6711
206	6734
206	6736
206	6737
206	6742
206	6749
206	6769
206	6772
206	6819
206	6825
206	6851
206	6854
206	6883
206	6884
206	6890
206	6937
206	6941
206	6978
206	6984
206	7014
206	7018
206	7033
206	7034
206	7061
206	7103
206	7137
206	7174
206	7193
206	7199
206	7206
206	7210
206	7218
206	7229
206	7231
206	7249
206	7253
206	7257
206	7274
206	7291
206	7304
206	7309
206	7341
206	7355
206	7362
206	7364
206	7375
206	7408
206	7415
206	7443
206	7446
206	7449
206	7453
206	7460
206	7524
206	7542
206	7574
206	7575
206	7600
206	7610
206	7614
206	7642
206	7659
206	7688
206	7702
206	7706
206	7710
206	7724
206	7759
206	7763
206	7788
206	7800
206	7802
206	7809
206	7813
206	7818
206	7825
206	7829
206	7830
206	7836
206	7852
206	7855
206	7858
206	7861
206	7869
206	7921
206	7935
206	7954
206	7971
206	7993
206	7999
206	8006
206	8026
206	8036
206	8062
206	8076
206	8077
206	8081
206	8082
206	8087
206	8093
206	8096
206	8105
206	8110
206	8116
206	8123
206	8166
206	8167
206	8203
206	8204
206	8213
206	8229
206	8236
206	8247
206	8250
206	8289
206	8299
206	8319
206	8332
206	8335
206	8336
206	8356
206	8360
206	8373
206	8387
206	8390
206	8400
206	8411
206	8429
206	8440
206	8456
206	8507
206	8516
206	8537
206	8543
206	8586
206	8606
206	8625
206	8629
206	8634
206	8636
206	8640
206	8652
206	8692
206	8711
206	8725
206	8737
206	8743
206	8795
206	8829
206	8832
206	8865
206	8873
206	8875
206	8876
206	8896
206	8898
206	8930
206	8945
206	8958
206	8968
206	9002
206	9009
206	9027
206	9042
206	9077
206	9082
206	9099
206	9144
206	9145
206	9165
206	9167
206	9190
206	9198
206	9226
206	9230
206	9231
206	9239
206	9272
206	9310
206	9322
206	9328
206	9342
206	9346
206	9362
206	9386
206	9387
206	9393
206	9397
206	9404
206	9422
206	9423
206	9427
206	9429
206	9431
206	9438
206	9445
206	9465
206	9473
206	9485
206	9489
206	9501
206	9510
206	9529
206	9532
206	9554
206	9560
206	9565
206	9575
206	9630
206	9673
206	9684
206	9686
206	9700
206	9726
206	9734
206	9752
206	9763
206	9785
206	9823
206	9838
206	9851
206	9865
206	9883
206	9897
206	9908
206	9919
206	9951
206	9954
206	9968
206	9969
206	9995
207	3
207	7
207	21
207	29
207	39
207	70
207	75
207	85
207	98
207	108
207	115
207	127
207	129
207	134
207	138
207	159
207	172
207	177
207	192
207	195
207	223
207	233
207	237
207	245
207	270
207	282
207	292
207	307
207	326
207	327
207	331
207	337
207	357
207	360
207	361
207	368
207	372
207	400
207	423
207	445
207	449
207	457
207	482
207	485
207	490
207	496
207	504
207	516
207	522
207	558
207	562
207	564
207	569
207	574
207	576
207	580
207	583
207	591
207	598
207	602
207	609
207	620
207	627
207	630
207	636
207	637
207	670
207	671
207	680
207	691
207	693
207	700
207	716
207	719
207	726
207	728
207	730
207	750
207	753
207	762
207	766
207	773
207	779
207	796
207	800
207	812
207	818
207	834
207	839
207	844
207	847
207	858
207	896
207	920
207	922
207	953
207	955
207	959
207	963
207	988
207	1000
207	1002
207	1017
207	1020
207	1029
207	1040
207	1054
207	1076
207	1083
207	1089
207	1090
207	1104
207	1108
207	1111
207	1130
207	1139
207	1146
207	1156
207	1166
207	1181
207	1200
207	1204
207	1209
207	1227
207	1228
207	1231
207	1233
207	1235
207	1259
207	1271
207	1274
207	1285
207	1324
207	1339
207	1340
207	1345
207	1361
207	1364
207	1370
207	1389
207	1393
207	1401
207	1404
207	1409
207	1412
207	1417
207	1456
207	1460
207	1463
207	1467
207	1469
207	1472
207	1475
207	1476
207	1507
207	1508
207	1523
207	1536
207	1540
207	1551
207	1561
207	1580
207	1584
207	1589
207	1591
207	1598
207	1602
207	1622
207	1623
207	1650
207	1685
207	1688
207	1693
207	1704
207	1706
207	1732
207	1738
207	1749
207	1754
207	1766
207	1771
207	1787
207	1795
207	1799
207	1805
207	1812
207	1814
207	1827
207	1830
207	1833
207	1841
207	1857
207	1865
207	1872
207	1873
207	1886
207	1890
207	1909
207	1917
207	1928
207	1933
207	1935
207	1938
207	1940
207	1950
207	1975
207	1991
207	2002
207	2016
207	2019
207	2023
207	2035
207	2059
207	2063
207	2104
207	2108
207	2122
207	2136
207	2139
207	2143
207	2164
207	2178
207	2182
207	2186
207	2196
207	2209
207	2211
207	2212
207	2220
207	2225
207	2229
207	2238
207	2242
207	2297
207	2309
207	2321
207	2322
207	2325
207	2342
207	2343
207	2344
207	2357
207	2360
207	2365
207	2384
207	2411
207	2433
207	2441
207	2448
207	2452
207	2478
207	2500
207	2518
207	2530
207	2531
207	2537
207	2548
207	2550
207	2603
207	2607
207	2619
207	2645
207	2650
207	2658
207	2674
207	2681
207	2702
207	2703
207	2705
207	2713
207	2715
207	2716
207	2723
207	2728
207	2729
207	2731
207	2744
207	2752
207	2766
207	2782
207	2795
207	2797
207	2806
207	2809
207	2817
207	2831
207	2849
207	2854
207	2855
207	2870
207	2881
207	2899
207	2901
207	2905
207	2926
207	2941
207	2945
207	2960
207	2971
207	2994
207	3002
207	3014
207	3015
207	3038
207	3055
207	3064
207	3066
207	3068
207	3082
207	3092
207	3104
207	3119
207	3122
207	3127
207	3134
207	3137
207	3141
207	3144
207	3152
207	3158
207	3163
207	3177
207	3198
207	3199
207	3201
207	3222
207	3223
207	3227
207	3234
207	3237
207	3246
207	3258
207	3272
207	3273
207	3277
207	3284
207	3288
207	3290
207	3293
207	3296
207	3312
207	3314
207	3317
207	3327
207	3331
207	3333
207	3335
207	3337
207	3344
207	3355
207	3371
207	3375
207	3381
207	3382
207	3384
207	3397
207	3398
207	3402
207	3405
207	3406
207	3426
207	3457
207	3459
207	3460
207	3461
207	3465
207	3466
207	3479
207	3494
207	3498
207	3503
207	3522
207	3523
207	3536
207	3539
207	3545
207	3554
207	3562
207	3618
207	3623
207	3639
207	3642
207	3660
207	3683
207	3687
207	3720
207	3726
207	3731
207	3738
207	3739
207	3757
207	3767
207	3782
207	3813
207	3814
207	3820
207	3844
207	3862
207	3863
207	3867
207	3878
207	3893
207	3894
207	3912
207	3932
207	3938
207	3943
207	3961
207	3967
207	3982
207	3983
207	3985
207	3993
207	4004
207	4017
207	4035
207	4048
207	4051
207	4052
207	4054
207	4060
207	4070
207	4075
207	4093
207	4115
207	4140
207	4142
207	4150
207	4161
207	4164
207	4168
207	4170
207	4173
207	4184
207	4204
207	4213
207	4225
207	4232
207	4236
207	4246
207	4264
207	4275
207	4279
207	4286
207	4290
207	4298
207	4310
207	4314
207	4339
207	4349
207	4351
207	4358
207	4362
207	4369
207	4372
207	4380
207	4383
207	4389
207	4406
207	4429
207	4435
207	4460
207	4480
207	4492
207	4495
207	4515
207	4522
207	4531
207	4562
207	4568
207	4582
207	4611
207	4622
207	4623
207	4634
207	4647
207	4650
207	4653
207	4658
207	4680
207	4694
207	4706
207	4714
207	4720
207	4729
207	4732
207	4733
207	4768
207	4781
207	4783
207	4791
207	4799
207	4832
207	4846
207	4850
207	4857
207	4894
207	4897
207	4904
207	4925
207	4927
207	4937
207	4953
207	4971
207	4973
207	5011
207	5012
207	5026
207	5040
207	5057
207	5063
207	5072
207	5080
207	5083
207	5090
207	5093
207	5109
207	5112
207	5115
207	5135
207	5138
207	5174
207	5181
207	5189
207	5191
207	5224
207	5226
207	5229
207	5247
207	5252
207	5258
207	5278
207	5283
207	5306
207	5308
207	5318
207	5324
207	5327
207	5330
207	5331
207	5341
207	5345
207	5347
207	5360
207	5363
207	5367
207	5375
207	5376
207	5380
207	5397
207	5401
207	5402
207	5417
207	5425
207	5433
207	5436
207	5439
207	5450
207	5456
207	5457
207	5459
207	5460
207	5466
207	5473
207	5475
207	5488
207	5489
207	5505
207	5512
207	5517
207	5527
207	5530
207	5533
207	5539
207	5540
207	5547
207	5549
207	5550
207	5578
207	5579
207	5585
207	5589
207	5613
207	5622
207	5630
207	5634
207	5639
207	5649
207	5651
207	5664
207	5667
207	5671
207	5677
207	5689
207	5692
207	5704
207	5715
207	5717
207	5720
207	5724
207	5738
207	5749
207	5761
207	5769
207	5780
207	5807
207	5809
207	5813
207	5818
207	5830
207	5835
207	5839
207	5844
207	5846
207	5847
207	5851
207	5860
207	5862
207	5866
207	5877
207	5902
207	5911
207	5923
207	5928
207	5945
207	5958
207	5967
207	5987
207	6021
207	6025
207	6034
207	6045
207	6059
207	6063
207	6087
207	6088
207	6090
207	6095
207	6098
207	6099
207	6106
207	6117
207	6120
207	6134
207	6138
207	6141
207	6144
207	6155
207	6164
207	6185
207	6206
207	6221
207	6224
207	6253
207	6264
207	6285
207	6289
207	6294
207	6297
207	6313
207	6316
207	6331
207	6341
207	6351
207	6357
207	6363
207	6387
207	6402
207	6414
207	6419
207	6421
207	6431
207	6437
207	6445
207	6449
207	6462
207	6466
207	6490
207	6520
207	6528
207	6555
207	6573
207	6578
207	6579
207	6582
207	6600
207	6603
207	6624
207	6632
207	6650
207	6656
207	6660
207	6681
207	6689
207	6692
207	6698
207	6708
207	6724
207	6727
207	6728
207	6732
207	6735
207	6743
207	6750
207	6757
207	6770
207	6781
207	6787
207	6793
207	6801
207	6820
207	6821
207	6824
207	6852
207	6859
207	6860
207	6863
207	6866
207	6887
207	6892
207	6898
207	6905
207	6917
207	6928
207	6929
207	6963
207	6970
207	6971
207	6972
207	6973
207	6983
207	6987
207	6993
207	6998
207	7005
207	7007
207	7011
207	7019
207	7020
207	7036
207	7040
207	7042
207	7048
207	7050
207	7055
207	7075
207	7113
207	7118
207	7119
207	7148
207	7153
207	7159
207	7160
207	7170
207	7197
207	7221
207	7222
207	7232
207	7233
207	7234
207	7240
207	7246
207	7260
207	7280
207	7284
207	7292
207	7311
207	7316
207	7318
207	7319
207	7332
207	7339
207	7342
207	7347
207	7351
207	7389
207	7398
207	7402
207	7410
207	7418
207	7420
207	7431
207	7435
207	7441
207	7442
207	7488
207	7498
207	7499
207	7501
207	7533
207	7534
207	7550
207	7551
207	7556
207	7558
207	7560
207	7562
207	7588
207	7599
207	7608
207	7621
207	7622
207	7632
207	7636
207	7638
207	7654
207	7662
207	7665
207	7670
207	7674
207	7678
207	7697
207	7709
207	7719
207	7744
207	7748
207	7749
207	7752
207	7765
207	7774
207	7778
207	7789
207	7811
207	7816
207	7833
207	7848
207	7854
207	7860
207	7900
207	7903
207	7904
207	7905
207	7909
207	7914
207	7930
207	7934
207	7941
207	7945
207	7994
207	8002
207	8007
207	8017
207	8018
207	8025
207	8029
207	8046
207	8051
207	8092
207	8128
207	8132
207	8135
207	8145
207	8147
207	8153
207	8159
207	8160
207	8169
207	8170
207	8171
207	8175
207	8208
207	8215
207	8223
207	8268
207	8271
207	8276
207	8281
207	8287
207	8298
207	8316
207	8322
207	8329
207	8345
207	8352
207	8368
207	8380
207	8384
207	8386
207	8403
207	8416
207	8418
207	8420
207	8424
207	8431
207	8448
207	8450
207	8459
207	8466
207	8474
207	8482
207	8485
207	8499
207	8503
207	8531
207	8536
207	8538
207	8545
207	8547
207	8548
207	8564
207	8583
207	8585
207	8601
207	8605
207	8620
207	8624
207	8635
207	8638
207	8643
207	8653
207	8661
207	8666
207	8670
207	8673
207	8682
207	8685
207	8690
207	8693
207	8695
207	8702
207	8709
207	8721
207	8732
207	8738
207	8742
207	8756
207	8760
207	8762
207	8763
207	8766
207	8774
207	8775
207	8801
207	8809
207	8820
207	8823
207	8824
207	8825
207	8827
207	8830
207	8840
207	8843
207	8846
207	8848
207	8864
207	8866
207	8868
207	8869
207	8881
207	8888
207	8892
207	8894
207	8899
207	8915
207	8925
207	8928
207	8957
207	8962
207	8983
207	8994
207	8998
207	9016
207	9017
207	9022
207	9023
207	9031
207	9046
207	9064
207	9071
207	9085
207	9088
207	9090
207	9091
207	9092
207	9114
207	9118
207	9130
207	9135
207	9152
207	9173
207	9176
207	9178
207	9201
207	9222
207	9243
207	9255
207	9288
207	9296
207	9298
207	9299
207	9312
207	9313
207	9333
207	9339
207	9361
207	9363
207	9366
207	9371
207	9375
207	9385
207	9408
207	9410
207	9413
207	9434
207	9436
207	9447
207	9452
207	9458
207	9459
207	9466
207	9469
207	9474
207	9476
207	9493
207	9496
207	9523
207	9524
207	9530
207	9540
207	9541
207	9543
207	9546
207	9551
207	9564
207	9584
207	9587
207	9594
207	9598
207	9600
207	9601
207	9608
207	9658
207	9661
207	9678
207	9679
207	9685
207	9699
207	9722
207	9725
207	9728
207	9733
207	9753
207	9756
207	9758
207	9767
207	9774
207	9778
207	9781
207	9782
207	9810
207	9832
207	9836
207	9839
207	9844
207	9860
207	9875
207	9892
207	9903
207	9910
207	9926
207	9936
207	9944
207	9946
207	9947
207	9950
207	9956
207	9967
207	9978
207	9981
207	9989
208	6
208	18
208	32
208	34
208	40
208	43
208	45
208	53
208	66
208	69
208	71
208	101
208	104
208	105
208	119
208	121
208	144
208	146
208	151
208	152
208	158
208	164
208	174
208	180
208	181
208	188
208	189
208	191
208	203
208	207
208	209
208	225
208	227
208	230
208	235
208	274
208	277
208	280
208	301
208	312
208	333
208	335
208	336
208	342
208	345
208	353
208	370
208	377
208	397
208	428
208	429
208	433
208	436
208	438
208	456
208	463
208	479
208	481
208	495
208	497
208	500
208	507
208	524
208	533
208	535
208	542
208	545
208	561
208	565
208	571
208	581
208	599
208	603
208	614
208	615
208	619
208	626
208	648
208	651
208	655
208	661
208	674
208	675
208	687
208	702
208	707
208	710
208	722
208	724
208	733
208	734
208	746
208	759
208	761
208	768
208	787
208	789
208	825
208	845
208	850
208	855
208	857
208	864
208	868
208	872
208	891
208	894
208	897
208	917
208	923
208	924
208	933
208	943
208	956
208	978
208	981
208	985
208	991
208	998
208	1001
208	1003
208	1005
208	1010
208	1011
208	1016
208	1053
208	1064
208	1075
208	1095
208	1106
208	1107
208	1115
208	1121
208	1122
208	1129
208	1138
208	1159
208	1164
208	1176
208	1178
208	1214
208	1215
208	1216
208	1223
208	1234
208	1247
208	1250
208	1254
208	1258
208	1268
208	1273
208	1275
208	1281
208	1289
208	1296
208	1298
208	1308
208	1313
208	1314
208	1316
208	1322
208	1336
208	1347
208	1354
208	1366
208	1369
208	1380
208	1411
208	1413
208	1419
208	1429
208	1432
208	1452
208	1462
208	1464
208	1465
208	1477
208	1486
208	1488
208	1499
208	1504
208	1518
208	1524
208	1527
208	1534
208	1537
208	1544
208	1546
208	1553
208	1563
208	1567
208	1571
208	1578
208	1579
208	1586
208	1592
208	1600
208	1601
208	1610
208	1614
208	1615
208	1617
208	1626
208	1629
208	1633
208	1637
208	1641
208	1643
208	1645
208	1655
208	1663
208	1664
208	1666
208	1667
208	1670
208	1671
208	1675
208	1689
208	1694
208	1695
208	1702
208	1712
208	1713
208	1722
208	1727
208	1729
208	1734
208	1735
208	1737
208	1753
208	1759
208	1769
208	1780
208	1782
208	1788
208	1794
208	1803
208	1804
208	1810
208	1816
208	1820
208	1822
208	1831
208	1834
208	1838
208	1840
208	1862
208	1867
208	1869
208	1877
208	1885
208	1891
208	1896
208	1907
208	1921
208	1930
208	1934
208	1949
208	1953
208	1958
208	1962
208	1982
208	1984
208	1987
208	1989
208	2020
208	2030
208	2031
208	2033
208	2034
208	2044
208	2045
208	2048
208	2049
208	2053
208	2062
208	2065
208	2069
208	2070
208	2071
208	2079
208	2087
208	2095
208	2113
208	2119
208	2126
208	2128
208	2131
208	2141
208	2146
208	2157
208	2172
208	2175
208	2176
208	2179
208	2185
208	2189
208	2192
208	2213
208	2215
208	2230
208	2241
208	2258
208	2275
208	2278
208	2288
208	2294
208	2295
208	2299
208	2300
208	2307
208	2308
208	2313
208	2327
208	2347
208	2349
208	2356
208	2361
208	2368
208	2392
208	2394
208	2397
208	2398
208	2417
208	2422
208	2427
208	2450
208	2451
208	2457
208	2461
208	2462
208	2463
208	2467
208	2469
208	2472
208	2479
208	2484
208	2490
208	2491
208	2505
208	2509
208	2510
208	2521
208	2523
208	2541
208	2547
208	2555
208	2567
208	2574
208	2578
208	2589
208	2594
208	2608
208	2609
208	2612
208	2620
208	2639
208	2640
208	2646
208	2647
208	2668
208	2669
208	2672
208	2680
208	2682
208	2686
208	2693
208	2697
208	2708
208	2714
208	2741
208	2747
208	2749
208	2758
208	2785
208	2786
208	2788
208	2794
208	2800
208	2802
208	2808
208	2837
208	2848
208	2862
208	2866
208	2872
208	2891
208	2903
208	2917
208	2919
208	2942
208	2943
208	2976
208	2977
208	2981
208	2982
208	2985
208	2999
208	3007
208	3008
208	3010
208	3012
208	3018
208	3032
208	3041
208	3056
208	3060
208	3069
208	3071
208	3072
208	3076
208	3078
208	3095
208	3098
208	3133
208	3142
208	3146
208	3154
208	3165
208	3168
208	3183
208	3192
208	3194
208	3200
208	3211
208	3214
208	3215
208	3221
208	3228
208	3236
208	3239
208	3240
208	3244
208	3245
208	3255
208	3264
208	3269
208	3271
208	3275
208	3276
208	3278
208	3280
208	3287
208	3289
208	3292
208	3302
208	3304
208	3315
208	3316
208	3319
208	3336
208	3354
208	3358
208	3373
208	3376
208	3396
208	3399
208	3408
208	3409
208	3419
208	3450
208	3454
208	3458
208	3472
208	3473
208	3475
208	3477
208	3478
208	3480
208	3486
208	3490
208	3499
208	3500
208	3509
208	3513
208	3514
208	3516
208	3525
208	3534
208	3535
208	3550
208	3557
208	3572
208	3577
208	3598
208	3603
208	3610
208	3628
208	3655
208	3663
208	3665
208	3668
208	3690
208	3701
208	3702
208	3705
208	3709
208	3710
208	3715
208	3718
208	3724
208	3729
208	3732
208	3733
208	3744
208	3766
208	3770
208	3771
208	3784
208	3788
208	3809
208	3821
208	3827
208	3834
208	3849
208	3852
208	3857
208	3859
208	3861
208	3864
208	3879
208	3885
208	3890
208	3902
208	3906
208	3916
208	3931
208	3934
208	3936
208	3940
208	3941
208	3944
208	3947
208	3951
208	3956
208	3957
208	3959
208	3964
208	3970
208	3973
208	3988
208	4006
208	4011
208	4013
208	4014
208	4024
208	4025
208	4034
208	4049
208	4077
208	4082
208	4084
208	4090
208	4094
208	4104
208	4121
208	4126
208	4132
208	4135
208	4180
208	4199
208	4203
208	4207
208	4214
208	4224
208	4226
208	4234
208	4242
208	4249
208	4251
208	4254
208	4255
208	4259
208	4265
208	4266
208	4276
208	4277
208	4291
208	4301
208	4309
208	4317
208	4320
208	4354
208	4359
208	4371
208	4384
208	4388
208	4392
208	4396
208	4402
208	4408
208	4417
208	4419
208	4423
208	4425
208	4428
208	4434
208	4436
208	4437
208	4442
208	4443
208	4463
208	4469
208	4487
208	4496
208	4503
208	4509
208	4519
208	4525
208	4528
208	4540
208	4543
208	4551
208	4555
208	4558
208	4564
208	4573
208	4574
208	4603
208	4636
208	4654
208	4657
208	4686
208	4704
208	4709
208	4717
208	4725
208	4742
208	4755
208	4765
208	4770
208	4774
208	4785
208	4795
208	4819
208	4823
208	4858
208	4870
208	4875
208	4884
208	4886
208	4888
208	4891
208	4907
208	4914
208	4915
208	4919
208	4928
208	4929
208	4932
208	4935
208	4938
208	4939
208	4946
208	4948
208	4958
208	4978
208	4992
208	4995
208	5021
208	5028
208	5029
208	5038
208	5071
208	5086
208	5088
208	5116
208	5125
208	5136
208	5142
208	5148
208	5149
208	5150
208	5151
208	5153
208	5159
208	5162
208	5172
208	5178
208	5182
208	5184
208	5204
208	5207
208	5244
208	5246
208	5268
208	5285
208	5298
208	5310
208	5313
208	5316
208	5317
208	5323
208	5351
208	5356
208	5357
208	5362
208	5364
208	5385
208	5398
208	5408
208	5416
208	5419
208	5426
208	5437
208	5440
208	5444
208	5451
208	5464
208	5467
208	5477
208	5480
208	5482
208	5498
208	5511
208	5513
208	5521
208	5544
208	5577
208	5586
208	5592
208	5621
208	5642
208	5655
208	5658
208	5659
208	5674
208	5679
208	5680
208	5686
208	5730
208	5737
208	5755
208	5768
208	5772
208	5775
208	5784
208	5786
208	5790
208	5793
208	5802
208	5804
208	5805
208	5806
208	5823
208	5832
208	5838
208	5840
208	5841
208	5856
208	5858
208	5859
208	5863
208	5865
208	5867
208	5872
208	5875
208	5878
208	5881
208	5884
208	5888
208	5893
208	5901
208	5912
208	5920
208	5922
208	5926
208	5927
208	5929
208	5935
208	5942
208	5956
208	5969
208	5977
208	5981
208	5982
208	5984
208	5991
208	5994
208	5997
208	6023
208	6024
208	6037
208	6075
208	6078
208	6081
208	6082
208	6084
208	6093
208	6096
208	6102
208	6119
208	6122
208	6127
208	6132
208	6137
208	6145
208	6152
208	6154
208	6165
208	6167
208	6178
208	6181
208	6190
208	6196
208	6207
208	6235
208	6238
208	6243
208	6255
208	6262
208	6267
208	6271
208	6274
208	6278
208	6282
208	6314
208	6318
208	6320
208	6321
208	6361
208	6366
208	6370
208	6389
208	6390
208	6394
208	6400
208	6408
208	6413
208	6418
208	6436
208	6439
208	6442
208	6453
208	6456
208	6459
208	6463
208	6471
208	6476
208	6483
208	6486
208	6504
208	6505
208	6506
208	6516
208	6540
208	6547
208	6558
208	6563
208	6564
208	6568
208	6577
208	6588
208	6589
208	6592
208	6596
208	6601
208	6607
208	6615
208	6625
208	6635
208	6644
208	6663
208	6665
208	6666
208	6674
208	6678
208	6706
208	6707
208	6712
208	6714
208	6716
208	6721
208	6733
208	6741
208	6745
208	6748
208	6751
208	6753
208	6766
208	6775
208	6782
208	6792
208	6798
208	6805
208	6806
208	6822
208	6823
208	6829
208	6833
208	6835
208	6842
208	6843
208	6853
208	6861
208	6879
208	6885
208	6918
208	6930
208	6933
208	6934
208	6949
208	6966
208	6967
208	6968
208	6980
208	6981
208	6991
208	6992
208	7000
208	7006
208	7009
208	7010
208	7021
208	7025
208	7027
208	7032
208	7049
208	7052
208	7058
208	7060
208	7063
208	7065
208	7076
208	7079
208	7083
208	7084
208	7089
208	7093
208	7112
208	7123
208	7145
208	7162
208	7163
208	7167
208	7173
208	7175
208	7177
208	7183
208	7185
208	7186
208	7190
208	7191
208	7194
208	7200
208	7205
208	7243
208	7244
208	7245
208	7252
208	7258
208	7268
208	7286
208	7289
208	7303
208	7310
208	7321
208	7331
208	7340
208	7363
208	7366
208	7374
208	7377
208	7378
208	7381
208	7384
208	7400
208	7405
208	7411
208	7412
208	7413
208	7432
208	7470
208	7475
208	7484
208	7485
208	7515
208	7527
208	7530
208	7541
208	7545
208	7546
208	7557
208	7565
208	7572
208	7576
208	7580
208	7590
208	7631
208	7633
208	7647
208	7648
208	7653
208	7657
208	7660
208	7668
208	7672
208	7673
208	7677
208	7679
208	7680
208	7691
208	7703
208	7704
208	7708
208	7712
208	7731
208	7734
208	7735
208	7736
208	7739
208	7750
208	7753
208	7758
208	7769
208	7782
208	7795
208	7797
208	7803
208	7805
208	7808
208	7826
208	7831
208	7834
208	7835
208	7846
208	7847
208	7856
208	7879
208	7883
208	7885
208	7888
208	7894
208	7897
208	7898
208	7899
208	7906
208	7913
208	7915
208	7922
208	7925
208	7928
208	7932
208	7936
208	7947
208	7948
208	7961
208	7964
208	7974
208	7989
208	7995
208	7997
208	8003
208	8013
208	8022
208	8023
208	8027
208	8043
208	8044
208	8045
208	8059
208	8061
208	8067
208	8071
208	8073
208	8075
208	8090
208	8094
208	8099
208	8102
208	8108
208	8109
208	8124
208	8125
208	8142
208	8146
208	8156
208	8162
208	8163
208	8179
208	8194
208	8196
208	8217
208	8227
208	8231
208	8240
208	8251
208	8252
208	8256
208	8270
208	8272
208	8278
208	8282
208	8285
208	8292
208	8309
208	8323
208	8327
208	8347
208	8350
208	8357
208	8361
208	8362
208	8369
208	8371
208	8383
208	8396
208	8401
208	8409
208	8410
208	8412
208	8414
208	8417
208	8428
208	8430
208	8438
208	8446
208	8449
208	8452
208	8453
208	8463
208	8464
208	8468
208	8475
208	8479
208	8483
208	8501
208	8506
208	8511
208	8512
208	8514
208	8517
208	8519
208	8520
208	8527
208	8546
208	8554
208	8558
208	8561
208	8570
208	8577
208	8578
208	8599
208	8600
208	8615
208	8627
208	8632
208	8637
208	8644
208	8648
208	8665
208	8679
208	8687
208	8689
208	8691
208	8708
208	8712
208	8722
208	8724
208	8736
208	8739
208	8745
208	8748
208	8751
208	8752
208	8776
208	8778
208	8779
208	8782
208	8787
208	8788
208	8796
208	8826
208	8831
208	8836
208	8857
208	8859
208	8862
208	8877
208	8880
208	8904
208	8913
208	8916
208	8929
208	8937
208	8948
208	8951
208	8959
208	8965
208	8972
208	8979
208	8993
208	9005
208	9006
208	9007
208	9024
208	9059
208	9076
208	9097
208	9100
208	9105
208	9106
208	9109
208	9112
208	9125
208	9126
208	9131
208	9146
208	9154
208	9174
208	9189
208	9200
208	9207
208	9211
208	9214
208	9223
208	9238
208	9240
208	9241
208	9251
208	9252
208	9253
208	9265
208	9266
208	9273
208	9275
208	9277
208	9289
208	9303
208	9319
208	9331
208	9337
208	9347
208	9352
208	9358
208	9364
208	9372
208	9380
208	9381
208	9391
208	9407
208	9416
208	9417
208	9430
208	9437
208	9440
208	9448
208	9462
208	9471
208	9480
208	9483
208	9487
208	9500
208	9504
208	9505
208	9506
208	9517
208	9520
208	9526
208	9535
208	9549
208	9556
208	9561
208	9566
208	9567
208	9573
208	9579
208	9586
208	9588
208	9590
208	9593
208	9596
208	9609
208	9613
208	9614
208	9616
208	9618
208	9634
208	9637
208	9642
208	9644
208	9645
208	9652
208	9657
208	9667
208	9669
208	9694
208	9696
208	9698
208	9701
208	9709
208	9711
208	9724
208	9735
208	9737
208	9764
208	9771
208	9787
208	9792
208	9794
208	9806
208	9809
208	9825
208	9828
208	9833
208	9846
208	9852
208	9854
208	9855
208	9858
208	9861
208	9864
208	9877
208	9884
208	9891
208	9899
208	9900
208	9915
208	9917
208	9924
208	9930
208	9931
208	9937
208	9963
208	9972
208	9975
208	9988
208	9996
209	0
209	5
209	15
209	17
209	19
209	28
209	31
209	46
209	55
209	62
209	72
209	73
209	95
209	102
209	107
209	114
209	117
209	120
209	132
209	133
209	137
209	139
209	154
209	155
209	163
209	167
209	176
209	179
209	194
209	197
209	198
209	199
209	205
209	206
209	213
209	226
209	238
209	248
209	255
209	257
209	267
209	269
209	272
209	283
209	285
209	287
209	295
209	302
209	303
209	305
209	318
209	323
209	349
209	350
209	354
209	355
209	358
209	362
209	369
209	374
209	382
209	383
209	405
209	407
209	410
209	411
209	413
209	421
209	431
209	434
209	443
209	447
209	448
209	452
209	453
209	455
209	466
209	471
209	483
209	489
209	493
209	506
209	515
209	521
209	527
209	529
209	536
209	546
209	554
209	555
209	568
209	575
209	588
209	592
209	593
209	594
209	595
209	611
209	616
209	628
209	635
209	643
209	649
209	650
209	660
209	663
209	673
209	682
209	684
209	686
209	689
209	705
209	711
209	713
209	732
209	735
209	743
209	754
209	767
209	782
209	784
209	791
209	801
209	802
209	804
209	808
209	826
209	830
209	833
209	842
209	849
209	859
209	860
209	862
209	863
209	886
209	890
209	900
209	902
209	906
209	908
209	910
209	914
209	915
209	921
209	927
209	937
209	949
209	958
209	967
209	972
209	977
209	980
209	989
209	995
209	1008
209	1014
209	1018
209	1027
209	1032
209	1037
209	1041
209	1047
209	1049
209	1050
209	1057
209	1058
209	1059
209	1060
209	1061
209	1062
209	1066
209	1068
209	1071
209	1080
209	1084
209	1093
209	1097
209	1109
209	1112
209	1118
209	1119
209	1132
209	1141
209	1144
209	1152
209	1165
209	1169
209	1177
209	1179
209	1189
209	1190
209	1197
209	1206
209	1207
209	1208
209	1218
209	1220
209	1238
209	1239
209	1243
209	1245
209	1262
209	1263
209	1265
209	1266
209	1269
209	1272
209	1283
209	1288
209	1292
209	1300
209	1302
209	1320
209	1326
209	1327
209	1329
209	1338
209	1343
209	1344
209	1348
209	1365
209	1367
209	1372
209	1373
209	1390
209	1408
209	1428
209	1434
209	1438
209	1440
209	1448
209	1454
209	1484
209	1494
209	1503
209	1513
209	1514
209	1532
209	1539
209	1558
209	1562
209	1569
209	1573
209	1575
209	1583
209	1616
209	1628
209	1634
209	1642
209	1644
209	1646
209	1649
209	1659
209	1678
209	1692
209	1701
209	1715
209	1716
209	1723
209	1739
209	1744
209	1752
209	1762
209	1768
209	1773
209	1775
209	1781
209	1790
209	1791
209	1792
209	1796
209	1806
209	1817
209	1821
209	1829
209	1835
209	1836
209	1855
209	1875
209	1876
209	1879
209	1882
209	1892
209	1899
209	1902
209	1903
209	1905
209	1906
209	1914
209	1920
209	1922
209	1926
209	1936
209	1943
209	1944
209	1948
209	1959
209	1963
209	1964
209	1965
209	1968
209	1970
209	1973
209	1974
209	1981
209	1983
209	1990
209	2001
209	2015
209	2022
209	2029
209	2032
209	2036
209	2047
209	2055
209	2060
209	2073
209	2080
209	2089
209	2099
209	2100
209	2106
209	2116
209	2118
209	2123
209	2127
209	2129
209	2130
209	2145
209	2148
209	2149
209	2162
209	2197
209	2201
209	2214
209	2228
209	2231
209	2236
209	2243
209	2246
209	2247
209	2248
209	2250
209	2252
209	2269
209	2270
209	2273
209	2289
209	2301
209	2303
209	2312
209	2317
209	2320
209	2326
209	2329
209	2335
209	2336
209	2338
209	2339
209	2345
209	2351
209	2362
209	2363
209	2364
209	2369
209	2370
209	2373
209	2383
209	2388
209	2399
209	2420
209	2424
209	2426
209	2436
209	2446
209	2458
209	2466
209	2473
209	2488
209	2492
209	2493
209	2502
209	2508
209	2513
209	2514
209	2516
209	2533
209	2536
209	2539
209	2554
209	2558
209	2559
209	2570
209	2577
209	2583
209	2588
209	2595
209	2596
209	2598
209	2601
209	2615
209	2624
209	2625
209	2627
209	2636
209	2651
209	2653
209	2656
209	2664
209	2667
209	2676
209	2684
209	2685
209	2687
209	2689
209	2691
209	2695
209	2700
209	2701
209	2707
209	2735
209	2736
209	2740
209	2756
209	2761
209	2772
209	2773
209	2774
209	2779
209	2792
209	2807
209	2813
209	2823
209	2826
209	2827
209	2838
209	2841
209	2843
209	2847
209	2852
209	2857
209	2859
209	2863
209	2867
209	2871
209	2874
209	2876
209	2882
209	2885
209	2897
209	2908
209	2913
209	2915
209	2921
209	2922
209	2924
209	2929
209	2930
209	2968
209	2975
209	2984
209	2988
209	2995
209	3000
209	3003
209	3006
209	3011
209	3016
209	3017
209	3035
209	3043
209	3048
209	3054
209	3067
209	3084
209	3106
209	3115
209	3117
209	3136
209	3143
209	3147
209	3153
209	3166
209	3172
209	3179
209	3181
209	3188
209	3190
209	3195
209	3205
209	3229
209	3253
209	3256
209	3283
209	3286
209	3295
209	3298
209	3307
209	3309
209	3321
209	3325
209	3332
209	3347
209	3349
209	3357
209	3361
209	3363
209	3368
209	3370
209	3374
209	3379
209	3386
209	3400
209	3401
209	3404
209	3415
209	3418
209	3425
209	3432
209	3433
209	3436
209	3445
209	3446
209	3449
209	3467
209	3487
209	3496
209	3497
209	3507
209	3518
209	3542
209	3549
209	3559
209	3570
209	3584
209	3586
209	3588
209	3601
209	3615
209	3620
209	3624
209	3626
209	3630
209	3638
209	3643
209	3648
209	3661
209	3670
209	3676
209	3679
209	3684
209	3685
209	3700
209	3707
209	3716
209	3721
209	3723
209	3727
209	3730
209	3740
209	3746
209	3756
209	3758
209	3759
209	3765
209	3769
209	3773
209	3781
209	3789
209	3793
209	3801
209	3803
209	3804
209	3805
209	3806
209	3808
209	3810
209	3812
209	3817
209	3819
209	3823
209	3824
209	3830
209	3837
209	3838
209	3840
209	3843
209	3845
209	3855
209	3858
209	3872
209	3874
209	3881
209	3882
209	3883
209	3905
209	3907
209	3908
209	3918
209	3921
209	3926
209	3935
209	3939
209	3948
209	3952
209	3960
209	3963
209	3969
209	3971
209	3976
209	3984
209	3990
209	3999
209	4002
209	4003
209	4016
209	4026
209	4027
209	4030
209	4038
209	4055
209	4064
209	4068
209	4069
209	4072
209	4073
209	4079
209	4086
209	4106
209	4111
209	4112
209	4116
209	4134
209	4138
209	4149
209	4157
209	4171
209	4172
209	4191
209	4193
209	4200
209	4205
209	4211
209	4218
209	4221
209	4223
209	4228
209	4243
209	4252
209	4257
209	4268
209	4273
209	4289
209	4293
209	4296
209	4307
209	4325
209	4329
209	4330
209	4334
209	4335
209	4343
209	4350
209	4356
209	4361
209	4365
209	4370
209	4400
209	4412
209	4432
209	4448
209	4449
209	4452
209	4465
209	4470
209	4474
209	4475
209	4488
209	4490
209	4491
209	4504
209	4508
209	4513
209	4541
209	4545
209	4557
209	4560
209	4563
209	4566
209	4572
209	4577
209	4579
209	4581
209	4583
209	4584
209	4589
209	4590
209	4598
209	4614
209	4620
209	4625
209	4631
209	4633
209	4642
209	4660
209	4685
209	4688
209	4689
209	4697
209	4699
209	4701
209	4702
209	4707
209	4713
209	4723
209	4730
209	4739
209	4746
209	4748
209	4759
209	4760
209	4761
209	4777
209	4803
209	4828
209	4833
209	4835
209	4845
209	4854
209	4855
209	4859
209	4861
209	4863
209	4867
209	4868
209	4877
209	4883
209	4885
209	4896
209	4901
209	4905
209	4931
209	4936
209	4941
209	4945
209	4956
209	4969
209	4979
209	4980
209	4981
209	4988
209	4989
209	5007
209	5014
209	5015
209	5032
209	5039
209	5075
209	5076
209	5079
209	5081
209	5082
209	5098
209	5110
209	5114
209	5117
209	5121
209	5126
209	5128
209	5130
209	5131
209	5140
209	5146
209	5163
209	5167
209	5179
209	5180
209	5185
209	5195
209	5198
209	5206
209	5208
209	5212
209	5217
209	5218
209	5221
209	5225
209	5234
209	5236
209	5241
209	5243
209	5253
209	5259
209	5264
209	5277
209	5287
209	5296
209	5301
209	5302
209	5304
209	5309
209	5311
209	5319
209	5333
209	5334
209	5339
209	5348
209	5349
209	5352
209	5361
209	5373
209	5384
209	5400
209	5405
209	5411
209	5414
209	5422
209	5447
209	5453
209	5454
209	5458
209	5479
209	5486
209	5487
209	5499
209	5503
209	5507
209	5515
209	5516
209	5534
209	5542
209	5551
209	5555
209	5556
209	5560
209	5562
209	5563
209	5566
209	5580
209	5582
209	5587
209	5594
209	5610
209	5619
209	5627
209	5635
209	5648
209	5654
209	5656
209	5661
209	5670
209	5694
209	5695
209	5698
209	5708
209	5723
209	5733
209	5744
209	5745
209	5754
209	5779
209	5787
209	5826
209	5855
209	5864
209	5871
209	5880
209	5903
209	5905
209	5918
209	5934
209	5936
209	5938
209	5939
209	5940
209	5951
209	5957
209	5959
209	5973
209	5976
209	5978
209	5999
209	6002
209	6009
209	6014
209	6020
209	6029
209	6032
209	6046
209	6050
209	6055
209	6058
209	6069
209	6070
209	6071
209	6109
209	6114
209	6128
209	6130
209	6131
209	6149
209	6150
209	6151
209	6156
209	6158
209	6162
209	6174
209	6175
209	6180
209	6188
209	6202
209	6203
209	6204
209	6205
209	6208
209	6215
209	6218
209	6222
209	6229
209	6234
209	6242
209	6251
209	6252
209	6268
209	6280
209	6304
209	6305
209	6308
209	6309
209	6334
209	6337
209	6347
209	6350
209	6352
209	6353
209	6372
209	6380
209	6391
209	6410
209	6412
209	6415
209	6425
209	6432
209	6434
209	6435
209	6443
209	6452
209	6457
209	6464
209	6469
209	6478
209	6482
209	6492
209	6497
209	6498
209	6508
209	6510
209	6515
209	6517
209	6529
209	6536
209	6546
209	6556
209	6557
209	6561
209	6566
209	6569
209	6583
209	6585
209	6587
209	6591
209	6593
209	6597
209	6605
209	6609
209	6611
209	6621
209	6622
209	6628
209	6631
209	6633
209	6642
209	6646
209	6649
209	6651
209	6655
209	6659
209	6679
209	6684
209	6687
209	6701
209	6703
209	6710
209	6715
209	6740
209	6746
209	6747
209	6754
209	6755
209	6758
209	6773
209	6774
209	6790
209	6799
209	6800
209	6804
209	6810
209	6817
209	6827
209	6830
209	6834
209	6839
209	6841
209	6846
209	6847
209	6850
209	6857
209	6862
209	6868
209	6871
209	6872
209	6876
209	6877
209	6886
209	6897
209	6900
209	6938
209	6939
209	6948
209	6950
209	6958
209	6959
209	6960
209	6969
209	6975
209	6986
209	7004
209	7012
209	7035
209	7053
209	7057
209	7064
209	7067
209	7074
209	7080
209	7081
209	7091
209	7108
209	7109
209	7111
209	7117
209	7120
209	7139
209	7149
209	7150
209	7154
209	7157
209	7161
209	7178
209	7182
209	7187
209	7202
209	7208
209	7211
209	7212
209	7226
209	7237
209	7238
209	7239
209	7248
209	7251
209	7259
209	7270
209	7282
209	7293
209	7294
209	7295
209	7296
209	7306
209	7307
209	7313
209	7317
209	7325
209	7327
209	7335
209	7337
209	7343
209	7349
209	7353
209	7376
209	7379
209	7383
209	7387
209	7388
209	7394
209	7396
209	7407
209	7414
209	7417
209	7423
209	7444
209	7447
209	7461
209	7462
209	7465
209	7467
209	7483
209	7486
209	7487
209	7489
209	7490
209	7491
209	7493
209	7494
209	7495
209	7513
209	7514
209	7519
209	7520
209	7522
209	7529
209	7532
209	7536
209	7538
209	7539
209	7547
209	7548
209	7549
209	7567
209	7578
209	7587
209	7589
209	7601
209	7613
209	7615
209	7625
209	7634
209	7635
209	7639
209	7643
209	7644
209	7649
209	7650
209	7656
209	7661
209	7681
209	7699
209	7713
209	7718
209	7723
209	7733
209	7742
209	7757
209	7761
209	7764
209	7767
209	7770
209	7771
209	7772
209	7779
209	7781
209	7787
209	7792
209	7806
209	7807
209	7819
209	7827
209	7849
209	7864
209	7865
209	7872
209	7881
209	7882
209	7892
209	7896
209	7907
209	7910
209	7918
209	7931
209	7937
209	7944
209	7950
209	7978
209	7980
209	7983
209	7998
209	8010
209	8016
209	8020
209	8024
209	8028
209	8049
209	8053
209	8064
209	8085
209	8089
209	8101
209	8104
209	8121
209	8131
209	8136
209	8141
209	8143
209	8148
209	8154
209	8157
209	8168
209	8173
209	8176
209	8177
209	8180
209	8181
209	8183
209	8187
209	8188
209	8191
209	8192
209	8197
209	8201
209	8202
209	8210
209	8218
209	8221
209	8232
209	8234
209	8235
209	8242
209	8254
209	8260
209	8266
209	8269
209	8273
209	8288
209	8291
209	8295
209	8302
209	8303
209	8304
209	8305
209	8315
209	8317
209	8326
209	8328
209	8337
209	8340
209	8348
209	8349
209	8351
209	8355
209	8359
209	8366
209	8372
209	8376
209	8378
209	8381
209	8399
209	8423
209	8427
209	8433
209	8447
209	8451
209	8455
209	8473
209	8490
209	8497
209	8505
209	8513
209	8515
209	8521
209	8524
209	8551
209	8556
209	8559
209	8565
209	8576
209	8579
209	8580
209	8584
209	8595
209	8596
209	8614
209	8654
209	8669
209	8671
209	8674
209	8675
209	8677
209	8684
209	8698
209	8699
209	8700
209	8714
209	8727
209	8740
209	8741
209	8750
209	8753
209	8754
209	8771
209	8772
209	8789
209	8791
209	8806
209	8816
209	8818
209	8839
209	8851
209	8858
209	8863
209	8878
209	8883
209	8897
209	8908
209	8918
209	8919
209	8922
209	8934
209	8936
209	8947
209	8956
209	8969
209	8976
209	8991
209	8992
209	8995
209	8996
209	9012
209	9015
209	9019
209	9021
209	9028
209	9033
209	9036
209	9045
209	9047
209	9050
209	9054
209	9057
209	9058
209	9060
209	9062
209	9066
209	9067
209	9068
209	9083
209	9103
209	9107
209	9110
209	9113
209	9116
209	9117
209	9123
209	9133
209	9136
209	9147
209	9149
209	9155
209	9157
209	9182
209	9187
209	9191
209	9195
209	9199
209	9202
209	9204
209	9209
209	9210
209	9216
209	9219
209	9221
209	9227
209	9234
209	9236
209	9244
209	9247
209	9279
209	9285
209	9287
209	9291
209	9292
209	9294
209	9297
209	9300
209	9309
209	9315
209	9317
209	9324
209	9340
209	9345
209	9367
209	9368
209	9373
209	9383
209	9384
209	9395
209	9401
209	9409
209	9412
209	9428
209	9435
209	9444
209	9446
209	9449
209	9450
209	9453
209	9456
209	9460
209	9464
209	9470
209	9477
209	9482
209	9495
209	9502
209	9507
209	9518
209	9534
209	9539
209	9558
209	9562
209	9571
209	9578
209	9585
209	9599
209	9610
209	9611
209	9633
209	9662
209	9670
209	9671
209	9674
209	9681
209	9691
209	9692
209	9702
209	9706
209	9714
209	9720
209	9729
209	9731
209	9732
209	9736
209	9743
209	9745
209	9755
209	9762
209	9769
209	9776
209	9777
209	9790
209	9801
209	9803
209	9804
209	9805
209	9814
209	9818
209	9827
209	9834
209	9859
209	9871
209	9872
209	9878
209	9879
209	9885
209	9886
209	9890
209	9898
209	9901
209	9907
209	9911
209	9914
209	9925
209	9932
209	9934
209	9939
209	9940
209	9958
209	9959
209	9976
209	9977
209	9985
209	9987
209	9990
209	9991
209	9997
210	13
210	14
210	25
210	26
210	27
210	30
210	36
210	37
210	41
210	42
210	49
210	52
210	56
210	64
210	76
210	77
210	81
210	82
210	87
210	88
210	92
210	96
210	103
210	112
210	118
210	135
210	136
210	148
210	166
210	170
210	171
210	173
210	182
210	183
210	187
210	196
210	201
210	204
210	216
210	221
210	229
210	241
210	260
210	297
210	299
210	308
210	313
210	314
210	316
210	322
210	332
210	334
210	339
210	347
210	351
210	352
210	356
210	371
210	378
210	385
210	391
210	392
210	396
210	399
210	406
210	412
210	414
210	426
210	430
210	446
210	459
210	460
210	462
210	465
210	468
210	469
210	472
210	480
210	484
210	492
210	499
210	505
210	509
210	520
210	525
210	573
210	587
210	605
210	624
210	632
210	645
210	672
210	676
210	685
210	692
210	696
210	714
210	745
210	747
210	749
210	755
210	783
210	786
210	792
210	794
210	803
210	806
210	813
210	816
210	820
210	821
210	829
210	835
210	837
210	846
210	854
210	856
210	870
210	873
210	876
210	895
210	898
210	903
210	909
210	912
210	929
210	940
210	941
210	942
210	946
210	962
210	965
210	975
210	976
210	986
210	987
210	994
210	1024
210	1048
210	1051
210	1052
210	1065
210	1072
210	1078
210	1081
210	1082
210	1086
210	1102
210	1110
210	1114
210	1125
210	1134
210	1157
210	1160
210	1163
210	1167
210	1182
210	1183
210	1186
210	1205
210	1210
210	1217
210	1221
210	1225
210	1237
210	1244
210	1270
210	1276
210	1282
210	1291
210	1305
210	1315
210	1317
210	1331
210	1333
210	1342
210	1349
210	1351
210	1352
210	1357
210	1360
210	1378
210	1388
210	1391
210	1394
210	1399
210	1416
210	1421
210	1426
210	1430
210	1431
210	1437
210	1442
210	1449
210	1450
210	1453
210	1457
210	1459
210	1461
210	1481
210	1483
210	1490
210	1495
210	1498
210	1505
210	1516
210	1517
210	1520
210	1538
210	1545
210	1554
210	1559
210	1570
210	1574
210	1596
210	1604
210	1608
210	1609
210	1612
210	1618
210	1636
210	1656
210	1661
210	1668
210	1669
210	1679
210	1680
210	1686
210	1691
210	1699
210	1700
210	1703
210	1707
210	1708
210	1710
210	1711
210	1714
210	1717
210	1724
210	1733
210	1736
210	1740
210	1743
210	1757
210	1764
210	1770
210	1772
210	1777
210	1778
210	1789
210	1800
210	1801
210	1807
210	1813
210	1837
210	1842
210	1847
210	1849
210	1852
210	1853
210	1854
210	1859
210	1864
210	1915
210	1918
210	1952
210	1956
210	1966
210	1971
210	1978
210	1980
210	1994
210	1995
210	1996
210	1997
210	1999
210	2003
210	2011
210	2014
210	2018
210	2037
210	2039
210	2040
210	2050
210	2061
210	2064
210	2067
210	2074
210	2075
210	2081
210	2082
210	2084
210	2085
210	2094
210	2097
210	2124
210	2133
210	2138
210	2142
210	2151
210	2158
210	2161
210	2163
210	2168
210	2174
210	2180
210	2184
210	2193
210	2194
210	2195
210	2200
210	2205
210	2208
210	2222
210	2223
210	2224
210	2239
210	2244
210	2249
210	2256
210	2260
210	2263
210	2266
210	2277
210	2286
210	2291
210	2296
210	2305
210	2314
210	2316
210	2318
210	2319
210	2323
210	2348
210	2353
210	2354
210	2366
210	2377
210	2382
210	2385
210	2393
210	2395
210	2400
210	2401
210	2404
210	2405
210	2406
210	2412
210	2416
210	2418
210	2423
210	2428
210	2429
210	2435
210	2438
210	2445
210	2453
210	2459
210	2465
210	2470
210	2471
210	2480
210	2482
210	2485
210	2495
210	2499
210	2501
210	2503
210	2504
210	2515
210	2517
210	2529
210	2532
210	2560
210	2568
210	2592
210	2600
210	2610
210	2621
210	2622
210	2632
210	2633
210	2638
210	2642
210	2644
210	2654
210	2661
210	2662
210	2673
210	2675
210	2704
210	2709
210	2724
210	2727
210	2737
210	2742
210	2745
210	2746
210	2769
210	2770
210	2771
210	2778
210	2783
210	2784
210	2791
210	2798
210	2805
210	2818
210	2820
210	2821
210	2829
210	2836
210	2839
210	2846
210	2877
210	2878
210	2879
210	2883
210	2907
210	2923
210	2927
210	2928
210	2933
210	2934
210	2940
210	2948
210	2949
210	2951
210	2956
210	2961
210	2963
210	2964
210	2969
210	2970
210	2973
210	2983
210	2987
210	2990
210	2991
210	2997
210	2998
210	3009
210	3025
210	3039
210	3044
210	3046
210	3051
210	3052
210	3061
210	3065
210	3070
210	3080
210	3081
210	3083
210	3086
210	3087
210	3094
210	3099
210	3108
210	3111
210	3120
210	3123
210	3129
210	3130
210	3138
210	3151
210	3160
210	3161
210	3169
210	3171
210	3173
210	3175
210	3187
210	3193
210	3203
210	3204
210	3208
210	3217
210	3238
210	3252
210	3257
210	3263
210	3270
210	3274
210	3285
210	3291
210	3308
210	3311
210	3329
210	3330
210	3338
210	3340
210	3341
210	3346
210	3350
210	3356
210	3360
210	3365
210	3380
210	3391
210	3414
210	3422
210	3427
210	3442
210	3444
210	3448
210	3469
210	3470
210	3484
210	3495
210	3501
210	3506
210	3508
210	3512
210	3517
210	3530
210	3532
210	3537
210	3548
210	3552
210	3567
210	3576
210	3581
210	3582
210	3583
210	3590
210	3600
210	3607
210	3612
210	3622
210	3625
210	3635
210	3637
210	3644
210	3653
210	3658
210	3662
210	3669
210	3671
210	3674
210	3675
210	3696
210	3697
210	3717
210	3719
210	3725
210	3741
210	3742
210	3747
210	3749
210	3750
210	3751
210	3764
210	3774
210	3778
210	3786
210	3791
210	3800
210	3829
210	3831
210	3835
210	3841
210	3846
210	3850
210	3860
210	3868
210	3871
210	3873
210	3880
210	3888
210	3891
210	3895
210	3900
210	3914
210	3915
210	3917
210	3919
210	3924
210	3930
210	3937
210	3946
210	3966
210	3968
210	3978
210	3981
210	3989
210	3992
210	3995
210	3996
210	4007
210	4018
210	4036
210	4037
210	4041
210	4044
210	4045
210	4046
210	4050
210	4062
210	4063
210	4074
210	4078
210	4080
210	4088
210	4091
210	4099
210	4102
210	4103
210	4109
210	4117
210	4124
210	4128
210	4139
210	4147
210	4151
210	4155
210	4156
210	4160
210	4162
210	4175
210	4190
210	4202
210	4231
210	4238
210	4245
210	4248
210	4260
210	4261
210	4269
210	4270
210	4283
210	4284
210	4302
210	4303
210	4313
210	4323
210	4348
210	4353
210	4360
210	4368
210	4378
210	4381
210	4390
210	4394
210	4397
210	4398
210	4399
210	4411
210	4421
210	4424
210	4441
210	4446
210	4450
210	4451
210	4453
210	4455
210	4456
210	4459
210	4461
210	4466
210	4468
210	4476
210	4482
210	4483
210	4493
210	4497
210	4500
210	4501
210	4511
210	4517
210	4524
210	4526
210	4527
210	4530
210	4532
210	4539
210	4542
210	4549
210	4556
210	4561
210	4596
210	4597
210	4600
210	4604
210	4607
210	4609
210	4612
210	4616
210	4619
210	4627
210	4632
210	4637
210	4639
210	4643
210	4644
210	4648
210	4656
210	4661
210	4662
210	4673
210	4674
210	4678
210	4679
210	4681
210	4687
210	4700
210	4710
210	4715
210	4718
210	4721
210	4722
210	4724
210	4726
210	4735
210	4740
210	4741
210	4750
210	4753
210	4754
210	4757
210	4758
210	4776
210	4778
210	4779
210	4780
210	4782
210	4787
210	4790
210	4800
210	4802
210	4808
210	4812
210	4815
210	4818
210	4824
210	4825
210	4827
210	4830
210	4837
210	4838
210	4842
210	4853
210	4864
210	4871
210	4876
210	4890
210	4899
210	4906
210	4910
210	4924
210	4926
210	4930
210	4940
210	4957
210	4963
210	4975
210	4996
210	5013
210	5018
210	5019
210	5020
210	5036
210	5041
210	5049
210	5051
210	5055
210	5058
210	5073
210	5084
210	5101
210	5102
210	5105
210	5108
210	5129
210	5133
210	5137
210	5143
210	5152
210	5157
210	5161
210	5177
210	5186
210	5192
210	5193
210	5196
210	5199
210	5200
210	5201
210	5203
210	5205
210	5230
210	5231
210	5239
210	5248
210	5260
210	5270
210	5276
210	5284
210	5291
210	5292
210	5314
210	5315
210	5326
210	5332
210	5343
210	5350
210	5355
210	5366
210	5369
210	5370
210	5371
210	5372
210	5390
210	5391
210	5392
210	5406
210	5409
210	5413
210	5415
210	5418
210	5432
210	5434
210	5438
210	5443
210	5446
210	5448
210	5452
210	5461
210	5471
210	5483
210	5493
210	5496
210	5508
210	5509
210	5510
210	5518
210	5522
210	5526
210	5541
210	5543
210	5545
210	5553
210	5570
210	5591
210	5595
210	5596
210	5599
210	5601
210	5602
210	5624
210	5626
210	5629
210	5633
210	5637
210	5646
210	5666
210	5675
210	5676
210	5690
210	5693
210	5700
210	5702
210	5711
210	5714
210	5727
210	5734
210	5743
210	5747
210	5748
210	5753
210	5760
210	5765
210	5770
210	5778
210	5788
210	5789
210	5792
210	5794
210	5800
210	5815
210	5819
210	5828
210	5861
210	5869
210	5870
210	5879
210	5891
210	5897
210	5910
210	5913
210	5914
210	5924
210	5925
210	5930
210	5949
210	5962
210	5970
210	5975
210	5986
210	5988
210	5990
210	5992
210	5993
210	5998
210	6003
210	6010
210	6017
210	6028
210	6033
210	6035
210	6036
210	6044
210	6049
210	6051
210	6053
210	6062
210	6067
210	6072
210	6086
210	6089
210	6104
210	6112
210	6115
210	6118
210	6121
210	6129
210	6135
210	6136
210	6140
210	6142
210	6143
210	6146
210	6148
210	6153
210	6161
210	6191
210	6192
210	6201
210	6212
210	6219
210	6223
210	6225
210	6230
210	6231
210	6233
210	6239
210	6263
210	6272
210	6276
210	6281
210	6287
210	6303
210	6312
210	6315
210	6319
210	6322
210	6323
210	6324
210	6327
210	6336
210	6340
210	6344
210	6367
210	6368
210	6369
210	6381
210	6383
210	6405
210	6406
210	6409
210	6420
210	6427
210	6428
210	6433
210	6438
210	6454
210	6455
210	6460
210	6465
210	6470
210	6485
210	6487
210	6488
210	6495
210	6499
210	6514
210	6518
210	6525
210	6526
210	6531
210	6532
210	6534
210	6537
210	6541
210	6545
210	6554
210	6559
210	6565
210	6567
210	6581
210	6598
210	6619
210	6636
210	6645
210	6647
210	6654
210	6658
210	6671
210	6672
210	6673
210	6676
210	6677
210	6682
210	6683
210	6685
210	6688
210	6690
210	6699
210	6719
210	6739
210	6752
210	6759
210	6761
210	6771
210	6785
210	6788
210	6791
210	6797
210	6809
210	6812
210	6814
210	6826
210	6845
210	6848
210	6849
210	6856
210	6869
210	6873
210	6875
210	6878
210	6882
210	6888
210	6891
210	6894
210	6895
210	6899
210	6901
210	6909
210	6916
210	6920
210	6922
210	6925
210	6935
210	6942
210	6947
210	6957
210	6962
210	6974
210	6976
210	6977
210	6990
210	6996
210	7002
210	7003
210	7026
210	7028
210	7030
210	7037
210	7041
210	7044
210	7047
210	7056
210	7068
210	7073
210	7098
210	7102
210	7110
210	7116
210	7122
210	7130
210	7133
210	7135
210	7141
210	7152
210	7155
210	7158
210	7166
210	7179
210	7181
210	7189
210	7195
210	7203
210	7204
210	7213
210	7214
210	7216
210	7220
210	7262
210	7264
210	7266
210	7271
210	7272
210	7285
210	7287
210	7288
210	7297
210	7305
210	7322
210	7326
210	7328
210	7330
210	7334
210	7348
210	7356
210	7360
210	7365
210	7367
210	7369
210	7372
210	7382
210	7392
210	7401
210	7422
210	7427
210	7440
210	7450
210	7456
210	7457
210	7458
210	7463
210	7466
210	7480
210	7482
210	7492
210	7496
210	7497
210	7509
210	7517
210	7526
210	7543
210	7544
210	7559
210	7569
210	7570
210	7573
210	7583
210	7584
210	7593
210	7596
210	7597
210	7612
210	7617
210	7640
210	7641
210	7645
210	7655
210	7667
210	7687
210	7690
210	7692
210	7693
210	7695
210	7707
210	7714
210	7717
210	7720
210	7725
210	7726
210	7729
210	7745
210	7751
210	7756
210	7766
210	7768
210	7773
210	7780
210	7785
210	7793
210	7796
210	7814
210	7815
210	7817
210	7822
210	7828
210	7839
210	7843
210	7845
210	7851
210	7853
210	7866
210	7868
210	7871
210	7873
210	7878
210	7884
210	7890
210	7902
210	7911
210	7917
210	7929
210	7933
210	7951
210	7952
210	7955
210	7956
210	7959
210	7967
210	7968
210	7969
210	7970
210	7975
210	7984
210	7985
210	7986
210	7990
210	8005
210	8019
210	8031
210	8032
210	8033
210	8035
210	8038
210	8040
210	8050
210	8063
210	8080
210	8095
210	8097
210	8098
210	8100
210	8114
210	8122
210	8130
210	8133
210	8139
210	8144
210	8150
210	8158
210	8200
210	8211
210	8216
210	8222
210	8226
210	8237
210	8274
210	8283
210	8286
210	8296
210	8306
210	8307
210	8308
210	8331
210	8338
210	8365
210	8375
210	8388
210	8389
210	8393
210	8408
210	8413
210	8419
210	8421
210	8422
210	8457
210	8460
210	8461
210	8462
210	8472
210	8496
210	8500
210	8518
210	8523
210	8528
210	8530
210	8568
210	8572
210	8574
210	8610
210	8611
210	8617
210	8649
210	8650
210	8658
210	8660
210	8664
210	8668
210	8676
210	8683
210	8696
210	8697
210	8705
210	8707
210	8723
210	8735
210	8744
210	8746
210	8747
210	8758
210	8764
210	8790
210	8804
210	8808
210	8812
210	8815
210	8817
210	8828
210	8834
210	8835
210	8837
210	8842
210	8850
210	8852
210	8855
210	8860
210	8867
210	8879
210	8884
210	8886
210	8911
210	8912
210	8923
210	8927
210	8932
210	8933
210	8935
210	8939
210	8940
210	8950
210	8954
210	8955
210	8960
210	8961
210	8963
210	8970
210	8978
210	8982
210	8984
210	8985
210	8997
210	8999
210	9001
210	9032
210	9049
210	9056
210	9063
210	9073
210	9075
210	9078
210	9081
210	9084
210	9087
210	9089
210	9093
210	9094
210	9115
210	9119
210	9121
210	9127
210	9129
210	9134
210	9138
210	9139
210	9141
210	9148
210	9150
210	9151
210	9153
210	9156
210	9158
210	9159
210	9164
210	9171
210	9172
210	9175
210	9186
210	9192
210	9196
210	9197
210	9203
210	9213
210	9218
210	9232
210	9237
210	9242
210	9264
210	9269
210	9271
210	9282
210	9283
210	9286
210	9290
210	9295
210	9306
210	9318
210	9321
210	9326
210	9338
210	9343
210	9348
210	9356
210	9376
210	9378
210	9396
210	9398
210	9405
210	9411
210	9419
210	9420
210	9443
210	9478
210	9498
210	9509
210	9514
210	9516
210	9521
210	9544
210	9552
210	9559
210	9569
210	9580
210	9581
210	9582
210	9583
210	9589
210	9592
210	9595
210	9602
210	9603
210	9604
210	9605
210	9607
210	9615
210	9625
210	9626
210	9627
210	9632
210	9640
210	9641
210	9643
210	9649
210	9651
210	9653
210	9655
210	9659
210	9660
210	9666
210	9672
210	9676
210	9680
210	9689
210	9690
210	9705
210	9708
210	9710
210	9716
210	9739
210	9742
210	9746
210	9754
210	9757
210	9760
210	9761
210	9765
210	9766
210	9770
210	9788
210	9789
210	9793
210	9802
210	9808
210	9811
210	9831
210	9857
210	9862
210	9863
210	9868
210	9869
210	9873
210	9880
210	9881
210	9894
210	9909
210	9913
210	9916
210	9922
210	9927
210	9935
210	9941
210	9948
210	9953
210	9962
210	9970
210	9982
210	9992
211	2
211	16
211	20
211	44
211	57
211	58
211	60
211	67
211	68
211	83
211	86
211	90
211	93
211	94
211	97
211	106
211	113
211	123
211	131
211	141
211	142
211	143
211	147
211	153
211	157
211	160
211	175
211	178
211	184
211	186
211	200
211	210
211	218
211	219
211	222
211	228
211	236
211	240
211	242
211	243
211	262
211	263
211	266
211	268
211	289
211	320
211	329
211	330
211	338
211	344
211	363
211	364
211	384
211	386
211	402
211	403
211	416
211	417
211	425
211	437
211	450
211	461
211	474
211	475
211	486
211	487
211	488
211	494
211	510
211	514
211	519
211	531
211	532
211	540
211	553
211	557
211	559
211	560
211	577
211	578
211	589
211	597
211	604
211	623
211	625
211	631
211	638
211	639
211	640
211	647
211	653
211	657
211	658
211	659
211	664
211	665
211	667
211	690
211	703
211	704
211	731
211	739
211	740
211	756
211	760
211	776
211	777
211	781
211	790
211	807
211	817
211	823
211	824
211	827
211	828
211	841
211	866
211	869
211	874
211	877
211	884
211	888
211	913
211	926
211	935
211	957
211	961
211	974
211	979
211	990
211	996
211	1019
211	1021
211	1022
211	1028
211	1031
211	1063
211	1070
211	1073
211	1087
211	1096
211	1098
211	1101
211	1113
211	1128
211	1135
211	1140
211	1149
211	1153
211	1158
211	1175
211	1184
211	1196
211	1199
211	1201
211	1203
211	1219
211	1230
211	1232
211	1236
211	1248
211	1252
211	1253
211	1256
211	1299
211	1304
211	1310
211	1311
211	1325
211	1330
211	1371
211	1379
211	1382
211	1396
211	1397
211	1398
211	1406
211	1407
211	1415
211	1436
211	1441
211	1451
211	1474
211	1482
211	1501
211	1502
211	1509
211	1510
211	1522
211	1525
211	1531
211	1535
211	1541
211	1543
211	1552
211	1556
211	1565
211	1572
211	1581
211	1585
211	1587
211	1588
211	1599
211	1605
211	1606
211	1620
211	1621
211	1631
211	1635
211	1648
211	1651
211	1652
211	1676
211	1677
211	1681
211	1697
211	1726
211	1728
211	1741
211	1745
211	1746
211	1774
211	1784
211	1785
211	1811
211	1825
211	1828
211	1832
211	1839
211	1843
211	1845
211	1850
211	1871
211	1883
211	1889
211	1894
211	1901
211	1919
211	1923
211	1925
211	1947
211	1951
211	1967
211	1985
211	1992
211	2005
211	2006
211	2008
211	2013
211	2017
211	2024
211	2025
211	2026
211	2038
211	2046
211	2076
211	2101
211	2107
211	2120
211	2140
211	2147
211	2155
211	2156
211	2167
211	2169
211	2177
211	2188
211	2204
211	2210
211	2219
211	2232
211	2234
211	2245
211	2254
211	2262
211	2268
211	2276
211	2280
211	2281
211	2290
211	2293
211	2298
211	2328
211	2330
211	2333
211	2341
211	2359
211	2367
211	2403
211	2408
211	2419
211	2439
211	2440
211	2442
211	2444
211	2447
211	2476
211	2483
211	2486
211	2497
211	2506
211	2525
211	2540
211	2543
211	2545
211	2549
211	2553
211	2562
211	2564
211	2582
211	2585
211	2586
211	2613
211	2614
211	2623
211	2631
211	2649
211	2659
211	2665
211	2670
211	2683
211	2698
211	2706
211	2717
211	2759
211	2764
211	2776
211	2793
211	2801
211	2810
211	2811
211	2824
211	2833
211	2840
211	2868
211	2880
211	2887
211	2888
211	2889
211	2890
211	2898
211	2900
211	2909
211	2911
211	2914
211	2955
211	2972
211	2986
211	2992
211	2996
211	3021
211	3031
211	3045
211	3049
211	3050
211	3053
211	3059
211	3073
211	3088
211	3091
211	3103
211	3105
211	3109
211	3110
211	3121
211	3124
211	3125
211	3135
211	3156
211	3159
211	3162
211	3170
211	3178
211	3185
211	3186
211	3191
211	3207
211	3213
211	3224
211	3225
211	3235
211	3241
211	3242
211	3243
211	3300
211	3303
211	3306
211	3328
211	3339
211	3342
211	3348
211	3352
211	3367
211	3383
211	3390
211	3403
211	3407
211	3410
211	3421
211	3423
211	3428
211	3430
211	3431
211	3434
211	3437
211	3456
211	3462
211	3464
211	3474
211	3476
211	3485
211	3489
211	3492
211	3493
211	3520
211	3521
211	3529
211	3540
211	3543
211	3564
211	3569
211	3571
211	3573
211	3578
211	3579
211	3587
211	3592
211	3593
211	3594
211	3602
211	3614
211	3619
211	3631
211	3636
211	3640
211	3646
211	3654
211	3666
211	3680
211	3693
211	3706
211	3711
211	3748
211	3753
211	3754
211	3755
211	3785
211	3787
211	3797
211	3802
211	3839
211	3856
211	3866
211	3876
211	3877
211	3884
211	3892
211	3896
211	3904
211	3911
211	3913
211	3920
211	3928
211	3955
211	3974
211	3975
211	3977
211	3979
211	4005
211	4010
211	4019
211	4022
211	4053
211	4057
211	4058
211	4067
211	4071
211	4081
211	4096
211	4118
211	4146
211	4159
211	4174
211	4183
211	4187
211	4188
211	4196
211	4216
211	4217
211	4219
211	4237
211	4239
211	4250
211	4267
211	4272
211	4294
211	4308
211	4311
211	4318
211	4324
211	4336
211	4337
211	4346
211	4355
211	4357
211	4379
211	4401
211	4403
211	4418
211	4439
211	4444
211	4454
211	4464
211	4471
211	4478
211	4479
211	4481
211	4485
211	4486
211	4510
211	4512
211	4514
211	4518
211	4533
211	4534
211	4546
211	4547
211	4565
211	4578
211	4580
211	4594
211	4610
211	4626
211	4628
211	4629
211	4635
211	4651
211	4663
211	4667
211	4669
211	4677
211	4683
211	4691
211	4693
211	4711
211	4716
211	4728
211	4738
211	4749
211	4751
211	4764
211	4766
211	4767
211	4772
211	4773
211	4775
211	4796
211	4797
211	4806
211	4807
211	4814
211	4816
211	4817
211	4822
211	4826
211	4839
211	4843
211	4848
211	4862
211	4869
211	4873
211	4874
211	4889
211	4892
211	4893
211	4895
211	4920
211	4923
211	4943
211	4965
211	4966
211	4970
211	4993
211	4994
211	5002
211	5004
211	5008
211	5009
211	5024
211	5031
211	5033
211	5045
211	5047
211	5048
211	5064
211	5069
211	5070
211	5078
211	5085
211	5091
211	5111
211	5118
211	5122
211	5124
211	5134
211	5145
211	5155
211	5158
211	5160
211	5170
211	5187
211	5190
211	5202
211	5209
211	5213
211	5215
211	5216
211	5219
211	5227
211	5233
211	5235
211	5242
211	5249
211	5250
211	5251
211	5255
211	5269
211	5286
211	5295
211	5300
211	5303
211	5358
211	5365
211	5368
211	5374
211	5377
211	5394
211	5396
211	5403
211	5407
211	5441
211	5468
211	5470
211	5472
211	5474
211	5478
211	5481
211	5485
211	5491
211	5494
211	5497
211	5514
211	5523
211	5524
211	5525
211	5528
211	5531
211	5537
211	5554
211	5565
211	5569
211	5573
211	5574
211	5576
211	5583
211	5584
211	5598
211	5600
211	5604
211	5609
211	5617
211	5623
211	5625
211	5628
211	5644
211	5645
211	5647
211	5652
211	5663
211	5678
211	5683
211	5697
211	5699
211	5701
211	5705
211	5721
211	5725
211	5726
211	5731
211	5758
211	5762
211	5766
211	5767
211	5773
211	5776
211	5781
211	5785
211	5798
211	5817
211	5825
211	5827
211	5829
211	5831
211	5837
211	5842
211	5843
211	5845
211	5848
211	5850
211	5883
211	5886
211	5890
211	5894
211	5896
211	5916
211	5933
211	5943
211	5954
211	5971
211	5996
211	6004
211	6018
211	6027
211	6047
211	6060
211	6073
211	6077
211	6108
211	6123
211	6125
211	6147
211	6157
211	6160
211	6166
211	6176
211	6179
211	6186
211	6187
211	6189
211	6194
211	6213
211	6214
211	6216
211	6226
211	6228
211	6246
211	6247
211	6265
211	6279
211	6286
211	6290
211	6292
211	6295
211	6301
211	6306
211	6307
211	6310
211	6326
211	6335
211	6338
211	6343
211	6346
211	6356
211	6374
211	6375
211	6377
211	6393
211	6399
211	6403
211	6404
211	6416
211	6440
211	6444
211	6450
211	6458
211	6473
211	6481
211	6491
211	6494
211	6496
211	6512
211	6519
211	6523
211	6527
211	6533
211	6535
211	6539
211	6548
211	6551
211	6553
211	6560
211	6562
211	6572
211	6580
211	6586
211	6595
211	6604
211	6613
211	6618
211	6623
211	6652
211	6664
211	6667
211	6680
211	6722
211	6731
211	6765
211	6767
211	6776
211	6778
211	6784
211	6803
211	6811
211	6837
211	6864
211	6874
211	6893
211	6904
211	6907
211	6910
211	6921
211	6923
211	6943
211	6944
211	6945
211	6953
211	6979
211	6988
211	6999
211	7029
211	7038
211	7045
211	7046
211	7051
211	7054
211	7066
211	7085
211	7086
211	7088
211	7107
211	7114
211	7121
211	7125
211	7126
211	7129
211	7131
211	7136
211	7138
211	7156
211	7165
211	7188
211	7219
211	7225
211	7230
211	7235
211	7236
211	7241
211	7254
211	7269
211	7275
211	7299
211	7314
211	7315
211	7323
211	7352
211	7368
211	7373
211	7421
211	7425
211	7430
211	7433
211	7438
211	7452
211	7455
211	7469
211	7477
211	7481
211	7500
211	7506
211	7512
211	7516
211	7535
211	7555
211	7563
211	7564
211	7579
211	7581
211	7604
211	7606
211	7607
211	7624
211	7630
211	7651
211	7666
211	7682
211	7716
211	7730
211	7740
211	7741
211	7743
211	7746
211	7762
211	7794
211	7798
211	7799
211	7812
211	7823
211	7824
211	7837
211	7841
211	7850
211	7859
211	7876
211	7877
211	7889
211	7893
211	7916
211	7920
211	7923
211	7924
211	7938
211	7939
211	7940
211	7942
211	7949
211	7953
211	7960
211	7965
211	7972
211	7976
211	7977
211	7979
211	7981
211	7982
211	7996
211	8004
211	8014
211	8021
211	8039
211	8048
211	8052
211	8065
211	8066
211	8070
211	8072
211	8084
211	8103
211	8106
211	8107
211	8112
211	8113
211	8164
211	8165
211	8178
211	8184
211	8193
211	8195
211	8199
211	8207
211	8220
211	8259
211	8261
211	8265
211	8279
211	8280
211	8297
211	8311
211	8318
211	8321
211	8333
211	8334
211	8354
211	8367
211	8370
211	8377
211	8385
211	8405
211	8406
211	8407
211	8443
211	8458
211	8467
211	8476
211	8492
211	8532
211	8540
211	8553
211	8563
211	8566
211	8567
211	8582
211	8588
211	8589
211	8603
211	8609
211	8612
211	8631
211	8639
211	8647
211	8657
211	8667
211	8680
211	8701
211	8706
211	8716
211	8718
211	8731
211	8761
211	8777
211	8781
211	8792
211	8799
211	8800
211	8802
211	8803
211	8807
211	8810
211	8821
211	8822
211	8844
211	8882
211	8885
211	8893
211	8900
211	8903
211	8905
211	8906
211	8907
211	8909
211	8914
211	8920
211	8944
211	8952
211	8971
211	8975
211	8981
211	8987
211	8989
211	9004
211	9013
211	9018
211	9037
211	9040
211	9052
211	9053
211	9055
211	9061
211	9065
211	9072
211	9074
211	9079
211	9080
211	9086
211	9098
211	9128
211	9142
211	9160
211	9180
211	9184
211	9188
211	9194
211	9208
211	9220
211	9228
211	9233
211	9246
211	9256
211	9267
211	9274
211	9284
211	9293
211	9320
211	9325
211	9336
211	9341
211	9344
211	9349
211	9350
211	9359
211	9365
211	9370
211	9374
211	9377
211	9379
211	9389
211	9394
211	9402
211	9406
211	9418
211	9425
211	9426
211	9432
211	9454
211	9467
211	9475
211	9479
211	9484
211	9490
211	9499
211	9503
211	9527
211	9528
211	9533
211	9538
211	9545
211	9547
211	9548
211	9555
211	9557
211	9570
211	9572
211	9577
211	9606
211	9612
211	9619
211	9620
211	9636
211	9638
211	9654
211	9664
211	9665
211	9683
211	9697
211	9704
211	9715
211	9717
211	9727
211	9730
211	9741
211	9744
211	9747
211	9751
211	9773
211	9798
211	9812
211	9817
211	9819
211	9830
211	9835
211	9840
211	9841
211	9843
211	9847
211	9867
211	9870
211	9874
211	9888
211	9889
211	9893
211	9895
211	9902
211	9912
211	9929
211	9933
211	9949
211	9957
211	9964
211	9965
211	9973
211	9974
211	9984
211	9999
212	11
212	12
212	35
212	47
212	48
212	51
212	59
212	61
212	65
212	74
212	79
212	109
212	122
212	126
212	150
212	156
212	162
212	165
212	168
212	185
212	211
212	220
212	224
212	239
212	249
212	258
212	278
212	291
212	300
212	325
212	328
212	340
212	359
212	387
212	415
212	418
212	451
212	454
212	467
212	491
212	501
212	503
212	513
212	518
212	539
212	547
212	548
212	550
212	551
212	567
212	584
212	608
212	612
212	633
212	634
212	662
212	669
212	688
212	698
212	699
212	701
212	706
212	729
212	751
212	757
212	765
212	769
212	772
212	775
212	793
212	795
212	799
212	805
212	814
212	840
212	852
212	861
212	871
212	875
212	879
212	880
212	883
212	899
212	905
212	919
212	936
212	939
212	947
212	964
212	966
212	969
212	983
212	993
212	997
212	1023
212	1033
212	1043
212	1056
212	1091
212	1099
212	1100
212	1123
212	1126
212	1127
212	1131
212	1133
212	1143
212	1168
212	1171
212	1193
212	1195
212	1202
212	1260
212	1261
212	1277
212	1278
212	1279
212	1280
212	1293
212	1294
212	1303
212	1306
212	1309
212	1337
212	1350
212	1383
212	1400
212	1414
212	1418
212	1422
212	1455
212	1470
212	1471
212	1479
212	1480
212	1487
212	1491
212	1511
212	1521
212	1529
212	1542
212	1548
212	1560
212	1627
212	1638
212	1657
212	1660
212	1718
212	1747
212	1750
212	1751
212	1779
212	1798
212	1860
212	1878
212	1880
212	1881
212	1895
212	1900
212	1924
212	1929
212	1945
212	1969
212	1993
212	2057
212	2078
212	2086
212	2093
212	2102
212	2111
212	2121
212	2125
212	2135
212	2144
212	2159
212	2190
212	2191
212	2202
212	2203
212	2226
212	2235
212	2240
212	2251
212	2261
212	2264
212	2267
212	2283
212	2284
212	2285
212	2302
212	2306
212	2310
212	2324
212	2340
212	2376
212	2387
212	2421
212	2425
212	2430
212	2454
212	2481
212	2496
212	2535
212	2551
212	2563
212	2566
212	2571
212	2573
212	2575
212	2579
212	2580
212	2590
212	2593
212	2597
212	2599
212	2634
212	2637
212	2660
212	2679
212	2712
212	2726
212	2732
212	2734
212	2748
212	2757
212	2763
212	2790
212	2796
212	2822
212	2830
212	2834
212	2844
212	2851
212	2858
212	2865
212	2875
212	2893
212	2906
212	2910
212	2920
212	2962
212	2967
212	3013
212	3034
212	3040
212	3047
212	3063
212	3085
212	3090
212	3096
212	3097
212	3101
212	3107
212	3118
212	3128
212	3132
212	3139
212	3140
212	3150
212	3180
212	3196
212	3210
212	3232
212	3248
212	3250
212	3260
212	3261
212	3268
212	3282
212	3299
212	3301
212	3305
212	3313
212	3320
212	3343
212	3351
212	3359
212	3364
212	3366
212	3372
212	3377
212	3392
212	3412
212	3439
212	3440
212	3453
212	3463
212	3481
212	3483
212	3488
212	3491
212	3502
212	3505
212	3510
212	3527
212	3533
212	3544
212	3551
212	3555
212	3560
212	3575
212	3580
212	3595
212	3599
212	3611
212	3617
212	3621
212	3632
212	3647
212	3651
212	3657
212	3659
212	3664
212	3672
212	3673
212	3694
212	3695
212	3708
212	3712
212	3714
212	3722
212	3761
212	3763
212	3768
212	3779
212	3783
212	3792
212	3816
212	3825
212	3851
212	3901
212	3923
212	3954
212	3972
212	3986
212	3987
212	3997
212	4000
212	4012
212	4061
212	4101
212	4105
212	4120
212	4123
212	4131
212	4141
212	4153
212	4154
212	4165
212	4177
212	4179
212	4185
212	4209
212	4241
212	4256
212	4285
212	4288
212	4304
212	4327
212	4331
212	4352
212	4386
212	4387
212	4395
212	4420
212	4440
212	4447
212	4457
212	4458
212	4489
212	4536
212	4559
212	4587
212	4601
212	4615
212	4638
212	4640
212	4646
212	4666
212	4668
212	4670
212	4692
212	4695
212	4703
212	4737
212	4747
212	4762
212	4784
212	4788
212	4811
212	4860
212	4880
212	4898
212	4902
212	4908
212	4911
212	4913
212	4917
212	4934
212	4949
212	4961
212	4968
212	4986
212	4987
212	4998
212	5005
212	5030
212	5034
212	5043
212	5046
212	5052
212	5054
212	5065
212	5067
212	5068
212	5100
212	5113
212	5119
212	5132
212	5141
212	5147
212	5169
212	5210
212	5214
212	5245
212	5275
212	5280
212	5282
212	5293
212	5297
212	5312
212	5328
212	5329
212	5344
212	5346
212	5353
212	5379
212	5383
212	5388
212	5389
212	5393
212	5399
212	5412
212	5424
212	5442
212	5462
212	5492
212	5502
212	5519
212	5546
212	5559
212	5561
212	5606
212	5612
212	5620
212	5636
212	5638
212	5640
212	5673
212	5696
212	5713
212	5716
212	5722
212	5756
212	5757
212	5764
212	5795
212	5796
212	5808
212	5810
212	5852
212	5853
212	5857
212	5882
212	5885
212	5895
212	5899
212	5906
212	5917
212	5921
212	5947
212	5950
212	5960
212	5979
212	5980
212	5989
212	6007
212	6030
212	6040
212	6043
212	6057
212	6068
212	6080
212	6085
212	6100
212	6103
212	6139
212	6170
212	6171
212	6182
212	6183
212	6200
212	6210
212	6220
212	6227
212	6236
212	6258
212	6277
212	6296
212	6298
212	6302
212	6311
212	6317
212	6330
212	6332
212	6355
212	6360
212	6362
212	6373
212	6378
212	6384
212	6385
212	6398
212	6407
212	6422
212	6424
212	6426
212	6430
212	6447
212	6474
212	6489
212	6502
212	6522
212	6538
212	6543
212	6550
212	6584
212	6606
212	6610
212	6612
212	6616
212	6627
212	6639
212	6694
212	6697
212	6713
212	6717
212	6726
212	6756
212	6764
212	6786
212	6795
212	6802
212	6831
212	6858
212	6865
212	6881
212	6889
212	6896
212	6914
212	6919
212	6924
212	6936
212	6940
212	6951
212	6952
212	6954
212	6955
212	6982
212	6994
212	6995
212	7022
212	7024
212	7039
212	7069
212	7077
212	7094
212	7099
212	7101
212	7104
212	7142
212	7147
212	7169
212	7171
212	7176
212	7192
212	7209
212	7215
212	7227
212	7242
212	7250
212	7265
212	7281
212	7298
212	7302
212	7320
212	7329
212	7344
212	7350
212	7354
212	7359
212	7361
212	7371
212	7391
212	7395
212	7397
212	7399
212	7403
212	7404
212	7416
212	7419
212	7424
212	7426
212	7428
212	7429
212	7437
212	7439
212	7445
212	7468
212	7473
212	7476
212	7508
212	7511
212	7528
212	7531
212	7552
212	7554
212	7566
212	7568
212	7577
212	7582
212	7595
212	7598
212	7611
212	7616
212	7626
212	7627
212	7628
212	7646
212	7658
212	7676
212	7698
212	7705
212	7711
212	7722
212	7732
212	7754
212	7755
212	7760
212	7790
212	7857
212	7870
212	7880
212	7919
212	7926
212	7927
212	7943
212	7962
212	7988
212	7991
212	8001
212	8011
212	8012
212	8041
212	8047
212	8060
212	8068
212	8074
212	8115
212	8117
212	8119
212	8152
212	8155
212	8172
212	8185
212	8190
212	8206
212	8212
212	8214
212	8230
212	8243
212	8248
212	8249
212	8262
212	8264
212	8314
212	8324
212	8330
212	8343
212	8344
212	8346
212	8364
212	8394
212	8395
212	8415
212	8425
212	8432
212	8436
212	8437
212	8444
212	8465
212	8486
212	8487
212	8489
212	8491
212	8509
212	8510
212	8526
212	8535
212	8539
212	8541
212	8552
212	8555
212	8557
212	8562
212	8575
212	8593
212	8604
212	8613
212	8616
212	8619
212	8623
212	8628
212	8655
212	8662
212	8686
212	8710
212	8713
212	8715
212	8717
212	8719
212	8730
212	8734
212	8765
212	8770
212	8780
212	8786
212	8798
212	8811
212	8813
212	8819
212	8833
212	8838
212	8853
212	8854
212	8871
212	8874
212	8889
212	8891
212	8902
212	8910
212	8931
212	8942
212	8964
212	8967
212	8977
212	8986
212	8988
212	9008
212	9011
212	9014
212	9026
212	9034
212	9044
212	9048
212	9069
212	9104
212	9108
212	9111
212	9181
212	9193
212	9205
212	9215
212	9224
212	9235
212	9257
212	9280
212	9281
212	9304
212	9305
212	9307
212	9314
212	9351
212	9353
212	9357
212	9369
212	9390
212	9392
212	9441
212	9463
212	9468
212	9481
212	9488
212	9512
212	9513
212	9519
212	9531
212	9537
212	9576
212	9591
212	9597
212	9628
212	9631
212	9646
212	9650
212	9668
212	9682
212	9688
212	9695
212	9712
212	9713
212	9738
212	9750
212	9768
212	9779
212	9796
212	9799
212	9816
212	9820
212	9822
212	9826
212	9849
212	9882
212	9905
212	9923
212	9938
212	9942
212	9945
212	9952
212	9993
212	9994
212	9998
213	9
213	23
213	33
213	80
213	149
213	161
213	212
213	231
213	234
213	244
213	246
213	261
213	273
213	276
213	319
213	341
213	365
213	366
213	367
213	389
213	394
213	427
213	476
213	478
213	502
213	512
213	523
213	537
213	543
213	563
213	579
213	582
213	585
213	600
213	606
213	679
213	694
213	717
213	727
213	744
213	748
213	764
213	771
213	780
213	788
213	831
213	848
213	878
213	882
213	889
213	893
213	911
213	916
213	931
213	938
213	952
213	954
213	960
213	1026
213	1030
213	1105
213	1120
213	1124
213	1154
213	1170
213	1172
213	1173
213	1187
213	1246
213	1335
213	1346
213	1356
213	1368
213	1384
213	1424
213	1425
213	1433
213	1444
213	1445
213	1447
213	1492
213	1493
213	1500
213	1549
213	1557
213	1566
213	1590
213	1603
213	1607
213	1611
213	1625
213	1665
213	1683
213	1698
213	1705
213	1731
213	1742
213	1763
213	1765
213	1823
213	1870
213	1887
213	1904
213	1932
213	1955
213	1957
213	2009
213	2054
213	2112
213	2115
213	2150
213	2187
213	2217
213	2272
213	2274
213	2304
213	2386
213	2390
213	2402
213	2410
213	2414
213	2415
213	2434
213	2449
213	2464
213	2475
213	2494
213	2557
213	2606
213	2688
213	2692
213	2699
213	2719
213	2720
213	2722
213	2730
213	2738
213	2750
213	2755
213	2768
213	2780
213	2828
213	2853
213	2864
213	2869
213	2918
213	2935
213	2966
213	3026
213	3030
213	3077
213	3113
213	3157
213	3184
213	3206
213	3226
213	3249
213	3251
213	3259
213	3265
213	3411
213	3424
213	3447
213	3452
213	3504
213	3511
213	3515
213	3519
213	3538
213	3553
213	3561
213	3585
213	3629
213	3634
213	3650
213	3652
213	3689
213	3698
213	3699
213	3790
213	3822
213	3889
213	3899
213	3903
213	3909
213	3910
213	3929
213	3933
213	3945
213	3949
213	4015
213	4065
213	4076
213	4083
213	4085
213	4087
213	4098
213	4125
213	4148
213	4163
213	4166
213	4167
213	4176
213	4182
213	4192
213	4212
213	4215
213	4222
213	4235
213	4253
213	4262
213	4263
213	4278
213	4281
213	4305
213	4340
213	4377
213	4382
213	4385
213	4410
213	4426
213	4507
213	4521
213	4529
213	4535
213	4537
213	4567
213	4571
213	4576
213	4592
213	4599
213	4618
213	4621
213	4630
213	4641
213	4655
213	4671
213	4675
213	4676
213	4682
213	4690
213	4705
213	4731
213	4752
213	4789
213	4793
213	4794
213	4804
213	4805
213	4813
213	4841
213	4887
213	4909
213	4944
213	4967
213	4985
213	4997
213	5003
213	5027
213	5044
213	5059
213	5066
213	5092
213	5094
213	5154
213	5156
213	5176
213	5220
213	5238
213	5261
213	5262
213	5263
213	5267
213	5281
213	5290
213	5305
213	5322
213	5336
213	5338
213	5423
213	5428
213	5435
213	5463
213	5476
213	5484
213	5500
213	5520
213	5564
213	5567
213	5575
213	5581
213	5590
213	5597
213	5603
213	5615
213	5618
213	5641
213	5653
213	5657
213	5662
213	5665
213	5703
213	5707
213	5709
213	5719
213	5728
213	5742
213	5771
213	5799
213	5803
213	5812
213	5820
213	5873
213	5909
213	5941
213	5944
213	5952
213	5955
213	5961
213	5968
213	5974
213	6006
213	6039
213	6065
213	6076
213	6091
213	6101
213	6111
213	6116
213	6124
213	6133
213	6240
213	6244
213	6245
213	6269
213	6325
213	6339
213	6354
213	6371
213	6388
213	6392
213	6401
213	6429
213	6441
213	6448
213	6472
213	6475
213	6493
213	6500
213	6521
213	6542
213	6571
213	6599
213	6602
213	6608
213	6626
213	6629
213	6634
213	6640
213	6643
213	6661
213	6662
213	6695
213	6709
213	6718
213	6762
213	6763
213	6768
213	6777
213	6783
213	6794
213	6808
213	6815
213	6828
213	6836
213	6838
213	6844
213	6903
213	6908
213	6926
213	6931
213	6932
213	6956
213	6964
213	6985
213	7017
213	7031
213	7059
213	7072
213	7095
213	7097
213	7106
213	7115
213	7128
213	7168
213	7198
213	7276
213	7279
213	7336
213	7357
213	7370
213	7380
213	7393
213	7451
213	7464
213	7472
213	7474
213	7502
213	7503
213	7504
213	7507
213	7510
213	7523
213	7537
213	7571
213	7603
213	7609
213	7637
213	7664
213	7669
213	7675
213	7683
213	7684
213	7701
213	7715
213	7727
213	7738
213	7775
213	7786
213	7821
213	7863
213	7901
213	7912
213	8000
213	8015
213	8030
213	8034
213	8042
213	8058
213	8111
213	8118
213	8120
213	8129
213	8140
213	8149
213	8182
213	8186
213	8219
213	8224
213	8225
213	8244
213	8255
213	8277
213	8293
213	8320
213	8342
213	8358
213	8398
213	8404
213	8470
213	8480
213	8522
213	8560
213	8587
213	8597
213	8602
213	8607
213	8608
213	8703
213	8704
213	8749
213	8759
213	8783
213	8785
213	8793
213	8794
213	8814
213	8895
213	8901
213	8917
213	8924
213	8926
213	8953
213	8980
213	9000
213	9025
213	9035
213	9038
213	9043
213	9132
213	9143
213	9161
213	9166
213	9177
213	9212
213	9248
213	9302
213	9308
213	9327
213	9329
213	9332
213	9335
213	9360
213	9451
213	9508
213	9522
213	9536
213	9542
213	9553
213	9568
213	9574
213	9617
213	9621
213	9635
213	9693
213	9707
213	9718
213	9721
213	9740
213	9759
213	9772
213	9775
213	9780
213	9791
213	9795
213	9807
213	9815
213	9824
213	9829
213	9845
213	9850
213	9887
213	9920
213	9921
213	9928
213	9961
213	9966
214	1
214	22
214	54
214	63
214	214
214	250
214	281
214	286
214	306
214	310
214	346
214	388
214	441
214	511
214	556
214	572
214	654
214	656
214	678
214	709
214	715
214	725
214	774
214	810
214	811
214	836
214	853
214	930
214	945
214	950
214	951
214	1013
214	1055
214	1145
214	1185
214	1222
214	1287
214	1295
214	1332
214	1334
214	1359
214	1377
214	1386
214	1387
214	1435
214	1458
214	1594
214	1597
214	1619
214	1654
214	1684
214	1687
214	1730
214	1755
214	1756
214	1897
214	1910
214	1931
214	1941
214	2000
214	2028
214	2042
214	2066
214	2072
214	2090
214	2096
214	2098
214	2114
214	2137
214	2165
214	2221
214	2259
214	2265
214	2271
214	2355
214	2371
214	2372
214	2437
214	2455
214	2498
214	2512
214	2534
214	2572
214	2694
214	2721
214	2765
214	2777
214	2804
214	2825
214	2925
214	2931
214	2932
214	2937
214	2938
214	2957
214	2958
214	2959
214	2980
214	3019
214	3022
214	3024
214	3058
214	3074
214	3102
214	3148
214	3230
214	3262
214	3322
214	3362
214	3388
214	3566
214	3589
214	3597
214	3604
214	3605
214	3688
214	3703
214	3728
214	3743
214	3762
214	3775
214	3776
214	3777
214	3795
214	3826
214	3833
214	3870
214	3925
214	3958
214	3962
214	4032
214	4040
214	4042
214	4047
214	4100
214	4129
214	4178
214	4186
214	4233
214	4244
214	4271
214	4282
214	4287
214	4328
214	4413
214	4414
214	4427
214	4430
214	4498
214	4588
214	4591
214	4847
214	4960
214	4982
214	5022
214	5042
214	5056
214	5095
214	5104
214	5127
214	5144
214	5173
214	5237
214	5240
214	5273
214	5307
214	5321
214	5386
214	5387
214	5427
214	5469
214	5504
214	5552
214	5557
214	5605
214	5650
214	5668
214	5681
214	5684
214	5685
214	5688
214	5736
214	5746
214	5750
214	5752
214	5774
214	5814
214	5849
214	5876
214	5931
214	6052
214	6184
214	6209
214	6211
214	6260
214	6288
214	6342
214	6345
214	6359
214	6365
214	6397
214	6461
214	6477
214	6480
214	6503
214	6513
214	6670
214	6700
214	6705
214	6723
214	6730
214	6813
214	6816
214	6867
214	6912
214	6913
214	6965
214	7070
214	7071
214	7090
214	7096
214	7100
214	7127
214	7132
214	7134
214	7143
214	7151
214	7172
214	7223
214	7228
214	7290
214	7301
214	7308
214	7312
214	7324
214	7386
214	7623
214	7737
214	7783
214	7874
214	7957
214	7963
214	7992
214	8054
214	8078
214	8079
214	8134
214	8137
214	8161
214	8189
214	8246
214	8257
214	8310
214	8341
214	8391
214	8392
214	8426
214	8435
214	8439
214	8441
214	8442
214	8469
214	8477
214	8494
214	8495
214	8504
214	8533
214	8550
214	8569
214	8598
214	8618
214	8633
214	8641
214	8645
214	8678
214	8720
214	8769
214	8773
214	8784
214	8856
214	8870
214	8938
214	8941
214	8946
214	8966
214	8990
214	9010
214	9039
214	9041
214	9095
214	9102
214	9120
214	9122
214	9162
214	9179
214	9245
214	9249
214	9254
214	9258
214	9260
214	9261
214	9316
214	9323
214	9330
214	9354
214	9403
214	9415
214	9424
214	9457
214	9525
214	9629
214	9648
214	9656
214	9723
214	9786
214	9821
214	9896
214	9971
214	9983
215	8
215	124
215	251
215	298
215	321
215	375
215	435
215	712
215	885
215	928
215	992
215	1004
215	1148
215	1241
215	1251
215	1284
215	1318
215	1323
215	1353
215	1519
215	1653
215	1672
215	1682
215	1696
215	1725
215	2012
215	2103
215	2152
215	2173
215	2181
215	2527
215	2565
215	2576
215	2587
215	2696
215	2884
215	2916
215	2936
215	2979
215	3075
215	3182
215	3254
215	3281
215	3297
215	3385
215	3443
215	3468
215	3482
215	3531
215	3547
215	3591
215	3645
215	3832
215	3836
215	3853
215	3886
215	4009
215	4021
215	4059
215	4095
215	4189
215	4208
215	4333
215	4373
215	4516
215	4624
215	4916
215	4977
215	5074
215	5087
215	5089
215	5194
215	5257
215	5271
215	5288
215	5404
215	5455
215	5532
215	5593
215	5729
215	5777
215	5791
215	5972
215	5983
215	5985
215	6001
215	6113
215	6126
215	6168
215	6193
215	6291
215	6376
215	6467
215	6675
215	6691
215	6855
215	6911
215	6915
215	7023
215	7043
215	7164
215	7273
215	7390
215	7525
215	7585
215	7618
215	7804
215	7842
215	7875
215	7987
215	8037
215	8086
215	8126
215	8239
215	8290
215	8313
215	8478
215	8481
215	8502
215	8508
215	8529
215	8621
215	8626
215	8642
215	8726
215	8943
215	8949
215	9070
215	9096
215	9278
215	9334
215	9414
215	9622
215	9623
215	9675
215	9842
216	38
216	232
216	290
216	424
216	948
216	1007
216	1045
216	1079
216	1147
216	1376
216	1405
216	1658
216	2507
216	2671
216	2690
216	2751
216	2762
216	3057
216	3678
216	3737
216	3818
216	4020
216	4031
216	4201
216	4605
216	4684
216	4763
216	4809
216	4840
216	4947
216	4972
216	5822
216	5948
216	6026
216	6177
216	6630
216	6832
216	7140
216	7224
216	7263
216	7277
216	7300
216	7448
216	7471
216	7594
216	7686
216	7791
216	7820
216	7966
216	8088
216	8138
216	8312
216	8592
216	8729
216	8757
216	8797
216	9003
216	9225
216	9276
216	9400
216	9461
216	9856
216	9866
216	9980
217	470
217	2993
217	3004
217	3114
217	3310
217	3324
217	3345
217	3369
217	3524
217	4520
217	4900
217	6172
217	6284
217	7358
217	8728
217	9124
217	9904
218	408
218	613
218	1034
218	4056
218	5588
218	6880
218	7685
218	8861
218	9797
219	9663
220	8382
