Minimo	Corrida
100	7002
101	137
101	545
101	1123
101	1341
101	1811
101	2208
101	2592
101	3684
101	3983
101	4422
101	4685
101	4958
101	5985
101	6331
101	6876
101	7127
101	7364
101	7411
101	7697
101	7834
101	7876
101	8200
101	8453
101	9050
101	9087
101	9205
101	9533
101	9585
102	4
102	70
102	71
102	221
102	427
102	442
102	467
102	565
102	583
102	696
102	751
102	789
102	810
102	850
102	856
102	862
102	967
102	991
102	1095
102	1232
102	1343
102	1371
102	1376
102	1428
102	1434
102	1491
102	1514
102	1586
102	1611
102	1645
102	1731
102	1899
102	1957
102	2022
102	2069
102	2101
102	2192
102	2209
102	2279
102	2297
102	2374
102	2442
102	2455
102	2471
102	2479
102	2551
102	2600
102	2634
102	2650
102	2652
102	2718
102	2817
102	2871
102	2882
102	2994
102	3120
102	3162
102	3229
102	3335
102	3396
102	3499
102	3539
102	3575
102	3668
102	3671
102	3773
102	3788
102	3911
102	3945
102	3969
102	4061
102	4079
102	4088
102	4213
102	4329
102	4431
102	4451
102	4489
102	4638
102	4733
102	4774
102	4785
102	4845
102	5065
102	5069
102	5196
102	5231
102	5352
102	5354
102	5363
102	5376
102	5527
102	5546
102	5575
102	5621
102	5736
102	5966
102	5988
102	6002
102	6040
102	6051
102	6171
102	6252
102	6363
102	6406
102	6409
102	6422
102	6490
102	6507
102	6525
102	6568
102	6606
102	6652
102	6668
102	6698
102	6699
102	6724
102	6878
102	6930
102	7042
102	7075
102	7089
102	7096
102	7237
102	7243
102	7345
102	7381
102	7430
102	7516
102	7613
102	7718
102	7740
102	7762
102	7812
102	7829
102	7838
102	7847
102	7849
102	7917
102	7928
102	7985
102	8371
102	8372
102	8392
102	8412
102	8440
102	8508
102	8537
102	8621
102	8635
102	8644
102	8674
102	8729
102	8732
102	8753
102	8754
102	8756
102	8822
102	8879
102	8909
102	9006
102	9018
102	9026
102	9100
102	9183
102	9198
102	9232
102	9240
102	9286
102	9467
102	9488
102	9689
102	9723
102	9799
102	9814
102	9927
103	42
103	57
103	64
103	68
103	76
103	112
103	117
103	120
103	143
103	149
103	183
103	185
103	227
103	251
103	276
103	279
103	287
103	304
103	332
103	341
103	353
103	370
103	371
103	416
103	419
103	430
103	434
103	438
103	458
103	469
103	471
103	493
103	517
103	556
103	624
103	633
103	669
103	720
103	722
103	759
103	763
103	782
103	794
103	798
103	813
103	841
103	845
103	847
103	867
103	868
103	875
103	888
103	907
103	926
103	968
103	978
103	1017
103	1021
103	1047
103	1066
103	1073
103	1087
103	1113
103	1119
103	1131
103	1135
103	1141
103	1147
103	1181
103	1194
103	1197
103	1198
103	1277
103	1291
103	1307
103	1310
103	1355
103	1359
103	1388
103	1427
103	1444
103	1481
103	1483
103	1487
103	1500
103	1521
103	1550
103	1607
103	1617
103	1619
103	1626
103	1633
103	1660
103	1661
103	1672
103	1687
103	1688
103	1709
103	1754
103	1795
103	1823
103	1824
103	1850
103	1863
103	1901
103	1902
103	1914
103	1919
103	1935
103	2056
103	2059
103	2061
103	2072
103	2074
103	2079
103	2086
103	2117
103	2123
103	2130
103	2190
103	2223
103	2240
103	2241
103	2283
103	2288
103	2289
103	2292
103	2317
103	2340
103	2344
103	2346
103	2349
103	2354
103	2398
103	2432
103	2440
103	2451
103	2468
103	2525
103	2552
103	2582
103	2687
103	2695
103	2749
103	2771
103	2798
103	2870
103	2885
103	2982
103	2988
103	2999
103	3016
103	3017
103	3034
103	3037
103	3046
103	3082
103	3085
103	3133
103	3150
103	3166
103	3185
103	3258
103	3279
103	3300
103	3331
103	3336
103	3381
103	3417
103	3422
103	3445
103	3471
103	3512
103	3522
103	3524
103	3529
103	3537
103	3551
103	3569
103	3583
103	3586
103	3596
103	3607
103	3613
103	3618
103	3627
103	3651
103	3654
103	3680
103	3691
103	3715
103	3725
103	3764
103	3774
103	3775
103	3782
103	3790
103	3799
103	3802
103	3839
103	3870
103	3894
103	3948
103	3951
103	3974
103	3982
103	3999
103	4007
103	4031
103	4038
103	4053
103	4058
103	4069
103	4080
103	4102
103	4183
103	4193
103	4201
103	4206
103	4218
103	4227
103	4270
103	4315
103	4377
103	4383
103	4436
103	4493
103	4497
103	4499
103	4501
103	4502
103	4513
103	4534
103	4547
103	4551
103	4597
103	4602
103	4617
103	4620
103	4624
103	4679
103	4691
103	4718
103	4721
103	4782
103	4783
103	4818
103	4835
103	4854
103	4864
103	4881
103	4891
103	4896
103	4900
103	4941
103	4942
103	4962
103	5009
103	5020
103	5053
103	5102
103	5138
103	5161
103	5206
103	5212
103	5213
103	5215
103	5216
103	5217
103	5265
103	5282
103	5303
103	5307
103	5339
103	5346
103	5353
103	5378
103	5387
103	5410
103	5424
103	5444
103	5490
103	5493
103	5528
103	5548
103	5591
103	5598
103	5656
103	5681
103	5723
103	5756
103	5770
103	5804
103	5807
103	5827
103	5835
103	5872
103	5894
103	5919
103	5926
103	5956
103	5957
103	5976
103	6062
103	6088
103	6099
103	6103
103	6113
103	6121
103	6161
103	6167
103	6184
103	6255
103	6276
103	6279
103	6285
103	6288
103	6290
103	6292
103	6308
103	6374
103	6398
103	6400
103	6415
103	6420
103	6434
103	6438
103	6447
103	6455
103	6458
103	6514
103	6515
103	6565
103	6575
103	6593
103	6597
103	6605
103	6608
103	6610
103	6613
103	6642
103	6643
103	6645
103	6694
103	6710
103	6728
103	6778
103	6785
103	6802
103	6808
103	6839
103	6851
103	6856
103	6931
103	6944
103	6993
103	6995
103	7001
103	7066
103	7070
103	7094
103	7102
103	7112
103	7139
103	7150
103	7164
103	7172
103	7195
103	7206
103	7218
103	7238
103	7254
103	7263
103	7283
103	7292
103	7296
103	7301
103	7320
103	7321
103	7333
103	7338
103	7346
103	7407
103	7414
103	7416
103	7424
103	7445
103	7514
103	7518
103	7533
103	7543
103	7561
103	7610
103	7618
103	7619
103	7637
103	7645
103	7701
103	7724
103	7749
103	7755
103	7773
103	7783
103	7790
103	7797
103	7798
103	7806
103	7815
103	7819
103	7836
103	7842
103	7846
103	7857
103	7863
103	7878
103	7888
103	7895
103	7923
103	7927
103	7940
103	7998
103	7999
103	8003
103	8012
103	8053
103	8054
103	8098
103	8122
103	8129
103	8156
103	8185
103	8220
103	8232
103	8281
103	8283
103	8293
103	8304
103	8341
103	8355
103	8382
103	8394
103	8406
103	8409
103	8420
103	8455
103	8457
103	8468
103	8477
103	8485
103	8527
103	8532
103	8553
103	8558
103	8572
103	8616
103	8622
103	8625
103	8641
103	8653
103	8733
103	8751
103	8813
103	8847
103	8850
103	8862
103	8865
103	8875
103	8878
103	8903
103	8910
103	8934
103	8959
103	8973
103	8987
103	8997
103	9057
103	9065
103	9069
103	9073
103	9096
103	9128
103	9134
103	9138
103	9170
103	9173
103	9186
103	9187
103	9192
103	9197
103	9201
103	9210
103	9214
103	9233
103	9241
103	9248
103	9251
103	9266
103	9314
103	9326
103	9339
103	9375
103	9377
103	9378
103	9394
103	9420
103	9463
103	9478
103	9491
103	9499
103	9514
103	9528
103	9540
103	9559
103	9565
103	9569
103	9580
103	9581
103	9583
103	9607
103	9617
103	9620
103	9638
103	9651
103	9653
103	9656
103	9681
103	9726
103	9735
103	9742
103	9775
103	9795
103	9809
103	9818
103	9853
103	9860
103	9880
103	9941
103	9944
103	9947
103	9968
103	9993
104	17
104	25
104	32
104	38
104	44
104	46
104	47
104	54
104	58
104	61
104	84
104	89
104	90
104	101
104	102
104	104
104	116
104	118
104	119
104	122
104	129
104	133
104	173
104	179
104	193
104	196
104	205
104	208
104	212
104	216
104	220
104	229
104	231
104	233
104	239
104	240
104	266
104	267
104	270
104	274
104	280
104	285
104	288
104	291
104	296
104	301
104	311
104	316
104	330
104	337
104	359
104	390
104	391
104	396
104	399
104	404
104	412
104	413
104	414
104	418
104	424
104	425
104	429
104	432
104	433
104	435
104	437
104	445
104	459
104	468
104	481
104	514
104	521
104	524
104	539
104	554
104	560
104	571
104	586
104	610
104	611
104	623
104	625
104	626
104	629
104	640
104	645
104	655
104	665
104	673
104	679
104	681
104	682
104	685
104	688
104	691
104	693
104	697
104	705
104	711
104	717
104	726
104	727
104	743
104	744
104	754
104	755
104	757
104	758
104	764
104	773
104	788
104	800
104	806
104	807
104	814
104	825
104	828
104	830
104	831
104	835
104	839
104	854
104	871
104	892
104	897
104	909
104	948
104	949
104	958
104	966
104	981
104	984
104	988
104	995
104	999
104	1000
104	1016
104	1034
104	1041
104	1042
104	1057
104	1068
104	1074
104	1075
104	1077
104	1080
104	1084
104	1100
104	1105
104	1108
104	1110
104	1126
104	1130
104	1133
104	1137
104	1139
104	1151
104	1154
104	1155
104	1161
104	1169
104	1176
104	1179
104	1183
104	1195
104	1206
104	1209
104	1211
104	1212
104	1217
104	1222
104	1244
104	1254
104	1263
104	1284
104	1297
104	1299
104	1308
104	1309
104	1319
104	1324
104	1331
104	1332
104	1337
104	1342
104	1358
104	1370
104	1377
104	1378
104	1382
104	1384
104	1385
104	1386
104	1387
104	1407
104	1412
104	1419
104	1426
104	1445
104	1457
104	1466
104	1467
104	1472
104	1473
104	1474
104	1482
104	1492
104	1493
104	1509
104	1511
104	1526
104	1537
104	1545
104	1546
104	1560
104	1568
104	1574
104	1582
104	1590
104	1596
104	1601
104	1605
104	1606
104	1609
104	1623
104	1639
104	1654
104	1655
104	1656
104	1665
104	1667
104	1668
104	1677
104	1681
104	1696
104	1702
104	1705
104	1707
104	1710
104	1715
104	1718
104	1728
104	1733
104	1735
104	1739
104	1747
104	1750
104	1752
104	1756
104	1757
104	1760
104	1761
104	1763
104	1764
104	1767
104	1770
104	1778
104	1791
104	1834
104	1838
104	1846
104	1847
104	1853
104	1855
104	1861
104	1862
104	1872
104	1881
104	1885
104	1895
104	1907
104	1916
104	1922
104	1933
104	1941
104	1949
104	1953
104	1954
104	1958
104	1959
104	1961
104	1964
104	1969
104	1971
104	1972
104	1974
104	1975
104	1977
104	1984
104	1990
104	1995
104	2005
104	2008
104	2015
104	2016
104	2021
104	2026
104	2037
104	2044
104	2054
104	2068
104	2082
104	2099
104	2106
104	2107
104	2110
104	2129
104	2143
104	2148
104	2150
104	2152
104	2172
104	2193
104	2195
104	2199
104	2200
104	2201
104	2207
104	2210
104	2219
104	2228
104	2229
104	2231
104	2232
104	2239
104	2253
104	2271
104	2273
104	2284
104	2287
104	2291
104	2303
104	2310
104	2312
104	2314
104	2320
104	2336
104	2345
104	2347
104	2358
104	2362
104	2366
104	2371
104	2376
104	2382
104	2386
104	2390
104	2394
104	2396
104	2397
104	2402
104	2405
104	2406
104	2407
104	2410
104	2411
104	2414
104	2415
104	2416
104	2418
104	2421
104	2436
104	2448
104	2449
104	2459
104	2476
104	2482
104	2484
104	2485
104	2487
104	2510
104	2516
104	2517
104	2521
104	2524
104	2546
104	2555
104	2568
104	2570
104	2575
104	2578
104	2589
104	2598
104	2613
104	2616
104	2628
104	2632
104	2636
104	2641
104	2643
104	2646
104	2647
104	2654
104	2666
104	2667
104	2668
104	2674
104	2676
104	2683
104	2684
104	2709
104	2719
104	2721
104	2724
104	2737
104	2741
104	2743
104	2748
104	2755
104	2759
104	2775
104	2783
104	2790
104	2792
104	2809
104	2811
104	2813
104	2815
104	2824
104	2826
104	2827
104	2835
104	2853
104	2861
104	2863
104	2864
104	2868
104	2879
104	2888
104	2895
104	2912
104	2926
104	2930
104	2947
104	2950
104	2969
104	2996
104	3000
104	3001
104	3011
104	3015
104	3028
104	3036
104	3073
104	3077
104	3093
104	3099
104	3100
104	3111
104	3125
104	3128
104	3142
104	3146
104	3153
104	3156
104	3158
104	3167
104	3168
104	3170
104	3174
104	3175
104	3176
104	3180
104	3187
104	3193
104	3198
104	3202
104	3203
104	3206
104	3212
104	3225
104	3235
104	3260
104	3264
104	3267
104	3268
104	3276
104	3280
104	3283
104	3285
104	3287
104	3293
104	3305
104	3318
104	3319
104	3323
104	3327
104	3340
104	3349
104	3362
104	3366
104	3377
104	3389
104	3394
104	3404
104	3406
104	3407
104	3408
104	3418
104	3421
104	3424
104	3428
104	3441
104	3446
104	3452
104	3457
104	3468
104	3477
104	3484
104	3496
104	3507
104	3527
104	3531
104	3533
104	3534
104	3535
104	3547
104	3552
104	3554
104	3562
104	3563
104	3565
104	3578
104	3579
104	3581
104	3590
104	3612
104	3615
104	3617
104	3636
104	3646
104	3657
104	3660
104	3661
104	3665
104	3676
104	3682
104	3717
104	3727
104	3740
104	3741
104	3757
104	3763
104	3765
104	3768
104	3772
104	3787
104	3791
104	3807
104	3809
104	3813
104	3824
104	3826
104	3828
104	3844
104	3855
104	3856
104	3857
104	3858
104	3869
104	3871
104	3887
104	3888
104	3892
104	3898
104	3901
104	3906
104	3912
104	3915
104	3919
104	3923
104	3925
104	3936
104	3942
104	3949
104	3955
104	3956
104	3965
104	3975
104	3979
104	3980
104	3985
104	3995
104	3996
104	3997
104	3998
104	4009
104	4013
104	4021
104	4026
104	4029
104	4034
104	4036
104	4037
104	4049
104	4056
104	4059
104	4078
104	4083
104	4100
104	4108
104	4120
104	4134
104	4135
104	4142
104	4143
104	4144
104	4147
104	4148
104	4149
104	4150
104	4159
104	4162
104	4170
104	4174
104	4177
104	4180
104	4181
104	4187
104	4194
104	4197
104	4202
104	4215
104	4222
104	4224
104	4231
104	4244
104	4248
104	4266
104	4283
104	4290
104	4291
104	4293
104	4301
104	4309
104	4327
104	4330
104	4331
104	4363
104	4386
104	4393
104	4395
104	4402
104	4409
104	4415
104	4424
104	4426
104	4434
104	4437
104	4439
104	4446
104	4447
104	4460
104	4462
104	4482
104	4484
104	4488
104	4491
104	4500
104	4515
104	4529
104	4538
104	4544
104	4556
104	4559
104	4561
104	4565
104	4567
104	4577
104	4581
104	4582
104	4586
104	4606
104	4627
104	4631
104	4648
104	4652
104	4655
104	4674
104	4687
104	4688
104	4693
104	4694
104	4698
104	4701
104	4702
104	4704
104	4705
104	4707
104	4713
104	4714
104	4723
104	4729
104	4754
104	4760
104	4778
104	4780
104	4784
104	4786
104	4817
104	4820
104	4823
104	4831
104	4850
104	4852
104	4862
104	4863
104	4885
104	4892
104	4906
104	4911
104	4919
104	4926
104	4930
104	4933
104	4944
104	4948
104	4950
104	4951
104	4952
104	4960
104	4963
104	4975
104	4977
104	4982
104	4986
104	4996
104	5013
104	5014
104	5015
104	5049
104	5051
104	5056
104	5059
104	5063
104	5070
104	5081
104	5083
104	5091
104	5108
104	5109
104	5115
104	5117
104	5125
104	5127
104	5135
104	5141
104	5147
104	5153
104	5159
104	5167
104	5173
104	5178
104	5187
104	5194
104	5200
104	5202
104	5207
104	5208
104	5210
104	5221
104	5236
104	5240
104	5241
104	5244
104	5249
104	5251
104	5273
104	5277
104	5284
104	5288
104	5314
104	5317
104	5333
104	5340
104	5343
104	5362
104	5367
104	5389
104	5391
104	5396
104	5405
104	5408
104	5413
104	5427
104	5432
104	5446
104	5461
104	5462
104	5468
104	5478
104	5482
104	5491
104	5504
104	5508
104	5510
104	5512
104	5524
104	5537
104	5538
104	5539
104	5544
104	5557
104	5564
104	5569
104	5570
104	5576
104	5588
104	5599
104	5607
104	5609
104	5611
104	5615
104	5616
104	5627
104	5628
104	5635
104	5636
104	5643
104	5647
104	5652
104	5653
104	5655
104	5657
104	5658
104	5668
104	5686
104	5695
104	5730
104	5735
104	5737
104	5765
104	5780
104	5786
104	5795
104	5797
104	5798
104	5801
104	5806
104	5811
104	5817
104	5828
104	5833
104	5836
104	5841
104	5842
104	5844
104	5857
104	5862
104	5865
104	5871
104	5873
104	5878
104	5879
104	5883
104	5886
104	5887
104	5891
104	5899
104	5912
104	5915
104	5916
104	5921
104	5931
104	5939
104	5945
104	5946
104	5955
104	5958
104	5963
104	5981
104	5987
104	6004
104	6007
104	6025
104	6053
104	6059
104	6068
104	6077
104	6093
104	6095
104	6129
104	6133
104	6134
104	6135
104	6175
104	6185
104	6199
104	6200
104	6207
104	6213
104	6215
104	6217
104	6223
104	6225
104	6227
104	6230
104	6231
104	6235
104	6243
104	6248
104	6253
104	6254
104	6258
104	6261
104	6272
104	6277
104	6278
104	6293
104	6300
104	6303
104	6307
104	6313
104	6319
104	6321
104	6337
104	6339
104	6341
104	6342
104	6360
104	6361
104	6365
104	6379
104	6382
104	6393
104	6416
104	6425
104	6437
104	6439
104	6441
104	6445
104	6460
104	6465
104	6497
104	6498
104	6505
104	6517
104	6522
104	6526
104	6529
104	6540
104	6542
104	6555
104	6559
104	6560
104	6566
104	6569
104	6574
104	6600
104	6601
104	6654
104	6656
104	6658
104	6661
104	6662
104	6676
104	6681
104	6684
104	6685
104	6702
104	6705
104	6706
104	6707
104	6715
104	6717
104	6718
104	6727
104	6738
104	6739
104	6744
104	6745
104	6772
104	6779
104	6782
104	6793
104	6795
104	6796
104	6797
104	6813
104	6814
104	6823
104	6825
104	6826
104	6827
104	6835
104	6843
104	6846
104	6849
104	6863
104	6884
104	6888
104	6892
104	6900
104	6901
104	6902
104	6903
104	6904
104	6940
104	6946
104	6956
104	6963
104	6968
104	6987
104	6994
104	7013
104	7014
104	7017
104	7020
104	7031
104	7034
104	7046
104	7050
104	7052
104	7056
104	7064
104	7067
104	7072
104	7074
104	7078
104	7086
104	7092
104	7095
104	7098
104	7099
104	7109
104	7110
104	7116
104	7117
104	7122
104	7124
104	7128
104	7141
104	7146
104	7147
104	7151
104	7162
104	7166
104	7169
104	7171
104	7175
104	7180
104	7185
104	7196
104	7197
104	7199
104	7212
104	7214
104	7221
104	7226
104	7236
104	7244
104	7268
104	7269
104	7282
104	7306
104	7313
104	7317
104	7323
104	7324
104	7328
104	7334
104	7347
104	7349
104	7352
104	7367
104	7369
104	7372
104	7373
104	7375
104	7379
104	7385
104	7386
104	7403
104	7405
104	7409
104	7415
104	7417
104	7418
104	7432
104	7433
104	7439
104	7440
104	7451
104	7465
104	7466
104	7472
104	7477
104	7488
104	7491
104	7492
104	7493
104	7504
104	7530
104	7537
104	7539
104	7548
104	7562
104	7566
104	7568
104	7585
104	7586
104	7588
104	7600
104	7601
104	7604
104	7628
104	7651
104	7652
104	7671
104	7693
104	7706
104	7713
104	7725
104	7728
104	7731
104	7739
104	7750
104	7765
104	7769
104	7820
104	7823
104	7824
104	7826
104	7832
104	7833
104	7840
104	7854
104	7855
104	7869
104	7870
104	7879
104	7881
104	7885
104	7889
104	7897
104	7902
104	7905
104	7918
104	7919
104	7922
104	7930
104	7931
104	7935
104	7937
104	7938
104	7946
104	7948
104	7968
104	7969
104	7971
104	7972
104	8010
104	8023
104	8035
104	8047
104	8048
104	8055
104	8068
104	8072
104	8091
104	8093
104	8114
104	8126
104	8143
104	8150
104	8167
104	8174
104	8183
104	8193
104	8199
104	8214
104	8215
104	8235
104	8244
104	8250
104	8266
104	8270
104	8282
104	8286
104	8287
104	8301
104	8310
104	8312
104	8316
104	8318
104	8325
104	8326
104	8329
104	8334
104	8339
104	8342
104	8344
104	8358
104	8360
104	8368
104	8375
104	8381
104	8389
104	8407
104	8413
104	8422
104	8424
104	8425
104	8430
104	8438
104	8441
104	8464
104	8486
104	8488
104	8497
104	8513
104	8521
104	8530
104	8536
104	8543
104	8544
104	8545
104	8554
104	8555
104	8565
104	8574
104	8579
104	8591
104	8595
104	8597
104	8598
104	8600
104	8612
104	8615
104	8631
104	8633
104	8639
104	8655
104	8656
104	8659
104	8661
104	8664
104	8668
104	8670
104	8672
104	8682
104	8694
104	8723
104	8734
104	8736
104	8737
104	8739
104	8741
104	8743
104	8758
104	8763
104	8784
104	8798
104	8828
104	8831
104	8842
104	8846
104	8861
104	8864
104	8866
104	8868
104	8871
104	8880
104	8883
104	8889
104	8891
104	8904
104	8913
104	8922
104	8933
104	8952
104	8955
104	8956
104	8961
104	8963
104	8968
104	8986
104	8990
104	8995
104	9002
104	9014
104	9021
104	9032
104	9036
104	9041
104	9042
104	9047
104	9059
104	9079
104	9088
104	9091
104	9092
104	9098
104	9110
104	9116
104	9125
104	9131
104	9149
104	9165
104	9167
104	9171
104	9178
104	9180
104	9188
104	9199
104	9203
104	9209
104	9215
104	9218
104	9220
104	9235
104	9249
104	9253
104	9255
104	9260
104	9262
104	9275
104	9279
104	9300
104	9304
104	9321
104	9323
104	9337
104	9358
104	9364
104	9370
104	9374
104	9379
104	9380
104	9388
104	9391
104	9392
104	9396
104	9404
104	9406
104	9413
104	9419
104	9457
104	9469
104	9473
104	9479
104	9484
104	9486
104	9492
104	9498
104	9500
104	9518
104	9524
104	9551
104	9557
104	9562
104	9577
104	9591
104	9597
104	9601
104	9605
104	9606
104	9613
104	9614
104	9631
104	9633
104	9636
104	9672
104	9673
104	9708
104	9714
104	9722
104	9725
104	9731
104	9747
104	9755
104	9756
104	9765
104	9770
104	9771
104	9772
104	9778
104	9782
104	9786
104	9794
104	9797
104	9827
104	9831
104	9833
104	9834
104	9838
104	9847
104	9862
104	9868
104	9872
104	9877
104	9879
104	9893
104	9896
104	9898
104	9918
104	9929
104	9934
104	9945
104	9949
104	9956
104	9959
104	9966
104	9972
104	9986
104	9997
105	10
105	11
105	12
105	13
105	23
105	29
105	30
105	35
105	40
105	41
105	45
105	48
105	51
105	53
105	59
105	62
105	66
105	69
105	74
105	80
105	81
105	82
105	91
105	107
105	109
105	121
105	124
105	128
105	140
105	141
105	147
105	152
105	160
105	161
105	162
105	163
105	165
105	167
105	170
105	174
105	182
105	187
105	192
105	194
105	197
105	211
105	213
105	222
105	223
105	226
105	235
105	236
105	238
105	245
105	246
105	248
105	252
105	255
105	256
105	263
105	269
105	272
105	273
105	277
105	282
105	283
105	290
105	292
105	294
105	297
105	298
105	306
105	307
105	309
105	314
105	318
105	322
105	323
105	325
105	329
105	333
105	336
105	352
105	354
105	357
105	362
105	367
105	368
105	369
105	372
105	373
105	379
105	381
105	382
105	384
105	388
105	395
105	397
105	406
105	408
105	415
105	420
105	423
105	426
105	452
105	454
105	457
105	461
105	462
105	463
105	485
105	488
105	492
105	502
105	503
105	505
105	506
105	507
105	510
105	516
105	525
105	526
105	528
105	530
105	535
105	541
105	543
105	544
105	548
105	550
105	551
105	552
105	559
105	566
105	567
105	569
105	570
105	573
105	575
105	577
105	578
105	582
105	587
105	588
105	589
105	591
105	593
105	595
105	613
105	614
105	617
105	620
105	622
105	630
105	631
105	634
105	637
105	638
105	641
105	642
105	643
105	644
105	647
105	653
105	656
105	662
105	663
105	667
105	670
105	671
105	678
105	684
105	686
105	689
105	704
105	707
105	729
105	736
105	745
105	746
105	748
105	750
105	761
105	767
105	769
105	778
105	783
105	785
105	786
105	796
105	815
105	819
105	822
105	823
105	824
105	826
105	829
105	832
105	836
105	838
105	843
105	846
105	851
105	852
105	861
105	864
105	865
105	870
105	872
105	876
105	878
105	884
105	887
105	890
105	893
105	911
105	912
105	916
105	918
105	919
105	920
105	924
105	929
105	936
105	939
105	943
105	945
105	947
105	956
105	962
105	963
105	964
105	965
105	969
105	971
105	973
105	976
105	980
105	982
105	989
105	994
105	1001
105	1002
105	1004
105	1005
105	1007
105	1008
105	1009
105	1013
105	1014
105	1015
105	1022
105	1029
105	1030
105	1031
105	1033
105	1035
105	1037
105	1044
105	1051
105	1060
105	1072
105	1076
105	1078
105	1081
105	1085
105	1086
105	1088
105	1089
105	1090
105	1091
105	1096
105	1103
105	1104
105	1109
105	1116
105	1117
105	1127
105	1128
105	1140
105	1142
105	1158
105	1159
105	1162
105	1164
105	1170
105	1184
105	1187
105	1189
105	1191
105	1196
105	1204
105	1208
105	1213
105	1214
105	1215
105	1216
105	1219
105	1230
105	1236
105	1239
105	1241
105	1248
105	1249
105	1252
105	1255
105	1258
105	1264
105	1267
105	1269
105	1274
105	1275
105	1276
105	1282
105	1286
105	1295
105	1296
105	1300
105	1315
105	1317
105	1321
105	1323
105	1328
105	1330
105	1333
105	1345
105	1346
105	1350
105	1352
105	1357
105	1363
105	1364
105	1367
105	1389
105	1390
105	1402
105	1406
105	1408
105	1409
105	1410
105	1415
105	1417
105	1418
105	1422
105	1435
105	1437
105	1438
105	1440
105	1443
105	1449
105	1452
105	1455
105	1468
105	1475
105	1479
105	1480
105	1486
105	1496
105	1497
105	1499
105	1504
105	1508
105	1513
105	1520
105	1525
105	1528
105	1529
105	1534
105	1541
105	1542
105	1543
105	1544
105	1552
105	1553
105	1554
105	1555
105	1556
105	1575
105	1578
105	1583
105	1584
105	1587
105	1594
105	1598
105	1599
105	1602
105	1604
105	1608
105	1612
105	1613
105	1615
105	1622
105	1625
105	1628
105	1630
105	1638
105	1643
105	1646
105	1647
105	1648
105	1652
105	1658
105	1673
105	1675
105	1678
105	1680
105	1684
105	1691
105	1695
105	1697
105	1699
105	1700
105	1703
105	1712
105	1714
105	1721
105	1724
105	1734
105	1740
105	1745
105	1755
105	1762
105	1766
105	1772
105	1777
105	1780
105	1781
105	1787
105	1789
105	1796
105	1797
105	1798
105	1802
105	1803
105	1805
105	1813
105	1819
105	1828
105	1829
105	1836
105	1837
105	1839
105	1848
105	1851
105	1854
105	1857
105	1858
105	1865
105	1869
105	1875
105	1882
105	1898
105	1904
105	1906
105	1920
105	1923
105	1925
105	1929
105	1931
105	1936
105	1938
105	1942
105	1947
105	1950
105	1951
105	1956
105	1976
105	1978
105	1987
105	1991
105	1992
105	1994
105	1996
105	1997
105	1998
105	2000
105	2010
105	2017
105	2018
105	2020
105	2023
105	2025
105	2030
105	2036
105	2042
105	2043
105	2045
105	2048
105	2051
105	2055
105	2058
105	2060
105	2063
105	2065
105	2067
105	2083
105	2085
105	2090
105	2092
105	2097
105	2105
105	2108
105	2112
105	2114
105	2118
105	2125
105	2126
105	2131
105	2132
105	2138
105	2139
105	2142
105	2147
105	2151
105	2161
105	2167
105	2169
105	2175
105	2176
105	2181
105	2184
105	2189
105	2194
105	2196
105	2198
105	2206
105	2216
105	2217
105	2226
105	2235
105	2246
105	2250
105	2251
105	2252
105	2259
105	2260
105	2262
105	2267
105	2269
105	2272
105	2274
105	2276
105	2282
105	2290
105	2302
105	2304
105	2306
105	2313
105	2316
105	2318
105	2327
105	2331
105	2332
105	2333
105	2334
105	2335
105	2341
105	2350
105	2361
105	2363
105	2378
105	2384
105	2385
105	2392
105	2395
105	2400
105	2401
105	2403
105	2404
105	2413
105	2422
105	2428
105	2431
105	2446
105	2447
105	2452
105	2456
105	2460
105	2465
105	2467
105	2474
105	2481
105	2486
105	2493
105	2494
105	2500
105	2503
105	2506
105	2511
105	2518
105	2520
105	2527
105	2537
105	2539
105	2540
105	2547
105	2550
105	2560
105	2561
105	2564
105	2565
105	2569
105	2571
105	2576
105	2583
105	2584
105	2588
105	2591
105	2594
105	2595
105	2596
105	2597
105	2603
105	2605
105	2606
105	2607
105	2615
105	2617
105	2620
105	2626
105	2635
105	2637
105	2642
105	2644
105	2648
105	2655
105	2660
105	2661
105	2665
105	2672
105	2675
105	2678
105	2679
105	2685
105	2688
105	2691
105	2693
105	2702
105	2703
105	2710
105	2711
105	2715
105	2716
105	2722
105	2728
105	2730
105	2747
105	2750
105	2751
105	2756
105	2760
105	2762
105	2768
105	2770
105	2773
105	2776
105	2780
105	2784
105	2791
105	2794
105	2808
105	2819
105	2821
105	2825
105	2832
105	2834
105	2838
105	2839
105	2841
105	2842
105	2845
105	2850
105	2852
105	2857
105	2858
105	2860
105	2867
105	2877
105	2883
105	2884
105	2890
105	2904
105	2905
105	2906
105	2907
105	2909
105	2910
105	2914
105	2915
105	2917
105	2925
105	2933
105	2936
105	2937
105	2938
105	2939
105	2940
105	2942
105	2943
105	2948
105	2951
105	2953
105	2955
105	2956
105	2961
105	2963
105	2965
105	2970
105	2979
105	2980
105	2981
105	2989
105	2990
105	2993
105	2995
105	2997
105	2998
105	3002
105	3006
105	3007
105	3013
105	3019
105	3021
105	3022
105	3024
105	3025
105	3027
105	3032
105	3033
105	3035
105	3039
105	3045
105	3052
105	3059
105	3064
105	3065
105	3066
105	3070
105	3083
105	3090
105	3094
105	3095
105	3101
105	3105
105	3110
105	3112
105	3119
105	3129
105	3134
105	3135
105	3136
105	3139
105	3145
105	3147
105	3151
105	3152
105	3154
105	3157
105	3164
105	3173
105	3186
105	3189
105	3191
105	3194
105	3197
105	3201
105	3204
105	3207
105	3214
105	3215
105	3224
105	3226
105	3228
105	3231
105	3239
105	3241
105	3242
105	3246
105	3248
105	3250
105	3253
105	3254
105	3256
105	3269
105	3270
105	3286
105	3290
105	3301
105	3302
105	3304
105	3309
105	3311
105	3313
105	3315
105	3329
105	3341
105	3343
105	3348
105	3350
105	3352
105	3354
105	3355
105	3360
105	3361
105	3365
105	3368
105	3370
105	3379
105	3382
105	3383
105	3385
105	3388
105	3390
105	3392
105	3400
105	3402
105	3403
105	3411
105	3416
105	3419
105	3423
105	3426
105	3427
105	3431
105	3438
105	3439
105	3440
105	3448
105	3454
105	3455
105	3460
105	3467
105	3472
105	3475
105	3479
105	3481
105	3486
105	3500
105	3508
105	3515
105	3518
105	3523
105	3526
105	3538
105	3541
105	3542
105	3545
105	3556
105	3561
105	3570
105	3572
105	3573
105	3574
105	3584
105	3587
105	3599
105	3601
105	3602
105	3609
105	3611
105	3624
105	3632
105	3635
105	3638
105	3640
105	3642
105	3648
105	3659
105	3666
105	3667
105	3674
105	3677
105	3685
105	3686
105	3689
105	3692
105	3694
105	3695
105	3699
105	3703
105	3705
105	3707
105	3708
105	3710
105	3714
105	3719
105	3720
105	3730
105	3731
105	3734
105	3735
105	3738
105	3739
105	3749
105	3750
105	3755
105	3756
105	3758
105	3767
105	3771
105	3776
105	3779
105	3793
105	3795
105	3798
105	3804
105	3805
105	3811
105	3814
105	3817
105	3822
105	3831
105	3836
105	3840
105	3849
105	3852
105	3863
105	3865
105	3867
105	3873
105	3875
105	3877
105	3883
105	3884
105	3889
105	3890
105	3895
105	3896
105	3899
105	3903
105	3905
105	3910
105	3917
105	3918
105	3926
105	3928
105	3946
105	3947
105	3950
105	3954
105	3958
105	3959
105	3961
105	3963
105	3964
105	3972
105	3976
105	3986
105	3987
105	3990
105	3993
105	4003
105	4005
105	4006
105	4017
105	4023
105	4025
105	4027
105	4028
105	4035
105	4041
105	4044
105	4050
105	4055
105	4062
105	4064
105	4067
105	4074
105	4075
105	4081
105	4093
105	4094
105	4099
105	4103
105	4105
105	4107
105	4114
105	4115
105	4118
105	4121
105	4127
105	4136
105	4138
105	4141
105	4146
105	4155
105	4158
105	4161
105	4172
105	4179
105	4184
105	4185
105	4188
105	4195
105	4203
105	4204
105	4205
105	4210
105	4211
105	4216
105	4219
105	4220
105	4223
105	4225
105	4236
105	4238
105	4241
105	4247
105	4249
105	4251
105	4255
105	4256
105	4262
105	4264
105	4271
105	4273
105	4281
105	4286
105	4287
105	4289
105	4292
105	4297
105	4302
105	4313
105	4316
105	4317
105	4318
105	4319
105	4320
105	4321
105	4322
105	4324
105	4325
105	4328
105	4332
105	4336
105	4339
105	4341
105	4348
105	4349
105	4350
105	4353
105	4356
105	4359
105	4362
105	4365
105	4368
105	4370
105	4378
105	4380
105	4389
105	4391
105	4394
105	4403
105	4404
105	4406
105	4414
105	4418
105	4427
105	4455
105	4459
105	4461
105	4463
105	4464
105	4471
105	4472
105	4485
105	4498
105	4503
105	4506
105	4507
105	4508
105	4509
105	4517
105	4518
105	4519
105	4523
105	4524
105	4530
105	4531
105	4533
105	4542
105	4550
105	4562
105	4563
105	4568
105	4575
105	4576
105	4578
105	4579
105	4587
105	4590
105	4591
105	4594
105	4595
105	4596
105	4601
105	4603
105	4609
105	4610
105	4611
105	4623
105	4625
105	4626
105	4632
105	4633
105	4634
105	4641
105	4642
105	4646
105	4647
105	4654
105	4658
105	4659
105	4663
105	4665
105	4666
105	4669
105	4678
105	4686
105	4689
105	4692
105	4703
105	4710
105	4711
105	4720
105	4726
105	4730
105	4732
105	4739
105	4741
105	4743
105	4744
105	4747
105	4748
105	4749
105	4755
105	4762
105	4767
105	4768
105	4770
105	4772
105	4775
105	4781
105	4787
105	4790
105	4791
105	4792
105	4800
105	4801
105	4807
105	4808
105	4810
105	4825
105	4827
105	4828
105	4836
105	4839
105	4844
105	4848
105	4849
105	4856
105	4859
105	4867
105	4869
105	4870
105	4873
105	4874
105	4886
105	4887
105	4893
105	4901
105	4902
105	4903
105	4908
105	4910
105	4913
105	4916
105	4917
105	4918
105	4924
105	4931
105	4934
105	4943
105	4947
105	4956
105	4964
105	4965
105	4966
105	4967
105	4970
105	4972
105	4974
105	4985
105	4988
105	4993
105	5004
105	5006
105	5010
105	5011
105	5016
105	5022
105	5023
105	5024
105	5025
105	5028
105	5029
105	5030
105	5040
105	5044
105	5046
105	5048
105	5054
105	5057
105	5071
105	5073
105	5075
105	5080
105	5085
105	5087
105	5090
105	5095
105	5096
105	5098
105	5103
105	5105
105	5113
105	5114
105	5118
105	5122
105	5131
105	5134
105	5136
105	5139
105	5144
105	5149
105	5150
105	5151
105	5152
105	5165
105	5170
105	5171
105	5175
105	5182
105	5183
105	5191
105	5192
105	5193
105	5195
105	5197
105	5204
105	5211
105	5224
105	5226
105	5233
105	5234
105	5255
105	5259
105	5260
105	5264
105	5266
105	5268
105	5269
105	5275
105	5278
105	5285
105	5287
105	5290
105	5294
105	5295
105	5300
105	5305
105	5310
105	5316
105	5323
105	5328
105	5331
105	5332
105	5334
105	5338
105	5345
105	5348
105	5349
105	5350
105	5365
105	5368
105	5372
105	5373
105	5385
105	5394
105	5397
105	5398
105	5404
105	5406
105	5412
105	5415
105	5423
105	5426
105	5429
105	5437
105	5441
105	5450
105	5452
105	5455
105	5460
105	5463
105	5464
105	5467
105	5471
105	5477
105	5479
105	5487
105	5488
105	5492
105	5494
105	5497
105	5498
105	5501
105	5515
105	5516
105	5520
105	5523
105	5525
105	5533
105	5536
105	5543
105	5547
105	5549
105	5551
105	5566
105	5567
105	5568
105	5580
105	5581
105	5586
105	5595
105	5600
105	5601
105	5602
105	5603
105	5608
105	5632
105	5639
105	5649
105	5650
105	5654
105	5662
105	5665
105	5677
105	5680
105	5682
105	5684
105	5690
105	5691
105	5693
105	5694
105	5697
105	5704
105	5709
105	5710
105	5712
105	5714
105	5718
105	5724
105	5727
105	5734
105	5738
105	5739
105	5741
105	5743
105	5746
105	5748
105	5749
105	5752
105	5753
105	5755
105	5757
105	5758
105	5759
105	5760
105	5763
105	5764
105	5767
105	5771
105	5773
105	5778
105	5784
105	5787
105	5788
105	5789
105	5790
105	5794
105	5800
105	5813
105	5814
105	5816
105	5819
105	5820
105	5821
105	5822
105	5825
105	5832
105	5837
105	5843
105	5845
105	5847
105	5848
105	5850
105	5860
105	5861
105	5866
105	5881
105	5890
105	5895
105	5897
105	5900
105	5902
105	5907
105	5914
105	5917
105	5920
105	5928
105	5930
105	5934
105	5941
105	5949
105	5952
105	5959
105	5961
105	5967
105	5979
105	5980
105	5996
105	5998
105	6003
105	6005
105	6015
105	6018
105	6020
105	6026
105	6029
105	6031
105	6032
105	6035
105	6037
105	6038
105	6039
105	6041
105	6047
105	6050
105	6057
105	6066
105	6069
105	6070
105	6078
105	6079
105	6083
105	6084
105	6087
105	6100
105	6107
105	6108
105	6111
105	6115
105	6116
105	6123
105	6126
105	6137
105	6139
105	6145
105	6146
105	6148
105	6151
105	6158
105	6164
105	6165
105	6169
105	6176
105	6178
105	6183
105	6186
105	6188
105	6204
105	6206
105	6216
105	6219
105	6226
105	6228
105	6241
105	6245
105	6247
105	6251
105	6259
105	6260
105	6262
105	6264
105	6267
105	6269
105	6271
105	6274
105	6296
105	6299
105	6304
105	6305
105	6312
105	6320
105	6325
105	6326
105	6328
105	6333
105	6334
105	6343
105	6347
105	6350
105	6352
105	6356
105	6364
105	6371
105	6375
105	6380
105	6381
105	6386
105	6390
105	6401
105	6402
105	6404
105	6405
105	6417
105	6427
105	6428
105	6435
105	6436
105	6442
105	6450
105	6453
105	6459
105	6462
105	6470
105	6473
105	6475
105	6481
105	6484
105	6491
105	6511
105	6513
105	6519
105	6521
105	6523
105	6530
105	6534
105	6535
105	6539
105	6541
105	6545
105	6546
105	6549
105	6551
105	6586
105	6602
105	6614
105	6616
105	6617
105	6622
105	6623
105	6625
105	6626
105	6627
105	6628
105	6633
105	6641
105	6648
105	6664
105	6665
105	6667
105	6670
105	6671
105	6678
105	6690
105	6691
105	6692
105	6693
105	6696
105	6704
105	6711
105	6712
105	6726
105	6730
105	6734
105	6735
105	6736
105	6737
105	6742
105	6746
105	6754
105	6758
105	6759
105	6763
105	6764
105	6766
105	6768
105	6774
105	6776
105	6780
105	6781
105	6789
105	6790
105	6803
105	6804
105	6806
105	6809
105	6812
105	6817
105	6820
105	6822
105	6824
105	6829
105	6831
105	6836
105	6842
105	6845
105	6850
105	6859
105	6864
105	6867
105	6886
105	6887
105	6889
105	6893
105	6894
105	6895
105	6897
105	6911
105	6915
105	6916
105	6921
105	6925
105	6926
105	6927
105	6937
105	6938
105	6939
105	6943
105	6945
105	6949
105	6954
105	6957
105	6959
105	6966
105	6967
105	6973
105	6979
105	6981
105	6982
105	6984
105	6985
105	7003
105	7004
105	7009
105	7035
105	7037
105	7038
105	7039
105	7055
105	7063
105	7065
105	7068
105	7082
105	7084
105	7085
105	7103
105	7105
105	7120
105	7125
105	7126
105	7134
105	7144
105	7149
105	7153
105	7154
105	7155
105	7159
105	7163
105	7165
105	7170
105	7174
105	7177
105	7189
105	7191
105	7193
105	7204
105	7208
105	7209
105	7229
105	7231
105	7233
105	7241
105	7242
105	7246
105	7249
105	7251
105	7252
105	7256
105	7262
105	7265
105	7267
105	7270
105	7271
105	7272
105	7273
105	7275
105	7276
105	7286
105	7289
105	7291
105	7293
105	7299
105	7302
105	7307
105	7309
105	7310
105	7312
105	7318
105	7329
105	7331
105	7332
105	7337
105	7342
105	7343
105	7354
105	7355
105	7357
105	7359
105	7361
105	7362
105	7366
105	7377
105	7378
105	7382
105	7396
105	7397
105	7399
105	7402
105	7412
105	7420
105	7431
105	7453
105	7455
105	7459
105	7461
105	7463
105	7469
105	7471
105	7473
105	7483
105	7484
105	7489
105	7494
105	7496
105	7497
105	7503
105	7505
105	7513
105	7517
105	7524
105	7526
105	7528
105	7531
105	7532
105	7535
105	7540
105	7541
105	7557
105	7559
105	7564
105	7572
105	7573
105	7575
105	7576
105	7583
105	7584
105	7589
105	7595
105	7596
105	7605
105	7606
105	7609
105	7611
105	7620
105	7626
105	7627
105	7635
105	7636
105	7650
105	7653
105	7657
105	7665
105	7667
105	7668
105	7672
105	7678
105	7680
105	7683
105	7685
105	7695
105	7703
105	7704
105	7705
105	7708
105	7716
105	7721
105	7730
105	7736
105	7744
105	7745
105	7752
105	7753
105	7754
105	7761
105	7763
105	7766
105	7767
105	7770
105	7772
105	7780
105	7781
105	7785
105	7786
105	7788
105	7791
105	7792
105	7793
105	7794
105	7796
105	7799
105	7800
105	7804
105	7805
105	7814
105	7816
105	7825
105	7830
105	7837
105	7850
105	7851
105	7852
105	7853
105	7861
105	7862
105	7871
105	7875
105	7877
105	7880
105	7882
105	7883
105	7903
105	7916
105	7924
105	7925
105	7936
105	7949
105	7950
105	7956
105	7958
105	7964
105	7965
105	7973
105	7975
105	7979
105	7981
105	7988
105	7990
105	7997
105	8000
105	8006
105	8008
105	8013
105	8016
105	8017
105	8018
105	8024
105	8025
105	8030
105	8034
105	8037
105	8049
105	8056
105	8059
105	8073
105	8077
105	8081
105	8084
105	8086
105	8089
105	8095
105	8101
105	8102
105	8117
105	8123
105	8127
105	8133
105	8137
105	8142
105	8158
105	8161
105	8163
105	8169
105	8172
105	8173
105	8177
105	8184
105	8189
105	8192
105	8194
105	8197
105	8201
105	8203
105	8211
105	8216
105	8223
105	8228
105	8230
105	8231
105	8237
105	8238
105	8247
105	8254
105	8259
105	8263
105	8264
105	8267
105	8271
105	8273
105	8276
105	8278
105	8284
105	8289
105	8299
105	8303
105	8305
105	8307
105	8308
105	8309
105	8311
105	8313
105	8314
105	8315
105	8319
105	8321
105	8336
105	8337
105	8338
105	8345
105	8347
105	8348
105	8350
105	8357
105	8361
105	8362
105	8363
105	8367
105	8370
105	8373
105	8374
105	8376
105	8379
105	8380
105	8383
105	8384
105	8386
105	8388
105	8393
105	8396
105	8398
105	8399
105	8400
105	8403
105	8405
105	8416
105	8419
105	8421
105	8426
105	8431
105	8434
105	8436
105	8439
105	8446
105	8460
105	8470
105	8471
105	8472
105	8474
105	8475
105	8476
105	8481
105	8490
105	8494
105	8495
105	8496
105	8500
105	8503
105	8512
105	8520
105	8522
105	8524
105	8525
105	8528
105	8529
105	8531
105	8535
105	8540
105	8541
105	8542
105	8547
105	8556
105	8557
105	8560
105	8561
105	8564
105	8570
105	8571
105	8581
105	8585
105	8592
105	8593
105	8599
105	8607
105	8617
105	8620
105	8623
105	8627
105	8628
105	8629
105	8630
105	8632
105	8642
105	8649
105	8658
105	8662
105	8665
105	8671
105	8676
105	8677
105	8678
105	8680
105	8683
105	8686
105	8687
105	8696
105	8699
105	8700
105	8707
105	8708
105	8712
105	8717
105	8720
105	8724
105	8726
105	8735
105	8745
105	8755
105	8759
105	8764
105	8768
105	8773
105	8774
105	8775
105	8779
105	8780
105	8781
105	8786
105	8789
105	8792
105	8796
105	8797
105	8800
105	8803
105	8811
105	8812
105	8815
105	8819
105	8823
105	8833
105	8837
105	8841
105	8845
105	8851
105	8857
105	8859
105	8874
105	8876
105	8881
105	8890
105	8892
105	8893
105	8897
105	8902
105	8906
105	8911
105	8921
105	8924
105	8927
105	8930
105	8931
105	8932
105	8937
105	8938
105	8944
105	8945
105	8954
105	8970
105	8972
105	8974
105	8979
105	8980
105	8981
105	8988
105	8989
105	8991
105	8992
105	8999
105	9001
105	9004
105	9008
105	9009
105	9010
105	9028
105	9034
105	9040
105	9045
105	9048
105	9056
105	9067
105	9072
105	9077
105	9080
105	9081
105	9083
105	9084
105	9085
105	9099
105	9123
105	9124
105	9130
105	9136
105	9140
105	9144
105	9146
105	9147
105	9150
105	9153
105	9157
105	9160
105	9172
105	9179
105	9185
105	9189
105	9190
105	9194
105	9200
105	9204
105	9208
105	9211
105	9212
105	9217
105	9219
105	9221
105	9223
105	9224
105	9226
105	9228
105	9229
105	9231
105	9242
105	9245
105	9247
105	9250
105	9258
105	9261
105	9264
105	9267
105	9269
105	9272
105	9274
105	9276
105	9282
105	9283
105	9291
105	9294
105	9296
105	9303
105	9307
105	9308
105	9309
105	9313
105	9318
105	9327
105	9336
105	9344
105	9363
105	9365
105	9369
105	9382
105	9384
105	9395
105	9402
105	9411
105	9415
105	9417
105	9418
105	9430
105	9432
105	9433
105	9434
105	9438
105	9443
105	9445
105	9450
105	9456
105	9462
105	9465
105	9471
105	9472
105	9477
105	9480
105	9482
105	9489
105	9497
105	9503
105	9506
105	9507
105	9511
105	9515
105	9526
105	9527
105	9530
105	9531
105	9532
105	9534
105	9535
105	9536
105	9543
105	9544
105	9545
105	9554
105	9556
105	9560
105	9568
105	9570
105	9571
105	9575
105	9589
105	9590
105	9596
105	9600
105	9619
105	9622
105	9624
105	9630
105	9634
105	9639
105	9641
105	9645
105	9657
105	9659
105	9660
105	9664
105	9665
105	9677
105	9682
105	9683
105	9688
105	9693
105	9696
105	9697
105	9707
105	9713
105	9715
105	9717
105	9719
105	9721
105	9728
105	9729
105	9733
105	9740
105	9741
105	9749
105	9750
105	9752
105	9766
105	9767
105	9776
105	9784
105	9800
105	9802
105	9806
105	9807
105	9816
105	9826
105	9832
105	9835
105	9840
105	9841
105	9842
105	9846
105	9850
105	9851
105	9852
105	9857
105	9875
105	9881
105	9884
105	9887
105	9891
105	9892
105	9894
105	9895
105	9901
105	9902
105	9905
105	9908
105	9909
105	9910
105	9912
105	9915
105	9920
105	9922
105	9924
105	9926
105	9931
105	9951
105	9960
105	9963
105	9965
105	9974
105	9976
105	9982
105	9987
105	9991
105	9995
105	9996
106	0
106	7
106	9
106	14
106	16
106	18
106	21
106	22
106	27
106	34
106	36
106	39
106	49
106	52
106	56
106	60
106	65
106	78
106	79
106	86
106	87
106	93
106	94
106	95
106	96
106	97
106	103
106	108
106	110
106	111
106	113
106	114
106	115
106	123
106	125
106	131
106	132
106	134
106	135
106	138
106	139
106	142
106	154
106	158
106	171
106	175
106	178
106	184
106	188
106	189
106	191
106	195
106	199
106	200
106	202
106	210
106	214
106	218
106	219
106	228
106	241
106	244
106	250
106	254
106	258
106	259
106	261
106	265
106	268
106	275
106	286
106	293
106	295
106	308
106	310
106	312
106	313
106	315
106	319
106	320
106	328
106	335
106	339
106	342
106	343
106	346
106	349
106	350
106	355
106	363
106	364
106	365
106	375
106	377
106	380
106	387
106	389
106	398
106	400
106	402
106	405
106	409
106	422
106	431
106	440
106	441
106	443
106	444
106	449
106	450
106	451
106	455
106	460
106	466
106	470
106	473
106	474
106	479
106	483
106	486
106	490
106	495
106	497
106	500
106	512
106	527
106	533
106	536
106	538
106	561
106	562
106	564
106	572
106	574
106	579
106	580
106	581
106	584
106	590
106	600
106	602
106	603
106	605
106	606
106	607
106	608
106	618
106	621
106	639
106	648
106	649
106	650
106	657
106	660
106	666
106	668
106	672
106	675
106	676
106	680
106	687
106	698
106	703
106	708
106	714
106	715
106	724
106	732
106	733
106	737
106	738
106	742
106	749
106	752
106	760
106	762
106	765
106	766
106	768
106	771
106	772
106	774
106	775
106	776
106	777
106	780
106	781
106	787
106	791
106	793
106	797
106	799
106	801
106	802
106	804
106	809
106	812
106	827
106	844
106	849
106	853
106	855
106	857
106	858
106	860
106	863
106	866
106	869
106	874
106	879
106	880
106	886
106	889
106	895
106	896
106	899
106	901
106	902
106	903
106	905
106	906
106	913
106	917
106	921
106	927
106	930
106	931
106	932
106	934
106	935
106	940
106	942
106	946
106	952
106	953
106	954
106	957
106	959
106	960
106	970
106	977
106	979
106	986
106	987
106	996
106	997
106	1003
106	1010
106	1011
106	1018
106	1020
106	1026
106	1027
106	1028
106	1043
106	1046
106	1049
106	1052
106	1053
106	1059
106	1061
106	1064
106	1067
106	1069
106	1092
106	1097
106	1099
106	1111
106	1112
106	1115
106	1118
106	1124
106	1125
106	1132
106	1134
106	1136
106	1146
106	1149
106	1157
106	1165
106	1166
106	1172
106	1173
106	1175
106	1180
106	1185
106	1186
106	1190
106	1192
106	1200
106	1201
106	1203
106	1220
106	1221
106	1225
106	1226
106	1227
106	1228
106	1231
106	1234
106	1235
106	1237
106	1240
106	1242
106	1243
106	1246
106	1250
106	1251
106	1256
106	1261
106	1273
106	1279
106	1281
106	1285
106	1288
106	1289
106	1293
106	1298
106	1302
106	1303
106	1304
106	1306
106	1311
106	1312
106	1313
106	1314
106	1318
106	1320
106	1322
106	1327
106	1329
106	1334
106	1335
106	1336
106	1338
106	1339
106	1348
106	1351
106	1353
106	1356
106	1360
106	1361
106	1362
106	1375
106	1379
106	1380
106	1383
106	1392
106	1394
106	1396
106	1400
106	1403
106	1411
106	1414
106	1416
106	1420
106	1421
106	1423
106	1425
106	1430
106	1431
106	1432
106	1433
106	1447
106	1448
106	1453
106	1454
106	1458
106	1460
106	1462
106	1463
106	1465
106	1471
106	1476
106	1488
106	1495
106	1498
106	1501
106	1507
106	1515
106	1516
106	1517
106	1519
106	1522
106	1531
106	1532
106	1533
106	1535
106	1548
106	1551
106	1557
106	1563
106	1565
106	1567
106	1570
106	1572
106	1576
106	1579
106	1580
106	1581
106	1589
106	1593
106	1603
106	1610
106	1616
106	1618
106	1620
106	1621
106	1632
106	1634
106	1635
106	1640
106	1642
106	1649
106	1650
106	1653
106	1657
106	1659
106	1670
106	1671
106	1676
106	1679
106	1682
106	1685
106	1690
106	1693
106	1694
106	1708
106	1713
106	1716
106	1717
106	1723
106	1725
106	1726
106	1727
106	1732
106	1737
106	1738
106	1741
106	1742
106	1744
106	1751
106	1768
106	1769
106	1773
106	1774
106	1775
106	1782
106	1783
106	1784
106	1785
106	1788
106	1790
106	1792
106	1793
106	1794
106	1800
106	1804
106	1806
106	1808
106	1817
106	1818
106	1820
106	1821
106	1822
106	1826
106	1832
106	1833
106	1835
106	1840
106	1841
106	1843
106	1849
106	1852
106	1856
106	1864
106	1866
106	1867
106	1873
106	1874
106	1876
106	1880
106	1886
106	1890
106	1891
106	1897
106	1900
106	1903
106	1911
106	1913
106	1917
106	1921
106	1928
106	1930
106	1937
106	1940
106	1944
106	1952
106	1955
106	1962
106	1965
106	1968
106	1973
106	1979
106	1986
106	1988
106	1999
106	2001
106	2002
106	2003
106	2006
106	2007
106	2009
106	2013
106	2014
106	2029
106	2033
106	2035
106	2038
106	2039
106	2041
106	2052
106	2062
106	2066
106	2071
106	2073
106	2076
106	2087
106	2089
106	2094
106	2095
106	2096
106	2100
106	2102
106	2103
106	2104
106	2116
106	2122
106	2136
106	2137
106	2140
106	2141
106	2145
106	2146
106	2159
106	2163
106	2164
106	2165
106	2173
106	2177
106	2178
106	2180
106	2183
106	2191
106	2215
106	2221
106	2222
106	2224
106	2230
106	2234
106	2237
106	2244
106	2247
106	2255
106	2256
106	2261
106	2265
106	2268
106	2277
106	2280
106	2285
106	2294
106	2296
106	2299
106	2301
106	2308
106	2309
106	2315
106	2322
106	2323
106	2324
106	2325
106	2326
106	2337
106	2338
106	2343
106	2348
106	2351
106	2355
106	2359
106	2365
106	2370
106	2372
106	2375
106	2379
106	2381
106	2387
106	2389
106	2412
106	2420
106	2424
106	2425
106	2429
106	2430
106	2433
106	2437
106	2438
106	2439
106	2441
106	2444
106	2450
106	2453
106	2454
106	2457
106	2461
106	2469
106	2470
106	2472
106	2475
106	2477
106	2490
106	2491
106	2495
106	2496
106	2502
106	2505
106	2509
106	2513
106	2519
106	2522
106	2523
106	2526
106	2528
106	2529
106	2534
106	2535
106	2536
106	2538
106	2541
106	2544
106	2545
106	2548
106	2549
106	2553
106	2554
106	2557
106	2563
106	2572
106	2574
106	2579
106	2586
106	2587
106	2602
106	2608
106	2619
106	2622
106	2623
106	2630
106	2639
106	2649
106	2651
106	2657
106	2658
106	2663
106	2669
106	2671
106	2677
106	2680
106	2681
106	2697
106	2698
106	2699
106	2701
106	2704
106	2712
106	2714
106	2723
106	2736
106	2738
106	2740
106	2744
106	2746
106	2753
106	2754
106	2765
106	2767
106	2769
106	2777
106	2778
106	2781
106	2789
106	2796
106	2797
106	2802
106	2803
106	2804
106	2805
106	2810
106	2812
106	2816
106	2828
106	2829
106	2833
106	2840
106	2844
106	2846
106	2849
106	2851
106	2854
106	2865
106	2872
106	2874
106	2878
106	2886
106	2894
106	2897
106	2898
106	2901
106	2903
106	2916
106	2918
106	2920
106	2929
106	2931
106	2944
106	2954
106	2958
106	2964
106	2967
106	2968
106	2971
106	2973
106	2974
106	2976
106	2992
106	3003
106	3004
106	3009
106	3018
106	3020
106	3029
106	3038
106	3040
106	3041
106	3047
106	3049
106	3054
106	3056
106	3057
106	3061
106	3068
106	3071
106	3072
106	3075
106	3079
106	3081
106	3084
106	3086
106	3088
106	3092
106	3096
106	3097
106	3098
106	3102
106	3106
106	3113
106	3117
106	3118
106	3122
106	3132
106	3141
106	3148
106	3149
106	3159
106	3160
106	3163
106	3165
106	3172
106	3178
106	3183
106	3184
106	3188
106	3195
106	3196
106	3205
106	3209
106	3210
106	3211
106	3216
106	3217
106	3219
106	3220
106	3222
106	3223
106	3227
106	3230
106	3232
106	3233
106	3237
106	3238
106	3243
106	3247
106	3249
106	3261
106	3263
106	3273
106	3274
106	3275
106	3278
106	3282
106	3284
106	3289
106	3291
106	3292
106	3294
106	3295
106	3298
106	3299
106	3306
106	3307
106	3308
106	3314
106	3316
106	3317
106	3320
106	3321
106	3324
106	3330
106	3332
106	3333
106	3353
106	3358
106	3363
106	3369
106	3371
106	3378
106	3380
106	3384
106	3386
106	3387
106	3391
106	3398
106	3399
106	3401
106	3405
106	3409
106	3414
106	3432
106	3435
106	3436
106	3437
106	3443
106	3447
106	3449
106	3450
106	3451
106	3458
106	3463
106	3464
106	3474
106	3478
106	3482
106	3483
106	3485
106	3488
106	3490
106	3494
106	3495
106	3497
106	3501
106	3502
106	3503
106	3504
106	3510
106	3513
106	3520
106	3521
106	3528
106	3540
106	3543
106	3549
106	3550
106	3553
106	3559
106	3566
106	3568
106	3577
106	3588
106	3589
106	3592
106	3593
106	3594
106	3600
106	3603
106	3605
106	3620
106	3623
106	3625
106	3626
106	3629
106	3631
106	3641
106	3644
106	3645
106	3652
106	3664
106	3672
106	3673
106	3678
106	3687
106	3690
106	3693
106	3696
106	3698
106	3700
106	3702
106	3706
106	3709
106	3713
106	3716
106	3721
106	3723
106	3726
106	3728
106	3732
106	3733
106	3737
106	3742
106	3745
106	3746
106	3751
106	3753
106	3759
106	3760
106	3761
106	3762
106	3769
106	3777
106	3781
106	3784
106	3785
106	3786
106	3800
106	3801
106	3806
106	3808
106	3812
106	3815
106	3816
106	3818
106	3820
106	3821
106	3825
106	3829
106	3832
106	3833
106	3834
106	3846
106	3859
106	3862
106	3864
106	3868
106	3878
106	3885
106	3886
106	3902
106	3907
106	3916
106	3924
106	3927
106	3930
106	3931
106	3933
106	3940
106	3943
106	3952
106	3957
106	3966
106	3968
106	3970
106	3971
106	3977
106	3984
106	3989
106	3992
106	3994
106	4004
106	4008
106	4010
106	4011
106	4015
106	4018
106	4020
106	4024
106	4032
106	4033
106	4046
106	4051
106	4052
106	4057
106	4060
106	4063
106	4066
106	4068
106	4070
106	4073
106	4077
106	4084
106	4086
106	4087
106	4089
106	4090
106	4091
106	4092
106	4095
106	4096
106	4104
106	4109
106	4110
106	4111
106	4112
106	4113
106	4116
106	4117
106	4122
106	4123
106	4124
106	4128
106	4130
106	4131
106	4151
106	4152
106	4156
106	4163
106	4165
106	4175
106	4182
106	4186
106	4189
106	4191
106	4192
106	4196
106	4198
106	4209
106	4212
106	4217
106	4221
106	4228
106	4229
106	4232
106	4233
106	4234
106	4235
106	4237
106	4240
106	4243
106	4245
106	4252
106	4258
106	4260
106	4263
106	4267
106	4274
106	4275
106	4277
106	4280
106	4288
106	4295
106	4296
106	4298
106	4303
106	4304
106	4306
106	4307
106	4308
106	4310
106	4326
106	4333
106	4342
106	4345
106	4347
106	4352
106	4357
106	4360
106	4367
106	4371
106	4373
106	4375
106	4387
106	4388
106	4397
106	4400
106	4407
106	4410
106	4411
106	4413
106	4416
106	4417
106	4423
106	4430
106	4432
106	4438
106	4440
106	4442
106	4452
106	4453
106	4454
106	4456
106	4458
106	4474
106	4492
106	4494
106	4505
106	4512
106	4514
106	4522
106	4526
106	4527
106	4535
106	4536
106	4537
106	4539
106	4543
106	4545
106	4546
106	4552
106	4555
106	4566
106	4571
106	4585
106	4588
106	4589
106	4592
106	4593
106	4599
106	4600
106	4608
106	4614
106	4618
106	4621
106	4622
106	4629
106	4630
106	4651
106	4653
106	4657
106	4660
106	4661
106	4662
106	4664
106	4667
106	4668
106	4673
106	4680
106	4681
106	4684
106	4697
106	4700
106	4706
106	4708
106	4712
106	4715
106	4719
106	4727
106	4728
106	4731
106	4734
106	4740
106	4745
106	4746
106	4750
106	4751
106	4753
106	4756
106	4761
106	4766
106	4788
106	4789
106	4795
106	4797
106	4803
106	4812
106	4814
106	4819
106	4822
106	4826
106	4829
106	4830
106	4834
106	4837
106	4838
106	4846
106	4851
106	4853
106	4855
106	4857
106	4858
106	4860
106	4865
106	4866
106	4868
106	4872
106	4879
106	4880
106	4888
106	4894
106	4897
106	4904
106	4905
106	4907
106	4909
106	4914
106	4921
106	4923
106	4925
106	4936
106	4938
106	4945
106	4961
106	4971
106	4973
106	4978
106	4981
106	4984
106	4987
106	4989
106	4991
106	4994
106	4997
106	4998
106	5003
106	5005
106	5007
106	5008
106	5012
106	5017
106	5019
106	5021
106	5032
106	5033
106	5037
106	5042
106	5052
106	5060
106	5064
106	5066
106	5072
106	5077
106	5078
106	5079
106	5086
106	5088
106	5089
106	5093
106	5094
106	5101
106	5104
106	5106
106	5112
106	5116
106	5120
106	5123
106	5126
106	5129
106	5133
106	5137
106	5143
106	5145
106	5156
106	5160
106	5162
106	5163
106	5168
106	5181
106	5185
106	5186
106	5188
106	5190
106	5203
106	5219
106	5220
106	5223
106	5227
106	5230
106	5232
106	5235
106	5237
106	5242
106	5245
106	5252
106	5253
106	5257
106	5270
106	5271
106	5272
106	5279
106	5280
106	5281
106	5291
106	5292
106	5297
106	5302
106	5313
106	5315
106	5318
106	5319
106	5325
106	5329
106	5336
106	5337
106	5341
106	5344
106	5347
106	5355
106	5356
106	5359
106	5361
106	5364
106	5366
106	5369
106	5370
106	5383
106	5384
106	5386
106	5393
106	5399
106	5400
106	5401
106	5411
106	5414
106	5416
106	5417
106	5419
106	5421
106	5422
106	5438
106	5442
106	5453
106	5457
106	5458
106	5470
106	5476
106	5480
106	5481
106	5483
106	5484
106	5485
106	5486
106	5495
106	5499
106	5500
106	5505
106	5511
106	5513
106	5514
106	5517
106	5518
106	5521
106	5522
106	5526
106	5529
106	5530
106	5531
106	5542
106	5550
106	5552
106	5553
106	5555
106	5560
106	5565
106	5571
106	5572
106	5573
106	5574
106	5578
106	5579
106	5582
106	5583
106	5585
106	5587
106	5593
106	5606
106	5612
106	5613
106	5617
106	5618
106	5620
106	5623
106	5631
106	5637
106	5641
106	5642
106	5644
106	5645
106	5648
106	5659
106	5663
106	5664
106	5666
106	5669
106	5670
106	5671
106	5672
106	5674
106	5675
106	5676
106	5678
106	5687
106	5688
106	5689
106	5692
106	5699
106	5701
106	5705
106	5708
106	5717
106	5720
106	5722
106	5726
106	5731
106	5732
106	5733
106	5745
106	5750
106	5766
106	5769
106	5772
106	5774
106	5776
106	5779
106	5781
106	5782
106	5785
106	5802
106	5810
106	5812
106	5831
106	5834
106	5838
106	5839
106	5846
106	5849
106	5852
106	5854
106	5858
106	5859
106	5874
106	5877
106	5880
106	5882
106	5885
106	5889
106	5896
106	5898
106	5904
106	5905
106	5908
106	5932
106	5936
106	5942
106	5943
106	5944
106	5947
106	5953
106	5954
106	5960
106	5962
106	5964
106	5968
106	5969
106	5975
106	5978
106	5982
106	5989
106	5990
106	5997
106	5999
106	6008
106	6011
106	6012
106	6013
106	6014
106	6016
106	6017
106	6019
106	6022
106	6024
106	6027
106	6028
106	6042
106	6046
106	6048
106	6052
106	6054
106	6056
106	6058
106	6061
106	6072
106	6090
106	6092
106	6097
106	6098
106	6101
106	6102
106	6104
106	6106
106	6117
106	6118
106	6120
106	6125
106	6127
106	6128
106	6132
106	6136
106	6138
106	6140
106	6141
106	6144
106	6150
106	6153
106	6154
106	6159
106	6162
106	6163
106	6172
106	6173
106	6179
106	6180
106	6193
106	6194
106	6195
106	6201
106	6202
106	6205
106	6212
106	6218
106	6222
106	6224
106	6229
106	6233
106	6236
106	6238
106	6240
106	6242
106	6246
106	6249
106	6250
106	6257
106	6263
106	6266
106	6268
106	6270
106	6275
106	6281
106	6282
106	6284
106	6289
106	6297
106	6301
106	6306
106	6309
106	6310
106	6314
106	6315
106	6317
106	6318
106	6323
106	6324
106	6330
106	6335
106	6340
106	6344
106	6349
106	6353
106	6355
106	6362
106	6370
106	6372
106	6373
106	6376
106	6383
106	6387
106	6389
106	6391
106	6392
106	6396
106	6403
106	6410
106	6412
106	6413
106	6414
106	6418
106	6419
106	6424
106	6443
106	6456
106	6457
106	6461
106	6463
106	6464
106	6467
106	6472
106	6476
106	6478
106	6480
106	6485
106	6489
106	6492
106	6495
106	6500
106	6501
106	6510
106	6518
106	6520
106	6527
106	6528
106	6532
106	6554
106	6571
106	6572
106	6576
106	6579
106	6581
106	6584
106	6587
106	6588
106	6589
106	6591
106	6592
106	6594
106	6598
106	6599
106	6611
106	6612
106	6618
106	6620
106	6624
106	6629
106	6632
106	6637
106	6638
106	6639
106	6644
106	6647
106	6649
106	6653
106	6657
106	6659
106	6663
106	6666
106	6669
106	6672
106	6675
106	6677
106	6679
106	6680
106	6682
106	6683
106	6687
106	6688
106	6689
106	6695
106	6697
106	6703
106	6714
106	6716
106	6721
106	6722
106	6731
106	6747
106	6748
106	6750
106	6751
106	6753
106	6755
106	6757
106	6761
106	6762
106	6765
106	6767
106	6769
106	6770
106	6771
106	6777
106	6783
106	6784
106	6792
106	6794
106	6799
106	6800
106	6811
106	6815
106	6816
106	6818
106	6819
106	6832
106	6833
106	6844
106	6847
106	6866
106	6868
106	6869
106	6875
106	6877
106	6879
106	6880
106	6882
106	6891
106	6898
106	6899
106	6906
106	6907
106	6908
106	6909
106	6910
106	6917
106	6919
106	6922
106	6924
106	6928
106	6935
106	6936
106	6941
106	6942
106	6947
106	6950
106	6951
106	6955
106	6958
106	6962
106	6965
106	6969
106	6970
106	6972
106	6975
106	6977
106	6978
106	6983
106	6986
106	6988
106	6989
106	6990
106	6991
106	6996
106	6999
106	7000
106	7005
106	7006
106	7007
106	7010
106	7015
106	7016
106	7018
106	7022
106	7025
106	7030
106	7033
106	7040
106	7041
106	7045
106	7047
106	7054
106	7060
106	7069
106	7076
106	7077
106	7079
106	7083
106	7090
106	7091
106	7100
106	7108
106	7111
106	7115
106	7118
106	7119
106	7121
106	7123
106	7129
106	7130
106	7131
106	7132
106	7142
106	7145
106	7156
106	7157
106	7160
106	7161
106	7168
106	7173
106	7178
106	7179
106	7181
106	7182
106	7184
106	7187
106	7190
106	7194
106	7200
106	7201
106	7202
106	7203
106	7205
106	7207
106	7210
106	7213
106	7222
106	7223
106	7224
106	7225
106	7230
106	7240
106	7247
106	7248
106	7258
106	7259
106	7264
106	7274
106	7284
106	7285
106	7287
106	7298
106	7300
106	7303
106	7305
106	7308
106	7315
106	7316
106	7319
106	7322
106	7325
106	7327
106	7335
106	7341
106	7350
106	7353
106	7356
106	7358
106	7360
106	7365
106	7370
106	7376
106	7380
106	7383
106	7387
106	7388
106	7390
106	7391
106	7394
106	7395
106	7401
106	7406
106	7410
106	7413
106	7421
106	7422
106	7435
106	7436
106	7437
106	7444
106	7448
106	7449
106	7450
106	7452
106	7456
106	7457
106	7458
106	7460
106	7475
106	7480
106	7486
106	7487
106	7490
106	7498
106	7502
106	7519
106	7521
106	7522
106	7523
106	7534
106	7538
106	7542
106	7550
106	7551
106	7552
106	7554
106	7555
106	7560
106	7563
106	7570
106	7571
106	7574
106	7578
106	7579
106	7582
106	7587
106	7591
106	7592
106	7593
106	7598
106	7614
106	7616
106	7621
106	7622
106	7624
106	7625
106	7630
106	7633
106	7638
106	7643
106	7646
106	7649
106	7654
106	7656
106	7659
106	7660
106	7662
106	7663
106	7666
106	7669
106	7675
106	7676
106	7677
106	7684
106	7686
106	7689
106	7691
106	7698
106	7699
106	7700
106	7710
106	7712
106	7714
106	7722
106	7723
106	7726
106	7727
106	7733
106	7735
106	7746
106	7747
106	7757
106	7764
106	7771
106	7776
106	7779
106	7782
106	7789
106	7795
106	7803
106	7807
106	7808
106	7809
106	7811
106	7817
106	7821
106	7828
106	7843
106	7845
106	7859
106	7864
106	7865
106	7866
106	7867
106	7868
106	7886
106	7900
106	7909
106	7921
106	7926
106	7929
106	7932
106	7934
106	7943
106	7951
106	7952
106	7954
106	7955
106	7959
106	7961
106	7962
106	7963
106	7970
106	7974
106	7976
106	7978
106	7982
106	7991
106	7993
106	8005
106	8007
106	8011
106	8027
106	8029
106	8031
106	8032
106	8033
106	8036
106	8038
106	8039
106	8040
106	8050
106	8052
106	8058
106	8060
106	8066
106	8067
106	8070
106	8078
106	8079
106	8092
106	8097
106	8103
106	8105
106	8106
106	8115
106	8120
106	8124
106	8125
106	8128
106	8130
106	8131
106	8132
106	8135
106	8138
106	8140
106	8141
106	8144
106	8145
106	8146
106	8147
106	8148
106	8151
106	8152
106	8154
106	8157
106	8159
106	8160
106	8164
106	8166
106	8175
106	8176
106	8178
106	8198
106	8202
106	8204
106	8206
106	8208
106	8210
106	8221
106	8236
106	8240
106	8242
106	8248
106	8249
106	8252
106	8255
106	8260
106	8261
106	8277
106	8279
106	8290
106	8295
106	8298
106	8306
106	8317
106	8323
106	8327
106	8330
106	8335
106	8349
106	8352
106	8353
106	8356
106	8364
106	8365
106	8391
106	8402
106	8408
106	8411
106	8414
106	8417
106	8429
106	8432
106	8437
106	8444
106	8445
106	8447
106	8456
106	8458
106	8461
106	8462
106	8463
106	8467
106	8478
106	8479
106	8484
106	8489
106	8501
106	8505
106	8506
106	8509
106	8510
106	8517
106	8519
106	8523
106	8526
106	8533
106	8534
106	8538
106	8539
106	8549
106	8550
106	8559
106	8563
106	8566
106	8567
106	8577
106	8586
106	8587
106	8589
106	8596
106	8602
106	8603
106	8608
106	8614
106	8624
106	8626
106	8636
106	8637
106	8640
106	8645
106	8646
106	8647
106	8651
106	8654
106	8660
106	8663
106	8673
106	8681
106	8684
106	8685
106	8691
106	8702
106	8706
106	8710
106	8711
106	8715
106	8716
106	8722
106	8727
106	8730
106	8731
106	8738
106	8748
106	8749
106	8762
106	8767
106	8770
106	8778
106	8783
106	8790
106	8793
106	8799
106	8801
106	8805
106	8807
106	8809
106	8814
106	8825
106	8826
106	8827
106	8829
106	8830
106	8835
106	8836
106	8844
106	8848
106	8849
106	8860
106	8863
106	8867
106	8873
106	8884
106	8887
106	8894
106	8899
106	8908
106	8916
106	8917
106	8919
106	8920
106	8923
106	8925
106	8936
106	8939
106	8940
106	8943
106	8946
106	8957
106	8964
106	8965
106	8969
106	8971
106	8975
106	8977
106	8982
106	8983
106	8994
106	9011
106	9012
106	9016
106	9020
106	9027
106	9030
106	9033
106	9035
106	9037
106	9038
106	9046
106	9053
106	9061
106	9063
106	9064
106	9068
106	9070
106	9071
106	9074
106	9075
106	9082
106	9086
106	9090
106	9093
106	9094
106	9095
106	9097
106	9102
106	9105
106	9106
106	9111
106	9118
106	9119
106	9121
106	9126
106	9127
106	9129
106	9132
106	9133
106	9137
106	9139
106	9141
106	9142
106	9143
106	9148
106	9158
106	9159
106	9161
106	9162
106	9163
106	9164
106	9168
106	9169
106	9174
106	9177
106	9181
106	9182
106	9191
106	9206
106	9207
106	9225
106	9234
106	9237
106	9239
106	9246
106	9254
106	9257
106	9259
106	9270
106	9273
106	9285
106	9287
106	9290
106	9292
106	9298
106	9311
106	9319
106	9320
106	9322
106	9325
106	9328
106	9330
106	9334
106	9335
106	9340
106	9341
106	9342
106	9345
106	9346
106	9348
106	9355
106	9357
106	9359
106	9367
106	9368
106	9372
106	9373
106	9387
106	9389
106	9398
106	9400
106	9405
106	9409
106	9410
106	9412
106	9414
106	9416
106	9421
106	9425
106	9426
106	9427
106	9431
106	9437
106	9439
106	9440
106	9449
106	9452
106	9458
106	9459
106	9461
106	9464
106	9466
106	9470
106	9474
106	9475
106	9483
106	9485
106	9490
106	9493
106	9494
106	9495
106	9496
106	9501
106	9510
106	9512
106	9513
106	9517
106	9522
106	9523
106	9525
106	9529
106	9537
106	9539
106	9541
106	9547
106	9548
106	9553
106	9558
106	9564
106	9567
106	9574
106	9576
106	9578
106	9584
106	9587
106	9592
106	9593
106	9594
106	9595
106	9603
106	9604
106	9608
106	9609
106	9610
106	9612
106	9616
106	9618
106	9623
106	9626
106	9627
106	9632
106	9643
106	9644
106	9647
106	9661
106	9666
106	9668
106	9674
106	9675
106	9676
106	9678
106	9680
106	9685
106	9687
106	9690
106	9692
106	9694
106	9695
106	9698
106	9700
106	9702
106	9705
106	9706
106	9710
106	9718
106	9724
106	9734
106	9744
106	9745
106	9759
106	9760
106	9763
106	9764
106	9769
106	9779
106	9783
106	9785
106	9787
106	9798
106	9801
106	9805
106	9808
106	9812
106	9813
106	9820
106	9822
106	9825
106	9830
106	9836
106	9843
106	9844
106	9845
106	9848
106	9849
106	9855
106	9858
106	9863
106	9864
106	9867
106	9869
106	9871
106	9873
106	9876
106	9882
106	9883
106	9888
106	9907
106	9913
106	9916
106	9919
106	9925
106	9935
106	9936
106	9938
106	9939
106	9946
106	9948
106	9953
106	9957
106	9958
106	9962
106	9964
106	9967
106	9969
106	9973
106	9978
106	9985
106	9988
106	9989
106	9990
106	9992
106	9998
107	2
107	5
107	6
107	8
107	19
107	20
107	24
107	26
107	31
107	33
107	37
107	50
107	55
107	63
107	67
107	72
107	73
107	77
107	92
107	98
107	99
107	100
107	106
107	126
107	136
107	145
107	146
107	153
107	155
107	157
107	159
107	166
107	172
107	176
107	198
107	201
107	203
107	207
107	209
107	217
107	224
107	230
107	234
107	242
107	247
107	249
107	257
107	264
107	271
107	284
107	302
107	303
107	305
107	321
107	324
107	326
107	334
107	338
107	348
107	351
107	358
107	366
107	378
107	383
107	385
107	392
107	393
107	394
107	401
107	403
107	410
107	421
107	428
107	439
107	446
107	448
107	465
107	472
107	475
107	476
107	477
107	478
107	482
107	484
107	489
107	491
107	498
107	499
107	501
107	508
107	511
107	515
107	518
107	522
107	523
107	529
107	531
107	532
107	534
107	537
107	553
107	557
107	558
107	563
107	576
107	585
107	594
107	597
107	599
107	601
107	604
107	609
107	616
107	619
107	627
107	632
107	635
107	646
107	651
107	652
107	654
107	658
107	659
107	661
107	664
107	690
107	692
107	701
107	702
107	706
107	712
107	716
107	723
107	725
107	730
107	731
107	734
107	735
107	739
107	741
107	747
107	753
107	756
107	770
107	790
107	792
107	795
107	803
107	811
107	816
107	818
107	821
107	833
107	834
107	837
107	848
107	859
107	873
107	877
107	881
107	883
107	885
107	891
107	900
107	904
107	910
107	914
107	922
107	923
107	925
107	928
107	937
107	944
107	951
107	972
107	975
107	983
107	998
107	1012
107	1023
107	1024
107	1038
107	1045
107	1050
107	1054
107	1056
107	1058
107	1065
107	1071
107	1079
107	1082
107	1098
107	1106
107	1114
107	1120
107	1129
107	1143
107	1144
107	1145
107	1148
107	1150
107	1152
107	1156
107	1160
107	1167
107	1171
107	1177
107	1182
107	1188
107	1193
107	1199
107	1205
107	1207
107	1210
107	1218
107	1223
107	1224
107	1229
107	1233
107	1238
107	1257
107	1259
107	1262
107	1268
107	1271
107	1272
107	1280
107	1326
107	1340
107	1344
107	1347
107	1349
107	1368
107	1372
107	1374
107	1381
107	1391
107	1393
107	1397
107	1398
107	1401
107	1413
107	1424
107	1429
107	1441
107	1442
107	1446
107	1450
107	1456
107	1459
107	1461
107	1464
107	1470
107	1478
107	1484
107	1485
107	1489
107	1490
107	1503
107	1510
107	1512
107	1518
107	1538
107	1539
107	1547
107	1558
107	1561
107	1566
107	1569
107	1571
107	1573
107	1577
107	1585
107	1595
107	1600
107	1614
107	1629
107	1631
107	1641
107	1664
107	1666
107	1669
107	1689
107	1698
107	1704
107	1706
107	1711
107	1720
107	1730
107	1743
107	1746
107	1749
107	1753
107	1758
107	1759
107	1765
107	1771
107	1776
107	1779
107	1786
107	1799
107	1801
107	1809
107	1814
107	1825
107	1830
107	1842
107	1844
107	1845
107	1860
107	1868
107	1870
107	1871
107	1878
107	1879
107	1884
107	1889
107	1892
107	1893
107	1894
107	1896
107	1905
107	1908
107	1909
107	1910
107	1912
107	1915
107	1918
107	1924
107	1926
107	1934
107	1939
107	1943
107	1945
107	1946
107	1948
107	1960
107	1967
107	1980
107	1982
107	1983
107	1989
107	1993
107	2004
107	2019
107	2027
107	2028
107	2031
107	2040
107	2046
107	2049
107	2053
107	2064
107	2077
107	2078
107	2080
107	2081
107	2093
107	2098
107	2109
107	2111
107	2115
107	2120
107	2124
107	2127
107	2128
107	2134
107	2135
107	2144
107	2149
107	2153
107	2154
107	2155
107	2157
107	2160
107	2162
107	2166
107	2168
107	2170
107	2171
107	2174
107	2182
107	2185
107	2187
107	2188
107	2203
107	2204
107	2205
107	2211
107	2212
107	2213
107	2214
107	2233
107	2236
107	2238
107	2242
107	2243
107	2248
107	2249
107	2254
107	2258
107	2281
107	2286
107	2293
107	2300
107	2305
107	2307
107	2311
107	2319
107	2328
107	2339
107	2352
107	2360
107	2367
107	2368
107	2369
107	2388
107	2391
107	2399
107	2408
107	2409
107	2419
107	2423
107	2426
107	2435
107	2443
107	2458
107	2462
107	2464
107	2473
107	2480
107	2488
107	2492
107	2498
107	2501
107	2504
107	2508
107	2512
107	2515
107	2530
107	2531
107	2533
107	2543
107	2559
107	2566
107	2567
107	2573
107	2577
107	2585
107	2590
107	2599
107	2604
107	2609
107	2610
107	2612
107	2614
107	2618
107	2625
107	2627
107	2629
107	2631
107	2633
107	2638
107	2645
107	2653
107	2659
107	2662
107	2664
107	2670
107	2686
107	2689
107	2690
107	2696
107	2700
107	2706
107	2708
107	2713
107	2717
107	2731
107	2732
107	2733
107	2735
107	2742
107	2752
107	2757
107	2761
107	2763
107	2764
107	2766
107	2774
107	2782
107	2787
107	2799
107	2800
107	2823
107	2830
107	2836
107	2843
107	2848
107	2855
107	2859
107	2862
107	2866
107	2873
107	2875
107	2880
107	2887
107	2889
107	2891
107	2892
107	2893
107	2896
107	2899
107	2900
107	2902
107	2911
107	2913
107	2919
107	2921
107	2922
107	2923
107	2932
107	2934
107	2935
107	2945
107	2949
107	2952
107	2957
107	2960
107	2966
107	2972
107	2975
107	2977
107	2978
107	2983
107	2987
107	3008
107	3010
107	3023
107	3026
107	3031
107	3042
107	3044
107	3048
107	3050
107	3053
107	3055
107	3058
107	3062
107	3067
107	3076
107	3078
107	3080
107	3087
107	3089
107	3091
107	3103
107	3104
107	3109
107	3115
107	3116
107	3121
107	3123
107	3124
107	3127
107	3130
107	3131
107	3155
107	3169
107	3171
107	3177
107	3181
107	3182
107	3199
107	3208
107	3213
107	3218
107	3234
107	3245
107	3252
107	3259
107	3262
107	3266
107	3272
107	3281
107	3288
107	3303
107	3312
107	3326
107	3328
107	3338
107	3339
107	3342
107	3345
107	3346
107	3356
107	3357
107	3359
107	3364
107	3367
107	3372
107	3373
107	3374
107	3375
107	3393
107	3395
107	3397
107	3410
107	3412
107	3413
107	3425
107	3429
107	3433
107	3444
107	3456
107	3459
107	3461
107	3465
107	3466
107	3469
107	3470
107	3473
107	3476
107	3480
107	3491
107	3492
107	3493
107	3506
107	3516
107	3517
107	3519
107	3525
107	3530
107	3544
107	3548
107	3557
107	3560
107	3567
107	3576
107	3582
107	3585
107	3591
107	3595
107	3597
107	3598
107	3604
107	3608
107	3614
107	3616
107	3619
107	3621
107	3622
107	3634
107	3637
107	3647
107	3649
107	3650
107	3653
107	3669
107	3670
107	3675
107	3679
107	3681
107	3704
107	3711
107	3724
107	3736
107	3743
107	3744
107	3752
107	3754
107	3766
107	3770
107	3780
107	3783
107	3789
107	3792
107	3797
107	3810
107	3819
107	3823
107	3837
107	3838
107	3841
107	3842
107	3843
107	3845
107	3847
107	3848
107	3850
107	3851
107	3866
107	3872
107	3874
107	3876
107	3893
107	3897
107	3904
107	3909
107	3914
107	3920
107	3929
107	3932
107	3934
107	3935
107	3937
107	3938
107	3939
107	3941
107	3953
107	3960
107	3962
107	3973
107	3978
107	3991
107	4000
107	4001
107	4002
107	4012
107	4014
107	4019
107	4022
107	4030
107	4043
107	4047
107	4054
107	4065
107	4071
107	4072
107	4082
107	4085
107	4098
107	4101
107	4106
107	4119
107	4126
107	4137
107	4140
107	4145
107	4153
107	4154
107	4157
107	4160
107	4164
107	4166
107	4167
107	4169
107	4171
107	4176
107	4178
107	4199
107	4200
107	4239
107	4253
107	4254
107	4257
107	4261
107	4265
107	4268
107	4269
107	4272
107	4276
107	4279
107	4282
107	4284
107	4299
107	4300
107	4311
107	4312
107	4314
107	4323
107	4337
107	4338
107	4344
107	4346
107	4351
107	4354
107	4355
107	4361
107	4364
107	4374
107	4376
107	4382
107	4384
107	4385
107	4392
107	4419
107	4425
107	4428
107	4429
107	4433
107	4435
107	4441
107	4443
107	4445
107	4448
107	4457
107	4466
107	4467
107	4468
107	4473
107	4476
107	4477
107	4480
107	4483
107	4486
107	4487
107	4496
107	4504
107	4510
107	4511
107	4521
107	4525
107	4528
107	4532
107	4549
107	4554
107	4557
107	4558
107	4569
107	4570
107	4572
107	4573
107	4574
107	4604
107	4612
107	4613
107	4619
107	4628
107	4640
107	4643
107	4644
107	4649
107	4650
107	4656
107	4671
107	4672
107	4676
107	4682
107	4683
107	4695
107	4696
107	4716
107	4722
107	4724
107	4725
107	4735
107	4738
107	4752
107	4757
107	4758
107	4759
107	4763
107	4764
107	4765
107	4771
107	4773
107	4776
107	4777
107	4779
107	4793
107	4794
107	4796
107	4798
107	4799
107	4802
107	4806
107	4811
107	4813
107	4821
107	4824
107	4832
107	4841
107	4843
107	4847
107	4871
107	4876
107	4877
107	4878
107	4889
107	4890
107	4895
107	4898
107	4899
107	4915
107	4922
107	4927
107	4928
107	4937
107	4939
107	4949
107	4953
107	4954
107	4959
107	4968
107	4976
107	4979
107	4983
107	4990
107	4995
107	5001
107	5002
107	5018
107	5026
107	5027
107	5031
107	5034
107	5038
107	5045
107	5047
107	5050
107	5055
107	5058
107	5062
107	5068
107	5082
107	5084
107	5099
107	5107
107	5110
107	5119
107	5121
107	5124
107	5128
107	5132
107	5140
107	5142
107	5148
107	5155
107	5157
107	5158
107	5164
107	5166
107	5169
107	5174
107	5176
107	5177
107	5179
107	5180
107	5201
107	5205
107	5214
107	5229
107	5238
107	5239
107	5243
107	5246
107	5248
107	5254
107	5256
107	5258
107	5261
107	5262
107	5263
107	5267
107	5276
107	5286
107	5289
107	5293
107	5296
107	5298
107	5306
107	5311
107	5321
107	5322
107	5326
107	5335
107	5342
107	5357
107	5358
107	5360
107	5371
107	5375
107	5382
107	5388
107	5390
107	5395
107	5407
107	5409
107	5418
107	5425
107	5428
107	5430
107	5431
107	5434
107	5439
107	5443
107	5448
107	5451
107	5456
107	5459
107	5466
107	5469
107	5473
107	5489
107	5496
107	5503
107	5506
107	5507
107	5509
107	5532
107	5535
107	5559
107	5561
107	5584
107	5589
107	5590
107	5592
107	5596
107	5597
107	5604
107	5605
107	5610
107	5614
107	5619
107	5625
107	5626
107	5629
107	5630
107	5633
107	5634
107	5640
107	5651
107	5660
107	5661
107	5667
107	5673
107	5683
107	5698
107	5700
107	5702
107	5706
107	5711
107	5713
107	5715
107	5716
107	5721
107	5740
107	5742
107	5744
107	5747
107	5761
107	5762
107	5775
107	5791
107	5793
107	5796
107	5803
107	5808
107	5809
107	5823
107	5826
107	5829
107	5830
107	5840
107	5851
107	5853
107	5855
107	5856
107	5867
107	5868
107	5870
107	5875
107	5884
107	5888
107	5892
107	5906
107	5910
107	5911
107	5918
107	5922
107	5927
107	5929
107	5933
107	5948
107	5950
107	5965
107	5971
107	5972
107	5974
107	5977
107	5983
107	5986
107	5994
107	6000
107	6001
107	6006
107	6009
107	6021
107	6034
107	6043
107	6044
107	6049
107	6055
107	6060
107	6065
107	6067
107	6074
107	6080
107	6082
107	6096
107	6105
107	6109
107	6110
107	6122
107	6130
107	6142
107	6143
107	6147
107	6149
107	6155
107	6156
107	6157
107	6160
107	6168
107	6177
107	6181
107	6187
107	6190
107	6191
107	6192
107	6196
107	6208
107	6209
107	6211
107	6220
107	6221
107	6232
107	6234
107	6237
107	6239
107	6265
107	6273
107	6280
107	6287
107	6291
107	6294
107	6295
107	6302
107	6311
107	6316
107	6327
107	6329
107	6332
107	6336
107	6346
107	6348
107	6354
107	6358
107	6359
107	6368
107	6369
107	6377
107	6378
107	6397
107	6399
107	6407
107	6411
107	6421
107	6429
107	6433
107	6440
107	6444
107	6446
107	6448
107	6449
107	6451
107	6452
107	6468
107	6469
107	6477
107	6483
107	6486
107	6496
107	6499
107	6502
107	6503
107	6504
107	6508
107	6509
107	6516
107	6531
107	6536
107	6543
107	6544
107	6547
107	6552
107	6553
107	6557
107	6561
107	6562
107	6563
107	6564
107	6567
107	6570
107	6573
107	6577
107	6578
107	6580
107	6582
107	6583
107	6585
107	6590
107	6595
107	6603
107	6607
107	6615
107	6621
107	6634
107	6636
107	6646
107	6650
107	6673
107	6674
107	6686
107	6700
107	6708
107	6709
107	6713
107	6719
107	6720
107	6725
107	6729
107	6733
107	6740
107	6743
107	6756
107	6760
107	6786
107	6788
107	6791
107	6801
107	6807
107	6810
107	6828
107	6830
107	6834
107	6837
107	6853
107	6854
107	6855
107	6857
107	6860
107	6862
107	6870
107	6871
107	6872
107	6873
107	6881
107	6883
107	6890
107	6896
107	6913
107	6920
107	6929
107	6933
107	6934
107	6948
107	6953
107	6960
107	6961
107	6971
107	6974
107	6976
107	6992
107	6997
107	7008
107	7011
107	7021
107	7023
107	7024
107	7027
107	7036
107	7043
107	7049
107	7051
107	7053
107	7057
107	7059
107	7061
107	7062
107	7071
107	7080
107	7087
107	7097
107	7101
107	7104
107	7107
107	7113
107	7114
107	7133
107	7135
107	7136
107	7137
107	7140
107	7143
107	7148
107	7158
107	7167
107	7176
107	7183
107	7186
107	7211
107	7215
107	7227
107	7235
107	7239
107	7245
107	7250
107	7253
107	7277
107	7278
107	7279
107	7281
107	7290
107	7294
107	7311
107	7314
107	7326
107	7330
107	7339
107	7344
107	7348
107	7351
107	7363
107	7368
107	7374
107	7384
107	7389
107	7393
107	7398
107	7400
107	7404
107	7419
107	7429
107	7434
107	7438
107	7441
107	7442
107	7443
107	7446
107	7447
107	7454
107	7464
107	7470
107	7474
107	7479
107	7481
107	7485
107	7495
107	7500
107	7506
107	7507
107	7510
107	7512
107	7520
107	7527
107	7529
107	7536
107	7544
107	7545
107	7546
107	7547
107	7553
107	7556
107	7558
107	7565
107	7569
107	7577
107	7580
107	7581
107	7599
107	7602
107	7603
107	7607
107	7612
107	7615
107	7617
107	7629
107	7631
107	7632
107	7634
107	7639
107	7640
107	7641
107	7642
107	7644
107	7647
107	7648
107	7655
107	7661
107	7664
107	7674
107	7681
107	7682
107	7687
107	7690
107	7694
107	7702
107	7707
107	7709
107	7711
107	7715
107	7719
107	7720
107	7732
107	7734
107	7738
107	7748
107	7751
107	7756
107	7760
107	7768
107	7774
107	7775
107	7778
107	7784
107	7810
107	7813
107	7827
107	7839
107	7841
107	7844
107	7848
107	7856
107	7858
107	7872
107	7884
107	7890
107	7891
107	7894
107	7896
107	7901
107	7904
107	7906
107	7907
107	7908
107	7910
107	7912
107	7913
107	7914
107	7920
107	7939
107	7942
107	7945
107	7947
107	7957
107	7960
107	7966
107	7967
107	7977
107	7980
107	7983
107	7989
107	7992
107	7994
107	7996
107	8002
107	8004
107	8015
107	8019
107	8020
107	8021
107	8026
107	8028
107	8041
107	8042
107	8043
107	8044
107	8045
107	8051
107	8061
107	8062
107	8065
107	8071
107	8074
107	8076
107	8082
107	8083
107	8085
107	8088
107	8094
107	8096
107	8099
107	8100
107	8104
107	8108
107	8109
107	8110
107	8111
107	8112
107	8113
107	8118
107	8119
107	8121
107	8134
107	8136
107	8139
107	8149
107	8162
107	8165
107	8168
107	8170
107	8171
107	8180
107	8187
107	8191
107	8195
107	8196
107	8205
107	8209
107	8213
107	8217
107	8219
107	8224
107	8226
107	8227
107	8229
107	8241
107	8243
107	8245
107	8251
107	8258
107	8268
107	8269
107	8275
107	8280
107	8285
107	8288
107	8291
107	8292
107	8296
107	8300
107	8322
107	8324
107	8332
107	8333
107	8340
107	8343
107	8346
107	8354
107	8359
107	8377
107	8385
107	8387
107	8390
107	8395
107	8397
107	8404
107	8410
107	8418
107	8423
107	8427
107	8428
107	8433
107	8443
107	8448
107	8449
107	8452
107	8465
107	8469
107	8473
107	8482
107	8487
107	8491
107	8493
107	8498
107	8502
107	8515
107	8516
107	8518
107	8546
107	8548
107	8552
107	8562
107	8569
107	8573
107	8576
107	8580
107	8582
107	8583
107	8584
107	8590
107	8601
107	8604
107	8605
107	8606
107	8609
107	8610
107	8613
107	8634
107	8638
107	8643
107	8648
107	8650
107	8652
107	8666
107	8669
107	8689
107	8692
107	8693
107	8695
107	8701
107	8703
107	8704
107	8714
107	8718
107	8721
107	8728
107	8744
107	8746
107	8747
107	8750
107	8752
107	8757
107	8760
107	8766
107	8771
107	8777
107	8782
107	8785
107	8788
107	8791
107	8795
107	8802
107	8804
107	8816
107	8832
107	8838
107	8839
107	8852
107	8854
107	8855
107	8856
107	8858
107	8872
107	8877
107	8886
107	8888
107	8895
107	8898
107	8900
107	8901
107	8905
107	8907
107	8912
107	8915
107	8918
107	8928
107	8935
107	8941
107	8947
107	8948
107	8950
107	8951
107	8953
107	8958
107	8960
107	8962
107	8984
107	8993
107	8996
107	8998
107	9003
107	9005
107	9007
107	9013
107	9017
107	9019
107	9025
107	9029
107	9031
107	9039
107	9043
107	9049
107	9051
107	9052
107	9054
107	9060
107	9062
107	9066
107	9076
107	9078
107	9089
107	9101
107	9104
107	9107
107	9108
107	9109
107	9112
107	9113
107	9114
107	9117
107	9120
107	9135
107	9145
107	9152
107	9154
107	9156
107	9166
107	9175
107	9176
107	9184
107	9193
107	9196
107	9202
107	9213
107	9227
107	9230
107	9238
107	9252
107	9256
107	9265
107	9268
107	9280
107	9281
107	9284
107	9288
107	9295
107	9297
107	9301
107	9302
107	9305
107	9306
107	9310
107	9316
107	9317
107	9324
107	9333
107	9343
107	9347
107	9353
107	9354
107	9356
107	9360
107	9361
107	9362
107	9366
107	9371
107	9381
107	9383
107	9386
107	9390
107	9403
107	9407
107	9408
107	9422
107	9435
107	9436
107	9441
107	9442
107	9446
107	9447
107	9448
107	9451
107	9454
107	9455
107	9460
107	9468
107	9487
107	9502
107	9505
107	9509
107	9516
107	9538
107	9550
107	9555
107	9561
107	9563
107	9566
107	9573
107	9582
107	9588
107	9611
107	9621
107	9625
107	9628
107	9629
107	9635
107	9637
107	9642
107	9648
107	9650
107	9652
107	9654
107	9655
107	9658
107	9662
107	9667
107	9669
107	9671
107	9679
107	9684
107	9691
107	9699
107	9701
107	9704
107	9712
107	9716
107	9720
107	9732
107	9736
107	9737
107	9738
107	9739
107	9746
107	9748
107	9757
107	9758
107	9762
107	9773
107	9774
107	9780
107	9788
107	9789
107	9791
107	9792
107	9796
107	9803
107	9804
107	9819
107	9823
107	9824
107	9854
107	9856
107	9859
107	9865
107	9874
107	9885
107	9897
107	9899
107	9900
107	9904
107	9906
107	9917
107	9930
107	9932
107	9933
107	9937
107	9940
107	9942
107	9950
107	9952
107	9954
107	9955
107	9961
107	9970
107	9971
107	9977
107	9979
107	9983
107	9999
108	3
108	28
108	75
108	83
108	85
108	88
108	105
108	130
108	148
108	150
108	156
108	164
108	169
108	180
108	181
108	186
108	190
108	204
108	206
108	225
108	232
108	243
108	260
108	262
108	281
108	299
108	300
108	317
108	327
108	331
108	340
108	347
108	356
108	361
108	376
108	386
108	407
108	411
108	436
108	447
108	453
108	456
108	480
108	496
108	504
108	509
108	542
108	546
108	547
108	549
108	555
108	568
108	592
108	596
108	598
108	612
108	615
108	628
108	674
108	677
108	694
108	695
108	699
108	709
108	710
108	713
108	740
108	784
108	805
108	808
108	817
108	820
108	840
108	882
108	894
108	898
108	933
108	938
108	941
108	950
108	955
108	974
108	993
108	1006
108	1025
108	1032
108	1036
108	1039
108	1040
108	1055
108	1062
108	1070
108	1093
108	1094
108	1101
108	1102
108	1121
108	1138
108	1153
108	1168
108	1174
108	1178
108	1202
108	1247
108	1253
108	1266
108	1270
108	1278
108	1287
108	1292
108	1294
108	1301
108	1305
108	1316
108	1325
108	1354
108	1365
108	1366
108	1369
108	1395
108	1399
108	1405
108	1436
108	1439
108	1451
108	1469
108	1477
108	1494
108	1502
108	1505
108	1506
108	1524
108	1527
108	1536
108	1549
108	1559
108	1562
108	1564
108	1591
108	1624
108	1636
108	1644
108	1662
108	1674
108	1683
108	1692
108	1701
108	1729
108	1736
108	1807
108	1810
108	1812
108	1815
108	1816
108	1827
108	1859
108	1877
108	1883
108	1888
108	1963
108	1970
108	1985
108	2012
108	2024
108	2032
108	2034
108	2075
108	2121
108	2133
108	2156
108	2158
108	2186
108	2197
108	2202
108	2218
108	2220
108	2225
108	2227
108	2257
108	2263
108	2264
108	2266
108	2278
108	2295
108	2298
108	2321
108	2329
108	2330
108	2342
108	2357
108	2364
108	2373
108	2377
108	2380
108	2383
108	2393
108	2417
108	2427
108	2434
108	2445
108	2463
108	2466
108	2478
108	2483
108	2497
108	2499
108	2507
108	2514
108	2532
108	2542
108	2556
108	2558
108	2581
108	2593
108	2601
108	2611
108	2621
108	2640
108	2656
108	2682
108	2692
108	2694
108	2705
108	2707
108	2720
108	2725
108	2726
108	2727
108	2739
108	2745
108	2772
108	2785
108	2788
108	2793
108	2795
108	2801
108	2806
108	2807
108	2818
108	2820
108	2822
108	2831
108	2837
108	2847
108	2856
108	2869
108	2876
108	2881
108	2924
108	2927
108	2928
108	2946
108	2962
108	2984
108	2985
108	2986
108	2991
108	3005
108	3014
108	3030
108	3043
108	3060
108	3069
108	3074
108	3108
108	3114
108	3126
108	3138
108	3140
108	3143
108	3144
108	3179
108	3190
108	3192
108	3200
108	3221
108	3236
108	3240
108	3244
108	3255
108	3257
108	3265
108	3296
108	3297
108	3310
108	3322
108	3325
108	3334
108	3337
108	3347
108	3376
108	3415
108	3420
108	3430
108	3434
108	3453
108	3489
108	3498
108	3505
108	3509
108	3514
108	3532
108	3546
108	3558
108	3564
108	3606
108	3628
108	3630
108	3639
108	3643
108	3655
108	3656
108	3658
108	3663
108	3688
108	3712
108	3718
108	3729
108	3747
108	3794
108	3803
108	3827
108	3830
108	3835
108	3853
108	3854
108	3860
108	3861
108	3880
108	3881
108	3882
108	3891
108	3900
108	3908
108	3913
108	3921
108	3967
108	3981
108	3988
108	4016
108	4039
108	4040
108	4045
108	4076
108	4097
108	4132
108	4139
108	4168
108	4190
108	4208
108	4214
108	4230
108	4242
108	4246
108	4250
108	4259
108	4278
108	4294
108	4334
108	4340
108	4343
108	4366
108	4369
108	4372
108	4379
108	4381
108	4390
108	4396
108	4398
108	4399
108	4405
108	4408
108	4412
108	4420
108	4444
108	4449
108	4465
108	4470
108	4475
108	4478
108	4479
108	4481
108	4490
108	4495
108	4541
108	4548
108	4560
108	4564
108	4584
108	4598
108	4607
108	4616
108	4635
108	4636
108	4639
108	4645
108	4670
108	4699
108	4709
108	4736
108	4742
108	4804
108	4805
108	4815
108	4816
108	4833
108	4840
108	4875
108	4912
108	4929
108	4932
108	4935
108	4940
108	4955
108	4957
108	4969
108	4992
108	4999
108	5000
108	5036
108	5039
108	5041
108	5067
108	5074
108	5092
108	5097
108	5100
108	5130
108	5146
108	5154
108	5172
108	5189
108	5198
108	5199
108	5209
108	5222
108	5225
108	5247
108	5250
108	5274
108	5283
108	5299
108	5301
108	5304
108	5309
108	5312
108	5324
108	5327
108	5351
108	5377
108	5379
108	5392
108	5420
108	5433
108	5447
108	5454
108	5465
108	5472
108	5474
108	5475
108	5540
108	5541
108	5545
108	5556
108	5558
108	5563
108	5577
108	5594
108	5622
108	5646
108	5679
108	5696
108	5703
108	5707
108	5719
108	5729
108	5751
108	5754
108	5768
108	5777
108	5783
108	5792
108	5799
108	5805
108	5815
108	5818
108	5863
108	5864
108	5869
108	5893
108	5903
108	5909
108	5913
108	5923
108	5935
108	5937
108	5938
108	5970
108	5973
108	5992
108	5993
108	5995
108	6010
108	6023
108	6030
108	6033
108	6036
108	6045
108	6064
108	6073
108	6075
108	6076
108	6081
108	6085
108	6086
108	6091
108	6094
108	6112
108	6114
108	6131
108	6152
108	6166
108	6170
108	6174
108	6182
108	6189
108	6197
108	6203
108	6210
108	6214
108	6244
108	6283
108	6338
108	6345
108	6357
108	6366
108	6384
108	6385
108	6388
108	6394
108	6408
108	6432
108	6454
108	6466
108	6471
108	6474
108	6479
108	6487
108	6488
108	6493
108	6494
108	6506
108	6512
108	6533
108	6537
108	6538
108	6548
108	6550
108	6556
108	6596
108	6609
108	6630
108	6631
108	6640
108	6651
108	6701
108	6723
108	6741
108	6749
108	6752
108	6775
108	6787
108	6798
108	6805
108	6821
108	6841
108	6848
108	6858
108	6861
108	6865
108	6885
108	6905
108	6912
108	6914
108	6932
108	6952
108	6964
108	6980
108	6998
108	7019
108	7028
108	7032
108	7044
108	7048
108	7058
108	7081
108	7088
108	7093
108	7106
108	7152
108	7192
108	7198
108	7216
108	7217
108	7228
108	7232
108	7234
108	7255
108	7261
108	7266
108	7295
108	7297
108	7304
108	7340
108	7408
108	7423
108	7426
108	7427
108	7428
108	7467
108	7468
108	7476
108	7499
108	7501
108	7508
108	7509
108	7515
108	7549
108	7567
108	7590
108	7594
108	7597
108	7608
108	7658
108	7670
108	7673
108	7688
108	7696
108	7717
108	7729
108	7737
108	7741
108	7742
108	7759
108	7777
108	7787
108	7801
108	7802
108	7818
108	7822
108	7835
108	7873
108	7887
108	7893
108	7899
108	7911
108	7915
108	7933
108	7941
108	7944
108	7984
108	7986
108	7995
108	8001
108	8014
108	8022
108	8063
108	8075
108	8080
108	8107
108	8153
108	8179
108	8182
108	8186
108	8188
108	8212
108	8218
108	8222
108	8233
108	8234
108	8239
108	8253
108	8256
108	8257
108	8262
108	8274
108	8294
108	8366
108	8378
108	8435
108	8450
108	8454
108	8459
108	8466
108	8492
108	8499
108	8504
108	8507
108	8511
108	8514
108	8551
108	8568
108	8578
108	8588
108	8594
108	8611
108	8619
108	8697
108	8698
108	8709
108	8719
108	8725
108	8740
108	8761
108	8765
108	8772
108	8776
108	8787
108	8794
108	8806
108	8818
108	8820
108	8824
108	8834
108	8843
108	8869
108	8882
108	8885
108	8896
108	8914
108	8926
108	8929
108	8942
108	8949
108	8967
108	8976
108	8978
108	8985
108	9000
108	9015
108	9023
108	9024
108	9055
108	9058
108	9115
108	9155
108	9216
108	9222
108	9236
108	9243
108	9271
108	9277
108	9278
108	9289
108	9293
108	9299
108	9329
108	9331
108	9338
108	9350
108	9351
108	9376
108	9393
108	9397
108	9399
108	9401
108	9423
108	9424
108	9428
108	9429
108	9444
108	9453
108	9476
108	9481
108	9504
108	9508
108	9519
108	9546
108	9549
108	9552
108	9579
108	9586
108	9599
108	9615
108	9640
108	9646
108	9663
108	9670
108	9703
108	9709
108	9730
108	9751
108	9753
108	9754
108	9761
108	9768
108	9790
108	9810
108	9815
108	9817
108	9821
108	9828
108	9829
108	9837
108	9839
108	9861
108	9866
108	9870
108	9878
108	9886
108	9889
108	9890
108	9903
108	9911
108	9921
108	9943
108	9975
108	9980
108	9994
109	15
109	43
109	127
109	144
109	151
109	168
109	177
109	237
109	253
109	278
109	289
109	345
109	360
109	464
109	487
109	494
109	513
109	519
109	520
109	540
109	683
109	700
109	718
109	719
109	721
109	779
109	842
109	908
109	915
109	961
109	985
109	992
109	1019
109	1048
109	1063
109	1083
109	1163
109	1245
109	1283
109	1290
109	1373
109	1404
109	1523
109	1530
109	1540
109	1592
109	1597
109	1627
109	1637
109	1651
109	1663
109	1686
109	1719
109	1722
109	1748
109	1831
109	1927
109	1932
109	1966
109	1981
109	2047
109	2057
109	2091
109	2113
109	2119
109	2179
109	2245
109	2270
109	2275
109	2356
109	2562
109	2580
109	2624
109	2729
109	2734
109	2758
109	2779
109	2786
109	2814
109	2908
109	2941
109	2959
109	3012
109	3051
109	3107
109	3137
109	3161
109	3251
109	3271
109	3277
109	3351
109	3442
109	3462
109	3487
109	3536
109	3555
109	3571
109	3610
109	3683
109	3697
109	3701
109	3722
109	3778
109	3796
109	3879
109	3922
109	3944
109	4042
109	4129
109	4173
109	4207
109	4226
109	4285
109	4305
109	4335
109	4358
109	4401
109	4421
109	4450
109	4469
109	4516
109	4520
109	4540
109	4580
109	4583
109	4605
109	4615
109	4637
109	4675
109	4677
109	4737
109	4809
109	4882
109	4884
109	4946
109	5035
109	5061
109	5076
109	5111
109	5184
109	5218
109	5228
109	5308
109	5330
109	5374
109	5380
109	5381
109	5402
109	5403
109	5435
109	5436
109	5440
109	5445
109	5449
109	5502
109	5519
109	5534
109	5554
109	5562
109	5624
109	5638
109	5685
109	5725
109	5824
109	5901
109	5924
109	5940
109	5951
109	5991
109	6063
109	6071
109	6089
109	6119
109	6256
109	6286
109	6322
109	6351
109	6367
109	6395
109	6423
109	6426
109	6430
109	6482
109	6524
109	6604
109	6619
109	6635
109	6655
109	6660
109	6732
109	6773
109	6838
109	6840
109	6852
109	6923
109	7012
109	7026
109	7029
109	7073
109	7138
109	7188
109	7219
109	7220
109	7260
109	7288
109	7371
109	7392
109	7462
109	7478
109	7482
109	7511
109	7525
109	7623
109	7692
109	7743
109	7758
109	7860
109	7874
109	7892
109	7953
109	7987
109	8009
109	8046
109	8057
109	8069
109	8090
109	8116
109	8155
109	8190
109	8225
109	8246
109	8265
109	8297
109	8320
109	8331
109	8351
109	8401
109	8451
109	8483
109	8575
109	8618
109	8657
109	8667
109	8679
109	8688
109	8690
109	8705
109	8713
109	8742
109	8808
109	8810
109	8817
109	8821
109	8840
109	8853
109	8870
109	8966
109	9022
109	9044
109	9122
109	9151
109	9195
109	9263
109	9312
109	9315
109	9349
109	9352
109	9385
109	9520
109	9542
109	9572
109	9598
109	9602
109	9686
109	9777
109	9793
109	9811
109	9914
109	9923
109	9981
110	1
110	215
110	344
110	374
110	417
110	728
110	990
110	1122
110	1260
110	1265
110	1588
110	2011
110	2070
110	2084
110	2088
110	2353
110	2673
110	3063
110	3511
110	3580
110	3633
110	3662
110	3748
110	4048
110	4125
110	4133
110	4553
110	4690
110	4717
110	4769
110	4842
110	4861
110	4920
110	4980
110	5043
110	5728
110	5876
110	5925
110	5984
110	6124
110	6198
110	6298
110	6431
110	6558
110	6874
110	6918
110	7257
110	7280
110	7425
110	7679
110	7898
110	8064
110	8087
110	8181
110	8207
110	8272
110	8302
110	8328
110	8369
110	8442
110	8480
110	8675
110	9103
110	9244
110	9332
110	9521
110	9649
110	9711
110	9727
110	9743
110	9781
110	9928
110	9984
111	636
111	1107
111	1887
111	2489
111	3344
111	4883
111	5320
111	7336
111	7831
111	8415
111	8769
112	2050
