Minimo	Corrida
50	4868
50	6504
50	7779
50	8615
51	79
51	237
51	257
51	370
51	376
51	421
51	496
51	726
51	750
51	895
51	1193
51	1319
51	1382
51	1896
51	1927
51	1949
51	2757
51	2818
51	3052
51	3468
51	3544
51	3909
51	4202
51	4929
51	5737
51	6130
51	6152
51	6196
51	6222
51	6791
51	7361
51	7463
51	7479
51	7823
51	7954
51	8273
51	8543
51	8569
51	8721
51	8827
51	9392
51	9665
51	9878
51	9891
52	50
52	99
52	130
52	136
52	207
52	231
52	259
52	286
52	292
52	334
52	467
52	572
52	603
52	611
52	653
52	671
52	715
52	736
52	784
52	790
52	800
52	801
52	832
52	840
52	857
52	865
52	878
52	935
52	1039
52	1130
52	1164
52	1173
52	1218
52	1245
52	1381
52	1438
52	1471
52	1482
52	1493
52	1510
52	1535
52	1562
52	1643
52	1669
52	1812
52	1905
52	1906
52	1910
52	1961
52	2063
52	2083
52	2114
52	2154
52	2225
52	2261
52	2308
52	2336
52	2363
52	2418
52	2565
52	2573
52	2654
52	2690
52	2706
52	2729
52	2738
52	2752
52	2791
52	2828
52	2833
52	2899
52	2960
52	3032
52	3044
52	3083
52	3086
52	3088
52	3179
52	3192
52	3218
52	3240
52	3258
52	3299
52	3306
52	3338
52	3361
52	3386
52	3387
52	3393
52	3406
52	3423
52	3438
52	3459
52	3498
52	3503
52	3634
52	3679
52	3692
52	3699
52	3727
52	3818
52	3838
52	3849
52	3872
52	3886
52	3923
52	3985
52	4047
52	4095
52	4111
52	4181
52	4226
52	4242
52	4247
52	4270
52	4275
52	4302
52	4315
52	4339
52	4349
52	4431
52	4444
52	4464
52	4546
52	4578
52	4594
52	4596
52	4605
52	4609
52	4800
52	4840
52	4907
52	4955
52	5199
52	5207
52	5210
52	5235
52	5282
52	5288
52	5344
52	5354
52	5398
52	5423
52	5438
52	5454
52	5505
52	5538
52	5591
52	5601
52	5610
52	5676
52	5833
52	5837
52	5838
52	5840
52	5874
52	6052
52	6071
52	6099
52	6111
52	6194
52	6213
52	6226
52	6266
52	6268
52	6286
52	6287
52	6311
52	6336
52	6406
52	6434
52	6438
52	6457
52	6477
52	6496
52	6517
52	6585
52	6602
52	6608
52	6702
52	6730
52	6836
52	6847
52	6880
52	6887
52	6888
52	6904
52	6964
52	7071
52	7081
52	7084
52	7130
52	7168
52	7267
52	7274
52	7276
52	7301
52	7327
52	7348
52	7386
52	7410
52	7437
52	7447
52	7451
52	7518
52	7587
52	7589
52	7612
52	7615
52	7619
52	7624
52	7634
52	7650
52	7732
52	7774
52	7788
52	7847
52	7863
52	7869
52	7958
52	7960
52	7962
52	8005
52	8128
52	8203
52	8229
52	8298
52	8307
52	8419
52	8525
52	8529
52	8535
52	8617
52	8659
52	8700
52	8701
52	8803
52	8972
52	9027
52	9060
52	9155
52	9197
52	9217
52	9264
52	9280
52	9339
52	9381
52	9483
52	9501
52	9588
52	9591
52	9849
52	9864
52	9916
52	9964
53	0
53	19
53	21
53	40
53	56
53	77
53	84
53	88
53	92
53	100
53	109
53	152
53	160
53	165
53	170
53	183
53	214
53	236
53	250
53	256
53	291
53	300
53	308
53	327
53	343
53	349
53	366
53	382
53	396
53	409
53	415
53	429
53	431
53	438
53	441
53	447
53	489
53	505
53	536
53	537
53	556
53	561
53	569
53	571
53	578
53	591
53	601
53	608
53	612
53	613
53	676
53	679
53	684
53	710
53	746
53	773
53	822
53	827
53	854
53	868
53	875
53	881
53	902
53	916
53	942
53	957
53	982
53	995
53	1000
53	1067
53	1076
53	1114
53	1126
53	1165
53	1166
53	1179
53	1186
53	1192
53	1227
53	1228
53	1238
53	1257
53	1263
53	1274
53	1283
53	1308
53	1333
53	1342
53	1393
53	1405
53	1417
53	1425
53	1426
53	1428
53	1429
53	1441
53	1442
53	1443
53	1453
53	1457
53	1460
53	1462
53	1467
53	1473
53	1480
53	1487
53	1491
53	1499
53	1541
53	1551
53	1580
53	1586
53	1590
53	1599
53	1604
53	1668
53	1686
53	1692
53	1698
53	1715
53	1734
53	1746
53	1756
53	1771
53	1772
53	1786
53	1837
53	1855
53	1885
53	1930
53	1944
53	1963
53	1974
53	1989
53	1997
53	2014
53	2017
53	2039
53	2045
53	2102
53	2128
53	2130
53	2143
53	2155
53	2183
53	2188
53	2189
53	2213
53	2218
53	2236
53	2255
53	2301
53	2322
53	2343
53	2481
53	2490
53	2500
53	2506
53	2524
53	2581
53	2589
53	2611
53	2614
53	2622
53	2628
53	2633
53	2638
53	2641
53	2647
53	2673
53	2733
53	2743
53	2783
53	2785
53	2807
53	2822
53	2835
53	2875
53	2882
53	2886
53	2956
53	2959
53	2964
53	2976
53	2980
53	2982
53	2983
53	2998
53	3002
53	3007
53	3025
53	3042
53	3046
53	3053
53	3072
53	3085
53	3087
53	3132
53	3146
53	3161
53	3178
53	3188
53	3208
53	3227
53	3233
53	3241
53	3265
53	3272
53	3275
53	3282
53	3342
53	3353
53	3354
53	3395
53	3397
53	3414
53	3435
53	3453
53	3482
53	3486
53	3514
53	3518
53	3530
53	3541
53	3546
53	3547
53	3548
53	3550
53	3557
53	3563
53	3565
53	3569
53	3586
53	3603
53	3607
53	3627
53	3633
53	3672
53	3675
53	3681
53	3686
53	3689
53	3696
53	3704
53	3720
53	3731
53	3745
53	3749
53	3758
53	3763
53	3768
53	3793
53	3842
53	3866
53	3869
53	3875
53	3900
53	3916
53	3947
53	3976
53	4003
53	4007
53	4026
53	4048
53	4052
53	4078
53	4092
53	4158
53	4165
53	4171
53	4188
53	4191
53	4200
53	4208
53	4216
53	4233
53	4251
53	4271
53	4273
53	4277
53	4279
53	4284
53	4291
53	4292
53	4321
53	4330
53	4341
53	4342
53	4347
53	4394
53	4401
53	4406
53	4414
53	4420
53	4446
53	4450
53	4460
53	4474
53	4479
53	4488
53	4521
53	4547
53	4568
53	4576
53	4601
53	4611
53	4612
53	4615
53	4616
53	4643
53	4651
53	4668
53	4677
53	4678
53	4679
53	4685
53	4694
53	4714
53	4717
53	4737
53	4745
53	4816
53	4835
53	4849
53	4862
53	4891
53	4898
53	4946
53	4951
53	4952
53	4966
53	4969
53	5018
53	5028
53	5046
53	5087
53	5145
53	5166
53	5173
53	5198
53	5201
53	5214
53	5231
53	5247
53	5264
53	5268
53	5280
53	5286
53	5291
53	5292
53	5307
53	5312
53	5316
53	5318
53	5327
53	5329
53	5362
53	5419
53	5429
53	5445
53	5490
53	5493
53	5502
53	5508
53	5534
53	5536
53	5553
53	5557
53	5558
53	5560
53	5568
53	5602
53	5606
53	5627
53	5637
53	5666
53	5667
53	5682
53	5685
53	5687
53	5701
53	5721
53	5771
53	5774
53	5787
53	5843
53	5871
53	5875
53	5877
53	5925
53	5945
53	5958
53	5988
53	5994
53	6004
53	6038
53	6051
53	6063
53	6065
53	6091
53	6094
53	6113
53	6115
53	6123
53	6128
53	6136
53	6150
53	6174
53	6176
53	6179
53	6188
53	6215
53	6246
53	6256
53	6260
53	6276
53	6288
53	6292
53	6294
53	6301
53	6321
53	6326
53	6343
53	6354
53	6403
53	6422
53	6427
53	6452
53	6460
53	6466
53	6471
53	6485
53	6487
53	6500
53	6543
53	6547
53	6549
53	6568
53	6584
53	6586
53	6590
53	6646
53	6661
53	6665
53	6670
53	6672
53	6689
53	6736
53	6766
53	6801
53	6808
53	6815
53	6819
53	6834
53	6879
53	6891
53	6900
53	6903
53	6930
53	6931
53	6947
53	6982
53	6993
53	6998
53	7023
53	7050
53	7053
53	7057
53	7061
53	7079
53	7082
53	7094
53	7113
53	7119
53	7121
53	7125
53	7152
53	7156
53	7181
53	7199
53	7204
53	7211
53	7212
53	7229
53	7241
53	7250
53	7279
53	7282
53	7285
53	7295
53	7305
53	7314
53	7326
53	7355
53	7359
53	7368
53	7382
53	7433
53	7434
53	7454
53	7502
53	7539
53	7542
53	7562
53	7580
53	7609
53	7632
53	7636
53	7637
53	7641
53	7647
53	7667
53	7675
53	7684
53	7686
53	7691
53	7712
53	7720
53	7736
53	7778
53	7799
53	7824
53	7848
53	7884
53	7889
53	7898
53	7917
53	7923
53	7924
53	7936
53	7939
53	7951
53	7953
53	7987
53	8007
53	8035
53	8036
53	8040
53	8071
53	8073
53	8096
53	8108
53	8110
53	8116
53	8118
53	8121
53	8137
53	8139
53	8141
53	8147
53	8185
53	8189
53	8225
53	8231
53	8242
53	8244
53	8251
53	8252
53	8267
53	8272
53	8306
53	8352
53	8357
53	8365
53	8377
53	8389
53	8424
53	8456
53	8460
53	8469
53	8486
53	8492
53	8505
53	8545
53	8578
53	8593
53	8601
53	8604
53	8606
53	8624
53	8633
53	8637
53	8644
53	8675
53	8677
53	8696
53	8711
53	8712
53	8727
53	8788
53	8790
53	8807
53	8813
53	8816
53	8818
53	8876
53	8882
53	8919
53	8921
53	8933
53	8946
53	8966
53	8970
53	8987
53	8992
53	9046
53	9053
53	9054
53	9063
53	9067
53	9078
53	9107
53	9112
53	9128
53	9145
53	9160
53	9175
53	9232
53	9233
53	9252
53	9262
53	9271
53	9296
53	9313
53	9318
53	9321
53	9325
53	9333
53	9349
53	9375
53	9403
53	9412
53	9419
53	9428
53	9460
53	9471
53	9487
53	9494
53	9525
53	9529
53	9541
53	9547
53	9560
53	9582
53	9590
53	9596
53	9617
53	9636
53	9637
53	9657
53	9666
53	9669
53	9674
53	9733
53	9752
53	9760
53	9762
53	9776
53	9784
53	9797
53	9827
53	9834
53	9863
53	9894
53	9896
53	9957
53	9960
53	9993
54	9
54	10
54	15
54	17
54	41
54	66
54	73
54	90
54	93
54	94
54	101
54	112
54	115
54	119
54	138
54	144
54	146
54	148
54	151
54	162
54	180
54	197
54	202
54	205
54	222
54	232
54	241
54	263
54	275
54	284
54	288
54	293
54	297
54	298
54	325
54	340
54	353
54	361
54	378
54	405
54	417
54	424
54	428
54	456
54	461
54	481
54	484
54	486
54	519
54	538
54	554
54	576
54	579
54	584
54	609
54	614
54	624
54	634
54	647
54	656
54	660
54	661
54	662
54	687
54	700
54	706
54	722
54	755
54	760
54	770
54	777
54	778
54	796
54	805
54	808
54	811
54	826
54	851
54	852
54	856
54	867
54	882
54	893
54	897
54	915
54	921
54	926
54	944
54	950
54	970
54	977
54	986
54	1001
54	1002
54	1011
54	1012
54	1021
54	1024
54	1026
54	1035
54	1036
54	1045
54	1047
54	1051
54	1054
54	1061
54	1066
54	1070
54	1072
54	1073
54	1074
54	1075
54	1085
54	1090
54	1096
54	1102
54	1106
54	1121
54	1141
54	1142
54	1151
54	1162
54	1184
54	1187
54	1190
54	1197
54	1198
54	1205
54	1223
54	1224
54	1226
54	1256
54	1260
54	1266
54	1284
54	1290
54	1299
54	1301
54	1324
54	1334
54	1340
54	1359
54	1361
54	1365
54	1376
54	1378
54	1387
54	1397
54	1408
54	1439
54	1448
54	1451
54	1461
54	1478
54	1500
54	1503
54	1513
54	1520
54	1522
54	1527
54	1552
54	1561
54	1565
54	1571
54	1576
54	1577
54	1587
54	1612
54	1628
54	1660
54	1661
54	1679
54	1680
54	1681
54	1683
54	1685
54	1687
54	1691
54	1695
54	1700
54	1705
54	1706
54	1714
54	1721
54	1738
54	1739
54	1758
54	1779
54	1797
54	1799
54	1814
54	1829
54	1830
54	1836
54	1846
54	1886
54	1891
54	1898
54	1922
54	1947
54	1954
54	1964
54	1965
54	1982
54	1984
54	1985
54	1988
54	1996
54	2002
54	2012
54	2019
54	2030
54	2042
54	2053
54	2055
54	2057
54	2060
54	2065
54	2066
54	2068
54	2074
54	2079
54	2087
54	2088
54	2092
54	2111
54	2112
54	2121
54	2134
54	2138
54	2141
54	2148
54	2151
54	2159
54	2175
54	2191
54	2203
54	2206
54	2217
54	2232
54	2237
54	2245
54	2247
54	2248
54	2250
54	2251
54	2254
54	2259
54	2284
54	2293
54	2295
54	2304
54	2311
54	2318
54	2335
54	2341
54	2353
54	2368
54	2384
54	2403
54	2412
54	2416
54	2421
54	2422
54	2442
54	2480
54	2491
54	2521
54	2529
54	2537
54	2540
54	2567
54	2575
54	2600
54	2608
54	2613
54	2624
54	2630
54	2662
54	2664
54	2676
54	2685
54	2693
54	2707
54	2713
54	2721
54	2735
54	2737
54	2746
54	2755
54	2796
54	2799
54	2814
54	2819
54	2831
54	2839
54	2846
54	2851
54	2855
54	2869
54	2873
54	2877
54	2881
54	2895
54	2896
54	2897
54	2903
54	2907
54	2912
54	2916
54	2947
54	2950
54	2957
54	2962
54	2977
54	2985
54	3013
54	3016
54	3026
54	3037
54	3061
54	3068
54	3089
54	3135
54	3136
54	3181
54	3184
54	3194
54	3201
54	3220
54	3222
54	3226
54	3260
54	3273
54	3287
54	3290
54	3292
54	3308
54	3334
54	3346
54	3351
54	3355
54	3364
54	3377
54	3403
54	3405
54	3412
54	3426
54	3473
54	3485
54	3488
54	3501
54	3511
54	3513
54	3525
54	3543
54	3549
54	3558
54	3570
54	3571
54	3573
54	3599
54	3631
54	3651
54	3654
54	3661
54	3683
54	3687
54	3695
54	3703
54	3738
54	3741
54	3746
54	3750
54	3759
54	3762
54	3784
54	3794
54	3798
54	3829
54	3837
54	3884
54	3896
54	3898
54	3906
54	3913
54	3917
54	3926
54	3948
54	3954
54	3965
54	3970
54	3992
54	4004
54	4014
54	4018
54	4021
54	4030
54	4041
54	4066
54	4075
54	4088
54	4089
54	4104
54	4120
54	4128
54	4187
54	4196
54	4203
54	4214
54	4219
54	4221
54	4222
54	4234
54	4240
54	4244
54	4248
54	4254
54	4255
54	4276
54	4296
54	4298
54	4304
54	4307
54	4318
54	4329
54	4335
54	4376
54	4379
54	4390
54	4422
54	4442
54	4461
54	4466
54	4486
54	4496
54	4497
54	4509
54	4514
54	4515
54	4526
54	4581
54	4589
54	4599
54	4602
54	4610
54	4613
54	4619
54	4640
54	4665
54	4671
54	4689
54	4690
54	4696
54	4698
54	4703
54	4705
54	4710
54	4748
54	4759
54	4764
54	4769
54	4771
54	4773
54	4774
54	4799
54	4809
54	4812
54	4837
54	4839
54	4855
54	4858
54	4870
54	4893
54	4902
54	4903
54	4918
54	4935
54	4938
54	4957
54	4970
54	4973
54	4980
54	4984
54	4986
54	4990
54	4993
54	5000
54	5001
54	5002
54	5016
54	5029
54	5039
54	5052
54	5073
54	5084
54	5098
54	5104
54	5110
54	5124
54	5127
54	5129
54	5139
54	5142
54	5162
54	5164
54	5182
54	5192
54	5202
54	5204
54	5211
54	5224
54	5227
54	5232
54	5258
54	5266
54	5274
54	5279
54	5290
54	5313
54	5314
54	5333
54	5334
54	5339
54	5340
54	5343
54	5360
54	5384
54	5400
54	5402
54	5412
54	5424
54	5427
54	5432
54	5443
54	5448
54	5450
54	5456
54	5461
54	5473
54	5477
54	5494
54	5499
54	5510
54	5511
54	5530
54	5562
54	5570
54	5582
54	5586
54	5587
54	5609
54	5613
54	5615
54	5620
54	5626
54	5628
54	5630
54	5632
54	5644
54	5658
54	5664
54	5686
54	5693
54	5699
54	5700
54	5703
54	5708
54	5709
54	5712
54	5720
54	5741
54	5743
54	5752
54	5754
54	5756
54	5759
54	5764
54	5781
54	5809
54	5821
54	5836
54	5842
54	5852
54	5857
54	5858
54	5878
54	5918
54	5922
54	5929
54	5938
54	5947
54	5949
54	5967
54	5981
54	5983
54	5986
54	6005
54	6009
54	6027
54	6029
54	6030
54	6031
54	6046
54	6048
54	6049
54	6070
54	6073
54	6078
54	6109
54	6110
54	6120
54	6124
54	6144
54	6167
54	6185
54	6186
54	6195
54	6197
54	6201
54	6220
54	6236
54	6242
54	6275
54	6289
54	6291
54	6299
54	6304
54	6346
54	6360
54	6367
54	6369
54	6383
54	6394
54	6410
54	6413
54	6414
54	6436
54	6453
54	6454
54	6469
54	6470
54	6476
54	6493
54	6498
54	6512
54	6520
54	6523
54	6524
54	6527
54	6530
54	6536
54	6539
54	6545
54	6564
54	6571
54	6579
54	6588
54	6594
54	6597
54	6599
54	6609
54	6614
54	6627
54	6631
54	6638
54	6641
54	6644
54	6676
54	6677
54	6680
54	6687
54	6690
54	6691
54	6712
54	6717
54	6733
54	6757
54	6760
54	6770
54	6785
54	6792
54	6797
54	6812
54	6825
54	6835
54	6837
54	6843
54	6860
54	6868
54	6875
54	6884
54	6901
54	6913
54	6917
54	6926
54	6927
54	6941
54	6944
54	6970
54	6976
54	6980
54	6984
54	7013
54	7016
54	7026
54	7029
54	7037
54	7042
54	7043
54	7048
54	7068
54	7092
54	7124
54	7133
54	7161
54	7191
54	7193
54	7197
54	7213
54	7218
54	7230
54	7234
54	7243
54	7254
54	7262
54	7264
54	7271
54	7272
54	7298
54	7304
54	7349
54	7350
54	7353
54	7354
54	7362
54	7367
54	7372
54	7387
54	7389
54	7392
54	7455
54	7466
54	7485
54	7488
54	7497
54	7504
54	7551
54	7555
54	7556
54	7566
54	7568
54	7583
54	7603
54	7605
54	7613
54	7625
54	7643
54	7660
54	7681
54	7689
54	7771
54	7785
54	7790
54	7815
54	7822
54	7832
54	7833
54	7838
54	7864
54	7880
54	7882
54	7897
54	7904
54	7905
54	7906
54	7914
54	7937
54	7946
54	7950
54	7965
54	7971
54	7981
54	7991
54	8004
54	8008
54	8034
54	8042
54	8047
54	8049
54	8050
54	8051
54	8065
54	8068
54	8072
54	8078
54	8091
54	8093
54	8099
54	8102
54	8106
54	8124
54	8132
54	8145
54	8149
54	8155
54	8170
54	8211
54	8214
54	8220
54	8236
54	8246
54	8254
54	8263
54	8281
54	8284
54	8301
54	8340
54	8348
54	8356
54	8376
54	8388
54	8397
54	8398
54	8412
54	8427
54	8438
54	8441
54	8442
54	8443
54	8448
54	8449
54	8466
54	8474
54	8485
54	8491
54	8493
54	8494
54	8495
54	8544
54	8556
54	8577
54	8585
54	8591
54	8603
54	8607
54	8622
54	8626
54	8653
54	8660
54	8664
54	8667
54	8671
54	8679
54	8703
54	8707
54	8723
54	8747
54	8763
54	8770
54	8775
54	8791
54	8795
54	8808
54	8817
54	8822
54	8834
54	8836
54	8838
54	8850
54	8855
54	8871
54	8878
54	8883
54	8888
54	8896
54	8902
54	8916
54	8932
54	8940
54	8944
54	8951
54	8953
54	8965
54	8980
54	9002
54	9003
54	9015
54	9022
54	9025
54	9048
54	9061
54	9072
54	9087
54	9114
54	9116
54	9132
54	9139
54	9148
54	9161
54	9167
54	9168
54	9176
54	9185
54	9190
54	9192
54	9195
54	9200
54	9207
54	9210
54	9224
54	9227
54	9228
54	9235
54	9238
54	9239
54	9240
54	9250
54	9265
54	9273
54	9277
54	9287
54	9292
54	9306
54	9310
54	9327
54	9330
54	9377
54	9378
54	9389
54	9397
54	9398
54	9400
54	9420
54	9423
54	9424
54	9434
54	9441
54	9452
54	9466
54	9472
54	9476
54	9478
54	9499
54	9503
54	9518
54	9521
54	9526
54	9552
54	9557
54	9613
54	9615
54	9621
54	9626
54	9638
54	9640
54	9643
54	9649
54	9659
54	9661
54	9668
54	9673
54	9694
54	9703
54	9719
54	9721
54	9723
54	9730
54	9747
54	9750
54	9761
54	9771
54	9785
54	9789
54	9790
54	9792
54	9799
54	9802
54	9803
54	9805
54	9806
54	9809
54	9811
54	9818
54	9823
54	9835
54	9846
54	9852
54	9856
54	9857
54	9858
54	9870
54	9877
54	9882
54	9895
54	9900
54	9905
54	9909
54	9913
54	9930
54	9949
54	9951
54	9955
54	9963
54	9970
54	9972
54	9986
54	9989
54	9999
55	4
55	25
55	32
55	60
55	68
55	105
55	106
55	111
55	123
55	131
55	143
55	186
55	187
55	219
55	225
55	226
55	246
55	267
55	274
55	282
55	287
55	303
55	313
55	322
55	338
55	342
55	345
55	350
55	357
55	360
55	362
55	373
55	375
55	384
55	387
55	406
55	418
55	420
55	437
55	463
55	468
55	476
55	485
55	515
55	530
55	532
55	546
55	552
55	555
55	560
55	566
55	589
55	599
55	615
55	620
55	628
55	629
55	632
55	640
55	641
55	665
55	673
55	703
55	714
55	728
55	737
55	762
55	782
55	809
55	823
55	847
55	863
55	872
55	880
55	891
55	913
55	928
55	939
55	951
55	954
55	961
55	964
55	967
55	969
55	999
55	1019
55	1032
55	1033
55	1041
55	1053
55	1080
55	1099
55	1117
55	1119
55	1120
55	1122
55	1127
55	1128
55	1136
55	1140
55	1144
55	1146
55	1156
55	1189
55	1219
55	1236
55	1255
55	1261
55	1267
55	1272
55	1313
55	1325
55	1351
55	1353
55	1356
55	1360
55	1371
55	1385
55	1409
55	1420
55	1424
55	1430
55	1435
55	1479
55	1502
55	1506
55	1521
55	1525
55	1531
55	1532
55	1533
55	1534
55	1546
55	1550
55	1567
55	1582
55	1591
55	1594
55	1603
55	1611
55	1620
55	1630
55	1632
55	1649
55	1662
55	1670
55	1702
55	1710
55	1727
55	1729
55	1743
55	1748
55	1752
55	1761
55	1770
55	1778
55	1798
55	1805
55	1811
55	1827
55	1835
55	1838
55	1853
55	1856
55	1880
55	1881
55	1884
55	1889
55	1909
55	1919
55	1923
55	1939
55	1940
55	1956
55	1971
55	1981
55	1991
55	1995
55	2016
55	2021
55	2033
55	2041
55	2067
55	2071
55	2072
55	2100
55	2104
55	2118
55	2144
55	2150
55	2162
55	2164
55	2167
55	2201
55	2205
55	2226
55	2239
55	2264
55	2281
55	2290
55	2300
55	2302
55	2307
55	2314
55	2320
55	2330
55	2332
55	2333
55	2334
55	2338
55	2350
55	2357
55	2375
55	2390
55	2397
55	2398
55	2404
55	2413
55	2417
55	2420
55	2438
55	2445
55	2450
55	2453
55	2456
55	2457
55	2472
55	2473
55	2485
55	2488
55	2489
55	2494
55	2496
55	2519
55	2520
55	2525
55	2553
55	2557
55	2559
55	2580
55	2584
55	2660
55	2671
55	2672
55	2704
55	2719
55	2724
55	2730
55	2731
55	2734
55	2761
55	2763
55	2765
55	2768
55	2770
55	2772
55	2774
55	2779
55	2803
55	2824
55	2825
55	2857
55	2859
55	2862
55	2863
55	2870
55	2876
55	2890
55	2898
55	2910
55	2915
55	2934
55	2943
55	2965
55	3015
55	3024
55	3048
55	3066
55	3069
55	3074
55	3099
55	3104
55	3107
55	3122
55	3128
55	3133
55	3137
55	3139
55	3156
55	3176
55	3185
55	3191
55	3195
55	3202
55	3205
55	3214
55	3219
55	3221
55	3232
55	3246
55	3256
55	3264
55	3270
55	3279
55	3289
55	3318
55	3328
55	3339
55	3357
55	3359
55	3366
55	3372
55	3388
55	3390
55	3392
55	3396
55	3400
55	3420
55	3425
55	3443
55	3447
55	3448
55	3454
55	3461
55	3462
55	3483
55	3531
55	3533
55	3535
55	3551
55	3572
55	3574
55	3576
55	3585
55	3594
55	3598
55	3600
55	3609
55	3625
55	3626
55	3628
55	3645
55	3655
55	3659
55	3667
55	3671
55	3684
55	3706
55	3708
55	3719
55	3722
55	3723
55	3742
55	3743
55	3748
55	3755
55	3765
55	3766
55	3767
55	3775
55	3785
55	3811
55	3828
55	3830
55	3851
55	3852
55	3853
55	3877
55	3903
55	3904
55	3907
55	3915
55	3931
55	3949
55	3968
55	3983
55	3984
55	3986
55	4006
55	4011
55	4016
55	4036
55	4046
55	4063
55	4087
55	4098
55	4100
55	4102
55	4110
55	4127
55	4133
55	4155
55	4177
55	4186
55	4249
55	4257
55	4261
55	4264
55	4272
55	4295
55	4328
55	4338
55	4340
55	4368
55	4384
55	4396
55	4397
55	4408
55	4409
55	4428
55	4437
55	4458
55	4468
55	4470
55	4473
55	4477
55	4491
55	4504
55	4505
55	4510
55	4532
55	4537
55	4542
55	4554
55	4558
55	4579
55	4585
55	4593
55	4600
55	4603
55	4629
55	4650
55	4656
55	4666
55	4674
55	4680
55	4686
55	4736
55	4766
55	4770
55	4780
55	4788
55	4808
55	4822
55	4827
55	4843
55	4851
55	4857
55	4861
55	4890
55	4899
55	4901
55	4917
55	4930
55	4934
55	4936
55	4939
55	4940
55	4949
55	4967
55	4995
55	4997
55	5013
55	5027
55	5053
55	5077
55	5078
55	5082
55	5095
55	5115
55	5143
55	5147
55	5151
55	5154
55	5165
55	5170
55	5217
55	5236
55	5238
55	5240
55	5255
55	5256
55	5297
55	5305
55	5311
55	5353
55	5374
55	5391
55	5392
55	5395
55	5404
55	5417
55	5441
55	5442
55	5467
55	5469
55	5471
55	5487
55	5491
55	5497
55	5540
55	5546
55	5551
55	5555
55	5576
55	5600
55	5621
55	5636
55	5639
55	5647
55	5651
55	5653
55	5656
55	5659
55	5668
55	5694
55	5698
55	5704
55	5705
55	5726
55	5727
55	5745
55	5746
55	5757
55	5767
55	5769
55	5786
55	5800
55	5822
55	5829
55	5845
55	5848
55	5865
55	5892
55	5896
55	5910
55	5923
55	5928
55	5931
55	5937
55	5942
55	5952
55	5968
55	5993
55	6006
55	6007
55	6016
55	6020
55	6036
55	6039
55	6041
55	6081
55	6103
55	6106
55	6108
55	6146
55	6155
55	6170
55	6171
55	6172
55	6187
55	6199
55	6203
55	6216
55	6219
55	6223
55	6233
55	6237
55	6250
55	6259
55	6302
55	6323
55	6324
55	6357
55	6363
55	6373
55	6377
55	6389
55	6390
55	6396
55	6397
55	6418
55	6421
55	6423
55	6430
55	6442
55	6446
55	6450
55	6464
55	6472
55	6528
55	6537
55	6546
55	6550
55	6556
55	6567
55	6589
55	6598
55	6635
55	6639
55	6649
55	6654
55	6666
55	6728
55	6745
55	6765
55	6788
55	6789
55	6814
55	6824
55	6827
55	6830
55	6841
55	6845
55	6846
55	6858
55	6874
55	6876
55	6886
55	6892
55	6893
55	6908
55	6910
55	6914
55	6925
55	6940
55	6960
55	6990
55	7015
55	7027
55	7032
55	7033
55	7038
55	7044
55	7076
55	7088
55	7090
55	7093
55	7105
55	7112
55	7150
55	7157
55	7164
55	7173
55	7192
55	7214
55	7246
55	7299
55	7310
55	7332
55	7336
55	7343
55	7356
55	7360
55	7383
55	7401
55	7407
55	7423
55	7430
55	7445
55	7446
55	7449
55	7452
55	7453
55	7467
55	7468
55	7481
55	7482
55	7499
55	7524
55	7526
55	7527
55	7531
55	7532
55	7581
55	7590
55	7591
55	7597
55	7602
55	7606
55	7616
55	7618
55	7628
55	7654
55	7658
55	7696
55	7703
55	7719
55	7743
55	7745
55	7746
55	7780
55	7781
55	7796
55	7797
55	7802
55	7805
55	7808
55	7826
55	7836
55	7837
55	7843
55	7908
55	7919
55	7929
55	7931
55	7935
55	7948
55	7963
55	7970
55	7974
55	7979
55	7983
55	7984
55	7989
55	7995
55	8002
55	8009
55	8017
55	8018
55	8029
55	8076
55	8107
55	8117
55	8131
55	8134
55	8140
55	8150
55	8160
55	8175
55	8180
55	8191
55	8199
55	8207
55	8276
55	8293
55	8303
55	8321
55	8335
55	8338
55	8341
55	8349
55	8364
55	8391
55	8405
55	8407
55	8436
55	8440
55	8452
55	8490
55	8497
55	8504
55	8511
55	8515
55	8518
55	8527
55	8531
55	8550
55	8576
55	8587
55	8590
55	8600
55	8602
55	8605
55	8621
55	8623
55	8630
55	8650
55	8682
55	8685
55	8692
55	8742
55	8755
55	8761
55	8764
55	8765
55	8769
55	8786
55	8789
55	8802
55	8814
55	8819
55	8824
55	8837
55	8849
55	8861
55	8869
55	8877
55	8887
55	8893
55	8912
55	8913
55	8918
55	8923
55	8926
55	8931
55	8993
55	8999
55	9038
55	9074
55	9100
55	9111
55	9120
55	9125
55	9130
55	9131
55	9147
55	9150
55	9156
55	9172
55	9174
55	9181
55	9188
55	9193
55	9203
55	9211
55	9216
55	9226
55	9229
55	9268
55	9272
55	9278
55	9281
55	9285
55	9300
55	9303
55	9308
55	9319
55	9335
55	9352
55	9359
55	9379
55	9391
55	9449
55	9464
55	9493
55	9508
55	9512
55	9515
55	9528
55	9532
55	9549
55	9559
55	9574
55	9592
55	9593
55	9603
55	9614
55	9619
55	9690
55	9693
55	9729
55	9736
55	9737
55	9754
55	9755
55	9756
55	9757
55	9769
55	9788
55	9820
55	9828
55	9844
55	9853
55	9867
55	9879
55	9886
55	9887
55	9898
55	9911
55	9921
55	9938
55	9945
55	9952
55	9959
55	9962
55	9968
56	35
56	82
56	98
56	103
56	113
56	116
56	124
56	155
56	161
56	233
56	234
56	247
56	254
56	276
56	279
56	283
56	305
56	307
56	351
56	377
56	383
56	412
56	416
56	432
56	451
56	459
56	500
56	523
56	524
56	528
56	534
56	551
56	575
56	582
56	636
56	650
56	674
56	699
56	705
56	716
56	749
56	753
56	779
56	797
56	830
56	843
56	861
56	873
56	909
56	934
56	959
56	979
56	1056
56	1103
56	1118
56	1125
56	1131
56	1176
56	1180
56	1182
56	1185
56	1196
56	1201
56	1206
56	1209
56	1231
56	1237
56	1258
56	1302
56	1322
56	1335
56	1346
56	1370
56	1380
56	1390
56	1396
56	1400
56	1458
56	1466
56	1528
56	1556
56	1592
56	1597
56	1616
56	1618
56	1639
56	1640
56	1657
56	1666
56	1674
56	1730
56	1749
56	1753
56	1784
56	1789
56	1790
56	1796
56	1803
56	1810
56	1816
56	1818
56	1840
56	1851
56	1860
56	1931
56	1967
56	2008
56	2038
56	2116
56	2122
56	2126
56	2160
56	2176
56	2208
56	2209
56	2231
56	2288
56	2294
56	2296
56	2348
56	2359
56	2373
56	2374
56	2376
56	2382
56	2396
56	2415
56	2419
56	2434
56	2464
56	2468
56	2483
56	2486
56	2493
56	2509
56	2538
56	2543
56	2545
56	2560
56	2566
56	2582
56	2596
56	2605
56	2610
56	2635
56	2644
56	2657
56	2667
56	2688
56	2705
56	2726
56	2764
56	2767
56	2811
56	2827
56	2836
56	2837
56	2840
56	2864
56	2901
56	2923
56	2931
56	2932
56	2946
56	2948
56	2970
56	2979
56	3006
56	3012
56	3035
56	3060
56	3076
56	3092
56	3284
56	3294
56	3314
56	3329
56	3340
56	3352
56	3373
56	3415
56	3427
56	3431
56	3432
56	3452
56	3458
56	3527
56	3537
56	3582
56	3616
56	3618
56	3643
56	3658
56	3688
56	3702
56	3707
56	3709
56	3736
56	3752
56	3808
56	3816
56	3825
56	3833
56	3836
56	3870
56	3873
56	3880
56	3882
56	3889
56	3894
56	3934
56	4009
56	4027
56	4060
56	4069
56	4071
56	4083
56	4109
56	4159
56	4183
56	4205
56	4259
56	4286
56	4316
56	4356
56	4404
56	4447
56	4456
56	4462
56	4465
56	4482
56	4556
56	4635
56	4641
56	4647
56	4660
56	4676
56	4683
56	4742
56	4747
56	4754
56	4785
56	4807
56	4829
56	4834
56	4846
56	4895
56	4910
56	4931
56	4977
56	5011
56	5037
56	5058
56	5080
56	5222
56	5237
56	5351
56	5355
56	5375
56	5382
56	5385
56	5401
56	5435
56	5458
56	5468
56	5481
56	5495
56	5503
56	5504
56	5533
56	5535
56	5572
56	5573
56	5588
56	5594
56	5619
56	5635
56	5657
56	5683
56	5684
56	5711
56	5730
56	5749
56	5766
56	5789
56	5791
56	5792
56	5802
56	5815
56	5827
56	5868
56	5904
56	5920
56	5934
56	5971
56	5975
56	5977
56	5982
56	5991
56	6008
56	6011
56	6034
56	6083
56	6117
56	6122
56	6138
56	6190
56	6200
56	6212
56	6227
56	6240
56	6243
56	6245
56	6253
56	6255
56	6257
56	6285
56	6293
56	6312
56	6313
56	6337
56	6379
56	6380
56	6426
56	6439
56	6447
56	6448
56	6482
56	6484
56	6491
56	6492
56	6553
56	6575
56	6580
56	6593
56	6617
56	6619
56	6630
56	6642
56	6652
56	6664
56	6675
56	6694
56	6696
56	6697
56	6708
56	6726
56	6732
56	6753
56	6771
56	6773
56	6779
56	6802
56	6829
56	6861
56	6862
56	6869
56	6889
56	6907
56	6909
56	6920
56	6924
56	6933
56	6961
56	6969
56	6978
56	6986
56	6992
56	6997
56	7001
56	7004
56	7006
56	7007
56	7010
56	7039
56	7063
56	7065
56	7073
56	7100
56	7170
56	7236
56	7238
56	7293
56	7294
56	7320
56	7331
56	7351
56	7370
56	7373
56	7374
56	7379
56	7384
56	7388
56	7396
56	7415
56	7462
56	7464
56	7477
56	7486
56	7490
56	7500
56	7509
56	7511
56	7546
56	7571
56	7617
56	7623
56	7683
56	7730
56	7756
56	7757
56	7766
56	7770
56	7783
56	7789
56	7798
56	7831
56	7846
56	7851
56	7855
56	7862
56	7894
56	7910
56	7921
56	7972
56	7980
56	8021
56	8111
56	8115
56	8122
56	8130
56	8138
56	8148
56	8159
56	8195
56	8219
56	8237
56	8240
56	8260
56	8286
56	8324
56	8346
56	8363
56	8395
56	8401
56	8421
56	8437
56	8455
56	8489
56	8533
56	8548
56	8570
56	8573
56	8580
56	8584
56	8595
56	8609
56	8629
56	8645
56	8672
56	8697
56	8708
56	8725
56	8740
56	8752
56	8787
56	8820
56	8840
56	8848
56	8872
56	8875
56	8903
56	8937
56	8948
56	8952
56	8975
56	8978
56	8995
56	9028
56	9047
56	9056
56	9079
56	9104
56	9115
56	9124
56	9142
56	9146
56	9171
56	9225
56	9255
56	9286
56	9291
56	9326
56	9329
56	9334
56	9366
56	9435
56	9461
56	9490
56	9495
56	9520
56	9544
56	9556
56	9571
56	9604
56	9609
56	9618
56	9620
56	9653
56	9671
56	9672
56	9685
56	9704
56	9706
56	9713
56	9720
56	9732
56	9735
56	9804
56	9810
56	9819
56	9838
56	9841
56	9850
56	9862
56	9899
56	9925
56	9934
56	9973
56	9977
57	14
57	23
57	38
57	42
57	46
57	58
57	102
57	168
57	193
57	198
57	224
57	299
57	309
57	310
57	368
57	369
57	392
57	454
57	455
57	480
57	482
57	492
57	540
57	581
57	619
57	626
57	664
57	690
57	707
57	791
57	833
57	876
57	908
57	922
57	941
57	956
57	988
57	1013
57	1027
57	1046
57	1048
57	1104
57	1113
57	1172
57	1204
57	1291
57	1318
57	1432
57	1469
57	1476
57	1497
57	1505
57	1543
57	1553
57	1583
57	1605
57	1613
57	1659
57	1665
57	1709
57	1722
57	1737
57	1750
57	1766
57	1767
57	1780
57	1781
57	1791
57	1801
57	1824
57	1868
57	1869
57	1882
57	1907
57	1920
57	1943
57	1962
57	1969
57	2013
57	2023
57	2084
57	2131
57	2185
57	2223
57	2299
57	2327
57	2378
57	2381
57	2402
57	2431
57	2437
57	2498
57	2508
57	2512
57	2526
57	2544
57	2554
57	2556
57	2571
57	2601
57	2617
57	2701
57	2718
57	2728
57	2790
57	2794
57	2850
57	2861
57	2891
57	2969
57	2990
57	2994
57	3017
57	3020
57	3063
57	3073
57	3141
57	3152
57	3225
57	3231
57	3238
57	3242
57	3296
57	3349
57	3382
57	3398
57	3421
57	3455
57	3463
57	3479
57	3492
57	3500
57	3507
57	3508
57	3564
57	3578
57	3646
57	3648
57	3668
57	3710
57	3739
57	3795
57	3854
57	3902
57	3938
57	3967
57	3975
57	3979
57	3993
57	3999
57	4002
57	4013
57	4062
57	4079
57	4094
57	4112
57	4136
57	4140
57	4141
57	4161
57	4162
57	4237
57	4260
57	4280
57	4282
57	4285
57	4287
57	4311
57	4325
57	4327
57	4334
57	4403
57	4493
57	4535
57	4582
57	4623
57	4653
57	4729
57	4740
57	4757
57	4847
57	4848
57	4945
57	4956
57	5020
57	5061
57	5063
57	5068
57	5116
57	5138
57	5153
57	5168
57	5172
57	5184
57	5226
57	5251
57	5252
57	5295
57	5319
57	5336
57	5373
57	5403
57	5405
57	5414
57	5478
57	5516
57	5539
57	5543
57	5579
57	5581
57	5605
57	5716
57	5734
57	5760
57	5765
57	5798
57	5804
57	5814
57	5854
57	5883
57	5919
57	5940
57	5957
57	5959
57	5999
57	6026
57	6050
57	6116
57	6153
57	6161
57	6165
57	6214
57	6229
57	6263
57	6325
57	6331
57	6334
57	6340
57	6359
57	6362
57	6378
57	6412
57	6419
57	6428
57	6518
57	6542
57	6578
57	6587
57	6628
57	6761
57	6844
57	6922
57	6950
57	6991
57	7036
57	7066
57	7162
57	7172
57	7196
57	7209
57	7215
57	7222
57	7228
57	7235
57	7277
57	7300
57	7319
57	7381
57	7471
57	7496
57	7498
57	7522
57	7533
57	7545
57	7560
57	7569
57	7584
57	7598
57	7600
57	7614
57	7651
57	7662
57	7680
57	7685
57	7687
57	7733
57	7758
57	7793
57	7817
57	7849
57	7850
57	7868
57	7895
57	7922
57	7932
57	7945
57	7949
57	7973
57	8010
57	8019
57	8023
57	8027
57	8043
57	8046
57	8061
57	8086
57	8166
57	8172
57	8208
57	8212
57	8268
57	8358
57	8370
57	8372
57	8379
57	8408
57	8423
57	8429
57	8462
57	8512
57	8540
57	8546
57	8551
57	8561
57	8597
57	8618
57	8668
57	8693
57	8695
57	8784
57	8809
57	8845
57	8857
57	8874
57	8904
57	8907
57	8914
57	8959
57	9007
57	9019
57	9057
57	9136
57	9158
57	9159
57	9234
57	9269
57	9305
57	9331
57	9340
57	9429
57	9445
57	9522
57	9564
57	9629
57	9682
57	9689
57	9746
57	9772
57	9798
57	9888
57	9979
57	9998
58	6
58	24
58	62
58	80
58	128
58	171
58	184
58	220
58	223
58	243
58	266
58	278
58	317
58	367
58	399
58	458
58	469
58	623
58	649
58	683
58	765
58	774
58	794
58	817
58	859
58	869
58	870
58	938
58	980
58	1014
58	1134
58	1171
58	1202
58	1222
58	1280
58	1338
58	1350
58	1401
58	1558
58	1559
58	1570
58	1574
58	1585
58	1614
58	1637
58	1645
58	1654
58	1704
58	1713
58	1731
58	1792
58	1809
58	1897
58	1899
58	1948
58	1951
58	2020
58	2075
58	2107
58	2123
58	2124
58	2158
58	2165
58	2316
58	2347
58	2355
58	2362
58	2366
58	2405
58	2409
58	2444
58	2449
58	2513
58	2528
58	2593
58	2620
58	2621
58	2632
58	2636
58	2697
58	2698
58	2716
58	2747
58	2754
58	2802
58	2815
58	2902
58	2917
58	2918
58	2919
58	2938
58	2966
58	2974
58	2999
58	3003
58	3021
58	3075
58	3144
58	3145
58	3148
58	3150
58	3235
58	3277
58	3295
58	3325
58	3336
58	3376
58	3409
58	3411
58	3442
58	3465
58	3542
58	3630
58	3656
58	3663
58	3715
58	3735
58	3754
58	3756
58	3771
58	3780
58	3832
58	3844
58	3878
58	3930
58	3959
58	3978
58	4045
58	4072
58	4123
58	4197
58	4212
58	4228
58	4235
58	4278
58	4320
58	4373
58	4382
58	4434
58	4513
58	4520
58	4524
58	4534
58	4574
58	4575
58	4583
58	4584
58	4697
58	4731
58	4778
58	4782
58	4854
58	4912
58	4916
58	4933
58	4963
58	5055
58	5072
58	5131
58	5158
58	5163
58	5234
58	5241
58	5289
58	5304
58	5370
58	5389
58	5396
58	5408
58	5460
58	5500
58	5506
58	5524
58	5532
58	5561
58	5574
58	5584
58	5599
58	5607
58	5612
58	5646
58	5663
58	5665
58	5674
58	5770
58	5812
58	5820
58	5835
58	5844
58	5932
58	5939
58	5951
58	5972
58	5979
58	5990
58	6001
58	6092
58	6093
58	6119
58	6125
58	6154
58	6192
58	6230
58	6235
58	6262
58	6264
58	6269
58	6307
58	6317
58	6318
58	6348
58	6366
58	6384
58	6387
58	6416
58	6444
58	6483
58	6501
58	6540
58	6561
58	6577
58	6607
58	6660
58	6669
58	6720
58	6755
58	6759
58	6780
58	6840
58	6848
58	6870
58	6872
58	6923
58	6972
58	6983
58	7020
58	7034
58	7046
58	7060
58	7143
58	7147
58	7163
58	7167
58	7256
58	7261
58	7322
58	7325
58	7378
58	7398
58	7414
58	7441
58	7456
58	7461
58	7535
58	7585
58	7633
58	7664
58	7668
58	7677
58	7711
58	7713
58	7715
58	7718
58	7721
58	7749
58	7752
58	7791
58	7813
58	7827
58	7915
58	7920
58	7978
58	8014
58	8024
58	8089
58	8120
58	8190
58	8215
58	8280
58	8308
58	8315
58	8317
58	8360
58	8366
58	8393
58	8411
58	8468
58	8475
58	8479
58	8508
58	8523
58	8541
58	8572
58	8665
58	8684
58	8719
58	8735
58	8828
58	8864
58	8892
58	8895
58	8898
58	8927
58	8943
58	8963
58	8968
58	8981
58	9010
58	9133
58	9144
58	9164
58	9165
58	9166
58	9179
58	9246
58	9260
58	9312
58	9320
58	9355
58	9357
58	9388
58	9418
58	9436
58	9507
58	9540
58	9546
58	9550
58	9565
58	9578
58	9580
58	9581
58	9608
58	9628
58	9686
58	9697
58	9718
58	9781
58	9812
58	9847
58	9861
58	9912
58	9933
58	9950
58	9971
59	5
59	12
59	37
59	45
59	74
59	81
59	110
59	134
59	135
59	150
59	163
59	181
59	206
59	209
59	244
59	290
59	306
59	312
59	336
59	337
59	341
59	354
59	365
59	372
59	374
59	380
59	391
59	404
59	408
59	411
59	443
59	462
59	465
59	472
59	483
59	494
59	498
59	526
59	544
59	553
59	580
59	587
59	618
59	633
59	637
59	643
59	644
59	657
59	672
59	678
59	693
59	704
59	708
59	720
59	730
59	742
59	748
59	766
59	767
59	768
59	798
59	799
59	807
59	821
59	842
59	894
59	920
59	940
59	949
59	974
59	976
59	984
59	1016
59	1071
59	1088
59	1089
59	1100
59	1129
59	1137
59	1138
59	1150
59	1158
59	1161
59	1229
59	1242
59	1244
59	1297
59	1305
59	1337
59	1339
59	1341
59	1364
59	1406
59	1410
59	1440
59	1447
59	1474
59	1488
59	1508
59	1529
59	1549
59	1554
59	1572
59	1573
59	1595
59	1621
59	1631
59	1635
59	1636
59	1644
59	1673
59	1678
59	1703
59	1726
59	1745
59	1754
59	1755
59	1800
59	1813
59	1826
59	1841
59	1847
59	1867
59	1873
59	1878
59	1879
59	1893
59	1932
59	1938
59	1978
59	2000
59	2001
59	2005
59	2009
59	2018
59	2025
59	2026
59	2031
59	2043
59	2052
59	2089
59	2097
59	2108
59	2132
59	2137
59	2152
59	2171
59	2172
59	2222
59	2268
59	2305
59	2395
59	2401
59	2423
59	2446
59	2448
59	2459
59	2517
59	2523
59	2530
59	2531
59	2549
59	2555
59	2568
59	2576
59	2578
59	2656
59	2675
59	2710
59	2717
59	2732
59	2744
59	2769
59	2888
59	2889
59	2908
59	2920
59	2926
59	2949
59	2975
59	2981
59	2992
59	2996
59	3018
59	3031
59	3062
59	3064
59	3093
59	3096
59	3115
59	3134
59	3211
59	3217
59	3230
59	3253
59	3257
59	3269
59	3271
59	3304
59	3341
59	3344
59	3350
59	3374
59	3391
59	3401
59	3408
59	3467
59	3493
59	3519
59	3524
59	3536
59	3559
59	3605
59	3613
59	3617
59	3621
59	3637
59	3641
59	3669
59	3677
59	3705
59	3716
59	3751
59	3790
59	3807
59	3809
59	3810
59	3812
59	3835
59	3843
59	3848
59	3857
59	3885
59	3887
59	3912
59	3932
59	3935
59	3936
59	3941
59	3944
59	3958
59	3963
59	3996
59	4015
59	4025
59	4029
59	4033
59	4039
59	4059
59	4097
59	4101
59	4121
59	4126
59	4156
59	4167
59	4193
59	4217
59	4250
59	4293
59	4308
59	4310
59	4351
59	4366
59	4371
59	4385
59	4398
59	4438
59	4451
59	4455
59	4469
59	4480
59	4536
59	4545
59	4560
59	4572
59	4580
59	4588
59	4617
59	4620
59	4667
59	4672
59	4699
59	4707
59	4715
59	4720
59	4725
59	4750
59	4753
59	4758
59	4844
59	4845
59	4852
59	4859
59	4908
59	4926
59	4960
59	4979
59	5024
59	5035
59	5038
59	5049
59	5113
59	5117
59	5120
59	5152
59	5155
59	5160
59	5161
59	5175
59	5186
59	5209
59	5216
59	5239
59	5259
59	5263
59	5301
59	5302
59	5320
59	5322
59	5349
59	5361
59	5364
59	5378
59	5388
59	5393
59	5410
59	5411
59	5464
59	5470
59	5528
59	5544
59	5548
59	5577
59	5589
59	5598
59	5611
59	5662
59	5713
59	5724
59	5733
59	5761
59	5796
59	5811
59	5826
59	5831
59	5834
59	5861
59	5867
59	5880
59	5897
59	5903
59	5926
59	5963
59	5974
59	5997
59	5998
59	6024
59	6028
59	6044
59	6045
59	6053
59	6055
59	6079
59	6107
59	6112
59	6129
59	6143
59	6148
59	6157
59	6184
59	6191
59	6221
59	6224
59	6231
59	6261
59	6265
59	6282
59	6335
59	6339
59	6402
59	6405
59	6449
59	6459
59	6467
59	6468
59	6475
59	6489
59	6495
59	6507
59	6509
59	6516
59	6525
59	6573
59	6582
59	6611
59	6620
59	6637
59	6655
59	6659
59	6678
59	6681
59	6699
59	6762
59	6787
59	6810
59	6817
59	6851
59	6853
59	6857
59	6863
59	6883
59	6928
59	6932
59	6945
59	6949
59	6953
59	6954
59	6966
59	6987
59	6999
59	7005
59	7017
59	7049
59	7058
59	7069
59	7109
59	7117
59	7127
59	7135
59	7136
59	7140
59	7148
59	7149
59	7155
59	7158
59	7176
59	7180
59	7185
59	7188
59	7201
59	7240
59	7248
59	7280
59	7306
59	7308
59	7309
59	7339
59	7363
59	7366
59	7369
59	7380
59	7418
59	7420
59	7428
59	7438
59	7457
59	7475
59	7484
59	7491
59	7519
59	7523
59	7541
59	7608
59	7621
59	7622
59	7627
59	7631
59	7666
59	7690
59	7723
59	7734
59	7735
59	7741
59	7754
59	7786
59	7787
59	7809
59	7816
59	7841
59	7870
59	7875
59	7890
59	7902
59	7967
59	8012
59	8048
59	8064
59	8075
59	8126
59	8136
59	8153
59	8157
59	8168
59	8177
59	8182
59	8184
59	8200
59	8201
59	8221
59	8239
59	8245
59	8274
59	8287
59	8314
59	8320
59	8332
59	8336
59	8343
59	8344
59	8347
59	8367
59	8381
59	8385
59	8457
59	8477
59	8481
59	8484
59	8496
59	8510
59	8519
59	8524
59	8571
59	8611
59	8634
59	8649
59	8656
59	8661
59	8663
59	8681
59	8690
59	8705
59	8706
59	8796
59	8801
59	8833
59	8843
59	8853
59	8865
59	8866
59	8897
59	8911
59	8956
59	9000
59	9006
59	9008
59	9122
59	9126
59	9134
59	9154
59	9177
59	9186
59	9191
59	9202
59	9254
59	9256
59	9261
59	9288
59	9323
59	9332
59	9343
59	9351
59	9380
59	9385
59	9439
59	9453
59	9473
59	9481
59	9482
59	9491
59	9498
59	9502
59	9509
59	9510
59	9517
59	9531
59	9542
59	9585
59	9602
59	9658
59	9667
59	9680
59	9702
59	9714
59	9749
59	9770
59	9783
59	9787
59	9800
59	9826
59	9833
59	9851
59	9866
59	9874
59	9875
59	9893
59	9901
59	9904
59	9906
59	9910
59	9942
59	9954
59	9958
59	9965
59	9967
59	9975
59	9980
59	9997
60	3
60	34
60	67
60	69
60	71
60	76
60	78
60	87
60	129
60	132
60	142
60	167
60	179
60	185
60	188
60	191
60	196
60	199
60	203
60	208
60	211
60	221
60	239
60	240
60	264
60	294
60	296
60	320
60	326
60	328
60	331
60	335
60	348
60	386
60	397
60	407
60	425
60	427
60	434
60	436
60	450
60	464
60	471
60	473
60	488
60	497
60	506
60	511
60	517
60	520
60	533
60	541
60	542
60	543
60	548
60	586
60	596
60	605
60	607
60	610
60	616
60	631
60	646
60	648
60	651
60	654
60	666
60	694
60	713
60	719
60	741
60	775
60	781
60	785
60	803
60	810
60	824
60	836
60	839
60	846
60	860
60	862
60	884
60	885
60	890
60	892
60	903
60	914
60	929
60	971
60	975
60	978
60	985
60	987
60	991
60	993
60	996
60	1003
60	1079
60	1093
60	1105
60	1107
60	1115
60	1148
60	1154
60	1175
60	1200
60	1211
60	1213
60	1216
60	1235
60	1246
60	1253
60	1307
60	1309
60	1310
60	1311
60	1312
60	1327
60	1332
60	1347
60	1352
60	1355
60	1363
60	1377
60	1379
60	1386
60	1388
60	1407
60	1412
60	1421
60	1427
60	1449
60	1450
60	1454
60	1456
60	1463
60	1470
60	1475
60	1492
60	1504
60	1514
60	1515
60	1517
60	1536
60	1540
60	1548
60	1579
60	1596
60	1615
60	1648
60	1664
60	1667
60	1682
60	1693
60	1696
60	1716
60	1720
60	1724
60	1732
60	1733
60	1751
60	1759
60	1762
60	1774
60	1777
60	1815
60	1834
60	1839
60	1844
60	1848
60	1854
60	1872
60	1875
60	1933
60	1942
60	1955
60	1968
60	1976
60	1992
60	2006
60	2007
60	2027
60	2040
60	2047
60	2056
60	2061
60	2078
60	2082
60	2095
60	2120
60	2136
60	2153
60	2161
60	2187
60	2197
60	2198
60	2210
60	2212
60	2244
60	2253
60	2262
60	2265
60	2273
60	2278
60	2280
60	2287
60	2310
60	2313
60	2326
60	2339
60	2346
60	2367
60	2386
60	2387
60	2388
60	2391
60	2392
60	2425
60	2427
60	2447
60	2451
60	2467
60	2469
60	2471
60	2479
60	2482
60	2484
60	2495
60	2505
60	2533
60	2539
60	2550
60	2552
60	2561
60	2564
60	2583
60	2592
60	2602
60	2603
60	2604
60	2618
60	2634
60	2674
60	2679
60	2687
60	2696
60	2711
60	2712
60	2722
60	2736
60	2739
60	2741
60	2745
60	2748
60	2760
60	2775
60	2780
60	2788
60	2795
60	2809
60	2830
60	2834
60	2852
60	2858
60	2871
60	2874
60	2887
60	2909
60	2927
60	2933
60	2936
60	2941
60	2945
60	2952
60	2984
60	3004
60	3005
60	3010
60	3019
60	3027
60	3036
60	3038
60	3049
60	3077
60	3079
60	3080
60	3084
60	3090
60	3103
60	3110
60	3117
60	3118
60	3120
60	3124
60	3130
60	3162
60	3165
60	3166
60	3170
60	3172
60	3177
60	3187
60	3198
60	3199
60	3204
60	3212
60	3245
60	3248
60	3249
60	3259
60	3281
60	3283
60	3285
60	3300
60	3302
60	3313
60	3321
60	3323
60	3347
60	3360
60	3380
60	3394
60	3429
60	3434
60	3445
60	3449
60	3456
60	3466
60	3475
60	3478
60	3480
60	3481
60	3502
60	3506
60	3523
60	3529
60	3554
60	3566
60	3567
60	3579
60	3581
60	3596
60	3615
60	3636
60	3639
60	3660
60	3676
60	3693
60	3700
60	3717
60	3728
60	3732
60	3757
60	3774
60	3777
60	3778
60	3796
60	3799
60	3801
60	3803
60	3806
60	3820
60	3822
60	3826
60	3862
60	3865
60	3867
60	3879
60	3888
60	3895
60	3899
60	3918
60	3920
60	3945
60	3960
60	3966
60	3982
60	3997
60	4001
60	4005
60	4020
60	4024
60	4043
60	4044
60	4051
60	4073
60	4086
60	4090
60	4117
60	4122
60	4125
60	4137
60	4138
60	4139
60	4149
60	4151
60	4153
60	4166
60	4169
60	4174
60	4189
60	4225
60	4230
60	4265
60	4297
60	4300
60	4313
60	4323
60	4331
60	4355
60	4360
60	4377
60	4383
60	4399
60	4402
60	4405
60	4411
60	4412
60	4418
60	4419
60	4427
60	4432
60	4435
60	4448
60	4459
60	4483
60	4484
60	4485
60	4489
60	4499
60	4501
60	4507
60	4516
60	4518
60	4531
60	4539
60	4550
60	4561
60	4586
60	4591
60	4595
60	4597
60	4608
60	4624
60	4626
60	4632
60	4644
60	4657
60	4661
60	4669
60	4682
60	4684
60	4711
60	4727
60	4735
60	4743
60	4746
60	4755
60	4772
60	4776
60	4777
60	4779
60	4786
60	4795
60	4801
60	4810
60	4815
60	4824
60	4832
60	4838
60	4865
60	4866
60	4871
60	4875
60	4877
60	4879
60	4880
60	4886
60	4904
60	4906
60	4914
60	4928
60	4932
60	4937
60	4944
60	4947
60	4958
60	4964
60	4975
60	4978
60	4999
60	5008
60	5022
60	5036
60	5040
60	5044
60	5045
60	5050
60	5083
60	5085
60	5092
60	5094
60	5118
60	5119
60	5144
60	5150
60	5159
60	5174
60	5180
60	5189
60	5190
60	5191
60	5193
60	5196
60	5229
60	5249
60	5253
60	5254
60	5261
60	5267
60	5287
60	5296
60	5321
60	5342
60	5359
60	5363
60	5366
60	5369
60	5425
60	5431
60	5434
60	5436
60	5439
60	5446
60	5447
60	5452
60	5475
60	5479
60	5485
60	5509
60	5514
60	5515
60	5519
60	5529
60	5537
60	5564
60	5567
60	5590
60	5592
60	5616
60	5633
60	5648
60	5652
60	5654
60	5671
60	5677
60	5688
60	5706
60	5717
60	5718
60	5722
60	5729
60	5748
60	5762
60	5780
60	5793
60	5795
60	5806
60	5817
60	5841
60	5846
60	5851
60	5859
60	5860
60	5882
60	5886
60	5894
60	5905
60	5908
60	5914
60	5927
60	5933
60	5941
60	5960
60	5962
60	5965
60	5969
60	5987
60	5989
60	5996
60	6032
60	6074
60	6075
60	6076
60	6085
60	6097
60	6098
60	6104
60	6121
60	6131
60	6139
60	6145
60	6151
60	6189
60	6217
60	6258
60	6290
60	6296
60	6314
60	6327
60	6329
60	6341
60	6358
60	6361
60	6370
60	6371
60	6375
60	6382
60	6392
60	6411
60	6415
60	6424
60	6429
60	6433
60	6437
60	6465
60	6473
60	6478
60	6488
60	6490
60	6502
60	6503
60	6513
60	6514
60	6519
60	6544
60	6560
60	6581
60	6595
60	6600
60	6601
60	6613
60	6615
60	6636
60	6647
60	6650
60	6658
60	6668
60	6684
60	6688
60	6723
60	6749
60	6751
60	6768
60	6769
60	6783
60	6805
60	6852
60	6856
60	6859
60	6895
60	6899
60	6934
60	6946
60	6965
60	6973
60	6977
60	6989
60	6996
60	7035
60	7041
60	7047
60	7051
60	7062
60	7064
60	7075
60	7078
60	7080
60	7086
60	7103
60	7128
60	7138
60	7151
60	7166
60	7171
60	7175
60	7178
60	7182
60	7186
60	7190
60	7194
60	7207
60	7210
60	7216
60	7219
60	7220
60	7224
60	7253
60	7258
60	7259
60	7265
60	7273
60	7283
60	7284
60	7303
60	7315
60	7328
60	7330
60	7337
60	7342
60	7376
60	7377
60	7391
60	7395
60	7399
60	7402
60	7403
60	7419
60	7425
60	7429
60	7448
60	7459
60	7472
60	7476
60	7495
60	7508
60	7510
60	7512
60	7513
60	7528
60	7537
60	7538
60	7550
60	7564
60	7565
60	7567
60	7574
60	7578
60	7593
60	7610
60	7620
60	7630
60	7645
60	7648
60	7653
60	7655
60	7665
60	7672
60	7701
60	7738
60	7747
60	7762
60	7764
60	7775
60	7829
60	7835
60	7842
60	7856
60	7857
60	7860
60	7867
60	7872
60	7873
60	7876
60	7883
60	7888
60	7911
60	7942
60	7961
60	7966
60	7969
60	7975
60	7990
60	7994
60	8000
60	8013
60	8020
60	8026
60	8037
60	8041
60	8062
60	8063
60	8070
60	8080
60	8082
60	8092
60	8100
60	8103
60	8142
60	8151
60	8152
60	8164
60	8183
60	8186
60	8198
60	8216
60	8218
60	8223
60	8232
60	8234
60	8249
60	8256
60	8261
60	8271
60	8289
60	8305
60	8312
60	8313
60	8322
60	8331
60	8342
60	8373
60	8380
60	8383
60	8384
60	8386
60	8392
60	8399
60	8404
60	8414
60	8415
60	8417
60	8432
60	8433
60	8446
60	8453
60	8480
60	8500
60	8501
60	8509
60	8513
60	8521
60	8522
60	8536
60	8553
60	8554
60	8555
60	8559
60	8574
60	8579
60	8608
60	8610
60	8619
60	8635
60	8639
60	8657
60	8658
60	8699
60	8704
60	8736
60	8744
60	8756
60	8762
60	8768
60	8792
60	8793
60	8798
60	8804
60	8805
60	8821
60	8825
60	8826
60	8831
60	8862
60	8867
60	8881
60	8885
60	8890
60	8930
60	8939
60	8949
60	8962
60	8969
60	8973
60	8974
60	8991
60	8998
60	9004
60	9009
60	9024
60	9032
60	9034
60	9037
60	9041
60	9049
60	9050
60	9055
60	9062
60	9065
60	9070
60	9077
60	9081
60	9101
60	9102
60	9106
60	9108
60	9135
60	9138
60	9143
60	9149
60	9151
60	9157
60	9183
60	9198
60	9199
60	9201
60	9213
60	9223
60	9230
60	9236
60	9244
60	9290
60	9294
60	9297
60	9311
60	9314
60	9316
60	9328
60	9342
60	9358
60	9361
60	9363
60	9368
60	9395
60	9396
60	9402
60	9409
60	9410
60	9414
60	9422
60	9427
60	9468
60	9474
60	9475
60	9477
60	9479
60	9514
60	9537
60	9553
60	9558
60	9568
60	9586
60	9599
60	9601
60	9605
60	9625
60	9635
60	9655
60	9677
60	9683
60	9695
60	9696
60	9700
60	9707
60	9709
60	9711
60	9738
60	9740
60	9743
60	9745
60	9768
60	9794
60	9829
60	9836
60	9839
60	9868
60	9881
60	9918
60	9932
60	9939
60	9940
60	9953
60	9966
60	9969
60	9978
60	9981
60	9982
60	9983
60	9987
60	9994
61	8
61	22
61	26
61	27
61	29
61	30
61	47
61	59
61	63
61	86
61	108
61	118
61	121
61	122
61	126
61	127
61	133
61	137
61	149
61	154
61	156
61	164
61	169
61	172
61	182
61	204
61	210
61	213
61	215
61	217
61	228
61	242
61	258
61	273
61	280
61	295
61	301
61	302
61	311
61	316
61	333
61	352
61	379
61	388
61	389
61	393
61	395
61	403
61	410
61	413
61	419
61	433
61	435
61	448
61	452
61	466
61	470
61	475
61	478
61	493
61	501
61	503
61	512
61	513
61	516
61	518
61	521
61	535
61	549
61	562
61	565
61	567
61	570
61	583
61	592
61	595
61	600
61	604
61	617
61	621
61	622
61	625
61	630
61	642
61	652
61	663
61	685
61	686
61	692
61	695
61	696
61	702
61	718
61	721
61	723
61	724
61	734
61	735
61	743
61	756
61	757
61	761
61	763
61	769
61	776
61	788
61	789
61	802
61	812
61	814
61	816
61	818
61	819
61	829
61	838
61	841
61	855
61	864
61	866
61	871
61	879
61	886
61	898
61	899
61	900
61	907
61	910
61	911
61	927
61	931
61	943
61	946
61	952
61	955
61	958
61	960
61	962
61	983
61	992
61	997
61	1005
61	1006
61	1007
61	1010
61	1015
61	1025
61	1031
61	1037
61	1038
61	1040
61	1043
61	1044
61	1055
61	1062
61	1068
61	1082
61	1083
61	1101
61	1109
61	1110
61	1111
61	1116
61	1123
61	1133
61	1147
61	1155
61	1159
61	1160
61	1163
61	1169
61	1174
61	1195
61	1199
61	1203
61	1208
61	1220
61	1221
61	1230
61	1240
61	1247
61	1248
61	1252
61	1259
61	1270
61	1271
61	1275
61	1276
61	1286
61	1288
61	1293
61	1298
61	1303
61	1315
61	1320
61	1323
61	1328
61	1330
61	1336
61	1349
61	1366
61	1372
61	1373
61	1383
61	1389
61	1394
61	1413
61	1423
61	1444
61	1455
61	1459
61	1465
61	1477
61	1498
61	1516
61	1523
61	1524
61	1526
61	1575
61	1584
61	1588
61	1593
61	1600
61	1606
61	1619
61	1622
61	1624
61	1625
61	1641
61	1646
61	1651
61	1658
61	1671
61	1675
61	1694
61	1699
61	1708
61	1712
61	1717
61	1718
61	1719
61	1725
61	1757
61	1765
61	1783
61	1785
61	1787
61	1794
61	1806
61	1819
61	1823
61	1831
61	1843
61	1850
61	1852
61	1859
61	1863
61	1865
61	1866
61	1877
61	1887
61	1892
61	1900
61	1903
61	1912
61	1913
61	1916
61	1925
61	1928
61	1945
61	1946
61	1957
61	1960
61	1966
61	1970
61	1987
61	1990
61	2010
61	2024
61	2029
61	2035
61	2037
61	2049
61	2058
61	2059
61	2085
61	2093
61	2101
61	2105
61	2106
61	2125
61	2127
61	2129
61	2135
61	2146
61	2168
61	2169
61	2179
61	2186
61	2190
61	2195
61	2199
61	2215
61	2221
61	2228
61	2230
61	2234
61	2240
61	2241
61	2249
61	2263
61	2267
61	2270
61	2272
61	2276
61	2282
61	2285
61	2297
61	2306
61	2317
61	2325
61	2331
61	2351
61	2352
61	2354
61	2358
61	2371
61	2377
61	2379
61	2385
61	2389
61	2394
61	2407
61	2411
61	2428
61	2429
61	2430
61	2436
61	2439
61	2440
61	2443
61	2452
61	2458
61	2460
61	2463
61	2465
61	2478
61	2507
61	2511
61	2514
61	2518
61	2522
61	2527
61	2532
61	2534
61	2535
61	2548
61	2551
61	2570
61	2572
61	2574
61	2579
61	2586
61	2591
61	2594
61	2599
61	2609
61	2639
61	2640
61	2642
61	2651
61	2653
61	2659
61	2665
61	2666
61	2670
61	2677
61	2678
61	2683
61	2689
61	2691
61	2700
61	2708
61	2715
61	2723
61	2725
61	2753
61	2758
61	2759
61	2762
61	2771
61	2773
61	2778
61	2787
61	2817
61	2848
61	2866
61	2868
61	2878
61	2879
61	2883
61	2884
61	2893
61	2913
61	2914
61	2924
61	2935
61	2942
61	2954
61	2971
61	2973
61	2988
61	3001
61	3011
61	3014
61	3030
61	3047
61	3051
61	3067
61	3091
61	3098
61	3100
61	3102
61	3105
61	3114
61	3119
61	3121
61	3125
61	3126
61	3140
61	3142
61	3143
61	3149
61	3151
61	3169
61	3173
61	3174
61	3180
61	3182
61	3183
61	3189
61	3190
61	3206
61	3209
61	3223
61	3229
61	3234
61	3236
61	3243
61	3247
61	3252
61	3254
61	3261
61	3262
61	3263
61	3268
61	3291
61	3298
61	3301
61	3305
61	3309
61	3310
61	3320
61	3322
61	3330
61	3332
61	3333
61	3335
61	3337
61	3345
61	3356
61	3367
61	3378
61	3383
61	3404
61	3410
61	3418
61	3419
61	3424
61	3440
61	3446
61	3464
61	3469
61	3474
61	3487
61	3489
61	3497
61	3509
61	3517
61	3520
61	3521
61	3526
61	3528
61	3540
61	3577
61	3584
61	3587
61	3589
61	3593
61	3597
61	3608
61	3611
61	3638
61	3642
61	3644
61	3652
61	3657
61	3662
61	3665
61	3682
61	3690
61	3694
61	3701
61	3712
61	3714
61	3729
61	3733
61	3744
61	3753
61	3772
61	3787
61	3804
61	3805
61	3813
61	3817
61	3823
61	3840
61	3855
61	3860
61	3864
61	3868
61	3876
61	3891
61	3892
61	3897
61	3901
61	3921
61	3924
61	3927
61	3942
61	3950
61	3953
61	3969
61	3988
61	3990
61	4010
61	4017
61	4019
61	4023
61	4040
61	4042
61	4064
61	4065
61	4067
61	4068
61	4080
61	4099
61	4103
61	4107
61	4108
61	4130
61	4144
61	4145
61	4147
61	4148
61	4150
61	4152
61	4154
61	4157
61	4163
61	4168
61	4172
61	4175
61	4192
61	4195
61	4199
61	4201
61	4206
61	4218
61	4220
61	4223
61	4224
61	4229
61	4231
61	4236
61	4243
61	4245
61	4256
61	4267
61	4288
61	4294
61	4303
61	4305
61	4309
61	4314
61	4317
61	4324
61	4333
61	4343
61	4344
61	4350
61	4361
61	4362
61	4369
61	4374
61	4375
61	4386
61	4391
61	4415
61	4416
61	4424
61	4426
61	4449
61	4471
61	4475
61	4481
61	4490
61	4495
61	4500
61	4519
61	4522
61	4523
61	4525
61	4527
61	4528
61	4529
61	4530
61	4540
61	4541
61	4544
61	4549
61	4557
61	4562
61	4577
61	4587
61	4590
61	4622
61	4633
61	4639
61	4642
61	4649
61	4654
61	4659
61	4662
61	4664
61	4687
61	4713
61	4722
61	4738
61	4739
61	4741
61	4751
61	4762
61	4763
61	4781
61	4790
61	4792
61	4796
61	4804
61	4811
61	4820
61	4825
61	4836
61	4856
61	4864
61	4873
61	4881
61	4885
61	4887
61	4888
61	4889
61	4894
61	4897
61	4913
61	4922
61	4953
61	4961
61	4974
61	4983
61	4991
61	5003
61	5005
61	5009
61	5010
61	5012
61	5026
61	5048
61	5062
61	5064
61	5069
61	5070
61	5071
61	5075
61	5076
61	5081
61	5086
61	5103
61	5105
61	5107
61	5108
61	5112
61	5121
61	5122
61	5123
61	5126
61	5136
61	5137
61	5146
61	5156
61	5171
61	5177
61	5187
61	5188
61	5194
61	5195
61	5200
61	5203
61	5219
61	5243
61	5245
61	5248
61	5262
61	5269
61	5270
61	5273
61	5275
61	5281
61	5298
61	5303
61	5309
61	5317
61	5323
61	5325
61	5330
61	5335
61	5341
61	5345
61	5346
61	5356
61	5368
61	5381
61	5383
61	5386
61	5406
61	5407
61	5413
61	5415
61	5418
61	5430
61	5449
61	5451
61	5455
61	5463
61	5482
61	5523
61	5549
61	5569
61	5580
61	5597
61	5603
61	5623
61	5642
61	5645
61	5649
61	5661
61	5670
61	5696
61	5697
61	5714
61	5725
61	5732
61	5735
61	5747
61	5750
61	5755
61	5768
61	5778
61	5779
61	5799
61	5801
61	5803
61	5805
61	5813
61	5818
61	5819
61	5864
61	5872
61	5876
61	5885
61	5887
61	5891
61	5898
61	5899
61	5902
61	5906
61	5935
61	5954
61	5955
61	5966
61	5973
61	5976
61	5978
61	5995
61	6019
61	6023
61	6033
61	6037
61	6040
61	6042
61	6043
61	6054
61	6072
61	6080
61	6087
61	6101
61	6118
61	6127
61	6135
61	6137
61	6149
61	6158
61	6178
61	6204
61	6209
61	6239
61	6241
61	6244
61	6247
61	6252
61	6270
61	6277
61	6278
61	6297
61	6300
61	6306
61	6315
61	6330
61	6342
61	6349
61	6350
61	6368
61	6386
61	6395
61	6398
61	6401
61	6407
61	6408
61	6417
61	6451
61	6455
61	6461
61	6481
61	6486
61	6499
61	6515
61	6521
61	6522
61	6529
61	6534
61	6535
61	6552
61	6562
61	6563
61	6566
61	6570
61	6576
61	6583
61	6592
61	6605
61	6618
61	6622
61	6623
61	6624
61	6626
61	6634
61	6645
61	6651
61	6667
61	6671
61	6673
61	6682
61	6683
61	6692
61	6698
61	6701
61	6704
61	6705
61	6706
61	6715
61	6719
61	6724
61	6729
61	6743
61	6752
61	6754
61	6756
61	6774
61	6777
61	6784
61	6786
61	6790
61	6794
61	6796
61	6800
61	6809
61	6813
61	6821
61	6823
61	6831
61	6833
61	6849
61	6854
61	6855
61	6864
61	6865
61	6878
61	6881
61	6882
61	6894
61	6897
61	6912
61	6915
61	6916
61	6935
61	6943
61	6955
61	6959
61	6974
61	6979
61	6994
61	7009
61	7011
61	7014
61	7019
61	7022
61	7030
61	7045
61	7052
61	7054
61	7056
61	7072
61	7095
61	7098
61	7101
61	7104
61	7118
61	7126
61	7131
61	7137
61	7139
61	7141
61	7153
61	7169
61	7177
61	7198
61	7202
61	7203
61	7206
61	7217
61	7232
61	7239
61	7252
61	7286
61	7287
61	7288
61	7289
61	7290
61	7291
61	7307
61	7311
61	7312
61	7333
61	7334
61	7346
61	7365
61	7390
61	7397
61	7408
61	7417
61	7422
61	7439
61	7442
61	7443
61	7460
61	7470
61	7489
61	7505
61	7506
61	7514
61	7520
61	7543
61	7544
61	7549
61	7552
61	7553
61	7554
61	7557
61	7575
61	7576
61	7586
61	7592
61	7594
61	7596
61	7599
61	7607
61	7611
61	7629
61	7639
61	7640
61	7652
61	7659
61	7669
61	7671
61	7673
61	7674
61	7682
61	7688
61	7702
61	7704
61	7710
61	7726
61	7740
61	7742
61	7751
61	7753
61	7759
61	7772
61	7776
61	7777
61	7784
61	7795
61	7803
61	7806
61	7820
61	7828
61	7834
61	7839
61	7845
61	7854
61	7859
61	7861
61	7866
61	7877
61	7881
61	7899
61	7900
61	7909
61	7913
61	7926
61	7928
61	7930
61	7940
61	7955
61	7977
61	7985
61	7988
61	7996
61	8015
61	8022
61	8025
61	8031
61	8038
61	8045
61	8060
61	8074
61	8085
61	8087
61	8088
61	8101
61	8114
61	8125
61	8135
61	8158
61	8163
61	8173
61	8181
61	8187
61	8204
61	8224
61	8228
61	8233
61	8235
61	8243
61	8247
61	8253
61	8257
61	8275
61	8277
61	8282
61	8285
61	8294
61	8296
61	8302
61	8309
61	8316
61	8330
61	8333
61	8334
61	8337
61	8350
61	8361
61	8371
61	8382
61	8413
61	8418
61	8422
61	8430
61	8434
61	8445
61	8458
61	8463
61	8464
61	8467
61	8473
61	8483
61	8488
61	8499
61	8514
61	8517
61	8526
61	8528
61	8537
61	8539
61	8542
61	8547
61	8549
61	8558
61	8566
61	8567
61	8568
61	8581
61	8586
61	8592
61	8599
61	8620
61	8631
61	8636
61	8640
61	8642
61	8654
61	8655
61	8669
61	8673
61	8676
61	8678
61	8688
61	8709
61	8710
61	8718
61	8722
61	8726
61	8730
61	8732
61	8734
61	8737
61	8738
61	8757
61	8771
61	8772
61	8776
61	8778
61	8780
61	8783
61	8797
61	8799
61	8811
61	8832
61	8835
61	8841
61	8842
61	8844
61	8856
61	8859
61	8860
61	8870
61	8873
61	8879
61	8884
61	8889
61	8905
61	8922
61	8935
61	8938
61	8947
61	8954
61	8957
61	8958
61	8964
61	8971
61	8977
61	8979
61	8982
61	8986
61	9011
61	9016
61	9020
61	9030
61	9035
61	9039
61	9045
61	9058
61	9059
61	9064
61	9068
61	9071
61	9076
61	9085
61	9086
61	9091
61	9094
61	9103
61	9113
61	9117
61	9127
61	9153
61	9163
61	9169
61	9178
61	9194
61	9219
61	9220
61	9221
61	9222
61	9245
61	9247
61	9249
61	9253
61	9266
61	9270
61	9276
61	9279
61	9283
61	9295
61	9336
61	9346
61	9356
61	9360
61	9362
61	9371
61	9376
61	9382
61	9386
61	9393
61	9405
61	9407
61	9426
61	9430
61	9442
61	9447
61	9448
61	9454
61	9457
61	9458
61	9459
61	9463
61	9465
61	9470
61	9484
61	9492
61	9496
61	9506
61	9513
61	9524
61	9530
61	9534
61	9535
61	9536
61	9548
61	9561
61	9569
61	9573
61	9579
61	9587
61	9589
61	9595
61	9598
61	9606
61	9607
61	9616
61	9627
61	9630
61	9641
61	9645
61	9647
61	9648
61	9651
61	9652
61	9656
61	9660
61	9662
61	9670
61	9675
61	9676
61	9679
61	9687
61	9688
61	9692
61	9698
61	9705
61	9712
61	9716
61	9717
61	9727
61	9728
61	9731
61	9748
61	9753
61	9759
61	9775
61	9777
61	9779
61	9791
61	9801
61	9813
61	9814
61	9815
61	9832
61	9842
61	9843
61	9859
61	9860
61	9871
61	9876
61	9884
61	9892
61	9907
61	9908
61	9920
61	9922
61	9923
61	9926
61	9929
61	9937
61	9943
61	9961
61	9976
61	9984
62	7
62	13
62	28
62	31
62	39
62	43
62	48
62	64
62	65
62	91
62	95
62	107
62	120
62	153
62	157
62	158
62	159
62	166
62	189
62	194
62	195
62	238
62	245
62	248
62	249
62	255
62	260
62	261
62	262
62	265
62	270
62	271
62	272
62	277
62	319
62	323
62	324
62	330
62	339
62	346
62	355
62	359
62	364
62	371
62	398
62	400
62	402
62	414
62	423
62	426
62	439
62	442
62	444
62	449
62	460
62	474
62	477
62	487
62	495
62	502
62	504
62	507
62	509
62	510
62	514
62	522
62	529
62	531
62	539
62	547
62	557
62	558
62	563
62	573
62	585
62	588
62	590
62	594
62	597
62	602
62	606
62	639
62	658
62	668
62	669
62	675
62	677
62	688
62	691
62	712
62	717
62	729
62	732
62	733
62	739
62	744
62	751
62	752
62	754
62	758
62	780
62	783
62	786
62	787
62	795
62	813
62	815
62	834
62	835
62	837
62	845
62	850
62	874
62	877
62	887
62	901
62	904
62	905
62	923
62	924
62	930
62	932
62	937
62	945
62	963
62	966
62	973
62	990
62	1004
62	1009
62	1023
62	1028
62	1030
62	1034
62	1059
62	1065
62	1086
62	1094
62	1097
62	1098
62	1108
62	1132
62	1135
62	1143
62	1149
62	1157
62	1167
62	1177
62	1178
62	1183
62	1194
62	1210
62	1217
62	1232
62	1239
62	1250
62	1251
62	1254
62	1262
62	1264
62	1268
62	1269
62	1278
62	1281
62	1285
62	1289
62	1292
62	1300
62	1304
62	1306
62	1317
62	1321
62	1326
62	1331
62	1345
62	1348
62	1354
62	1357
62	1358
62	1367
62	1368
62	1374
62	1384
62	1392
62	1404
62	1418
62	1419
62	1434
62	1436
62	1437
62	1464
62	1468
62	1481
62	1483
62	1486
62	1495
62	1496
62	1507
62	1511
62	1519
62	1530
62	1539
62	1545
62	1557
62	1560
62	1564
62	1569
62	1578
62	1589
62	1602
62	1626
62	1633
62	1647
62	1650
62	1652
62	1656
62	1672
62	1677
62	1684
62	1688
62	1689
62	1697
62	1701
62	1735
62	1741
62	1742
62	1744
62	1760
62	1763
62	1764
62	1769
62	1782
62	1788
62	1793
62	1807
62	1820
62	1821
62	1822
62	1828
62	1833
62	1842
62	1845
62	1857
62	1858
62	1861
62	1864
62	1870
62	1874
62	1883
62	1901
62	1908
62	1915
62	1917
62	1918
62	1924
62	1934
62	1935
62	1950
62	1952
62	1958
62	1979
62	1986
62	1994
62	1998
62	2003
62	2004
62	2011
62	2015
62	2022
62	2048
62	2050
62	2090
62	2094
62	2096
62	2099
62	2103
62	2109
62	2113
62	2133
62	2140
62	2142
62	2145
62	2156
62	2166
62	2177
62	2178
62	2180
62	2181
62	2192
62	2214
62	2216
62	2220
62	2233
62	2238
62	2242
62	2258
62	2260
62	2266
62	2277
62	2291
62	2292
62	2315
62	2319
62	2329
62	2342
62	2345
62	2349
62	2360
62	2365
62	2369
62	2370
62	2380
62	2383
62	2400
62	2408
62	2410
62	2424
62	2426
62	2435
62	2455
62	2462
62	2466
62	2474
62	2475
62	2487
62	2492
62	2501
62	2536
62	2542
62	2558
62	2577
62	2588
62	2598
62	2607
62	2619
62	2626
62	2631
62	2655
62	2658
62	2661
62	2663
62	2668
62	2680
62	2681
62	2684
62	2692
62	2699
62	2702
62	2703
62	2714
62	2727
62	2740
62	2749
62	2750
62	2766
62	2776
62	2777
62	2784
62	2789
62	2806
62	2810
62	2816
62	2821
62	2826
62	2845
62	2847
62	2853
62	2854
62	2860
62	2867
62	2872
62	2880
62	2885
62	2894
62	2900
62	2905
62	2911
62	2925
62	2929
62	2939
62	2944
62	2953
62	2955
62	2961
62	2968
62	2972
62	2989
62	2991
62	3000
62	3008
62	3022
62	3023
62	3028
62	3029
62	3040
62	3055
62	3057
62	3058
62	3082
62	3094
62	3095
62	3101
62	3109
62	3111
62	3123
62	3129
62	3138
62	3147
62	3154
62	3155
62	3157
62	3158
62	3163
62	3164
62	3167
62	3171
62	3175
62	3186
62	3193
62	3200
62	3203
62	3207
62	3213
62	3216
62	3224
62	3239
62	3255
62	3266
62	3278
62	3280
62	3293
62	3311
62	3315
62	3327
62	3331
62	3362
62	3363
62	3365
62	3368
62	3371
62	3381
62	3384
62	3399
62	3407
62	3422
62	3430
62	3433
62	3436
62	3437
62	3439
62	3441
62	3450
62	3457
62	3460
62	3471
62	3476
62	3491
62	3494
62	3499
62	3504
62	3505
62	3510
62	3515
62	3522
62	3538
62	3539
62	3553
62	3556
62	3562
62	3568
62	3580
62	3595
62	3601
62	3606
62	3610
62	3612
62	3614
62	3619
62	3632
62	3635
62	3640
62	3647
62	3673
62	3674
62	3680
62	3691
62	3718
62	3721
62	3724
62	3740
62	3769
62	3773
62	3776
62	3788
62	3789
62	3819
62	3821
62	3831
62	3847
62	3856
62	3883
62	3893
62	3905
62	3910
62	3911
62	3919
62	3922
62	3928
62	3939
62	3940
62	3956
62	3961
62	3973
62	3974
62	3977
62	3981
62	3991
62	3994
62	4008
62	4032
62	4035
62	4037
62	4038
62	4049
62	4054
62	4056
62	4061
62	4076
62	4082
62	4084
62	4085
62	4115
62	4116
62	4119
62	4134
62	4135
62	4146
62	4178
62	4190
62	4210
62	4232
62	4238
62	4239
62	4252
62	4269
62	4283
62	4299
62	4301
62	4312
62	4319
62	4322
62	4326
62	4352
62	4354
62	4357
62	4359
62	4365
62	4372
62	4381
62	4387
62	4388
62	4392
62	4393
62	4395
62	4407
62	4413
62	4430
62	4433
62	4436
62	4439
62	4440
62	4441
62	4443
62	4453
62	4454
62	4463
62	4494
62	4502
62	4503
62	4506
62	4508
62	4511
62	4517
62	4538
62	4548
62	4551
62	4559
62	4566
62	4569
62	4571
62	4573
62	4598
62	4604
62	4607
62	4614
62	4618
62	4621
62	4625
62	4636
62	4637
62	4638
62	4648
62	4652
62	4658
62	4670
62	4673
62	4681
62	4688
62	4693
62	4695
62	4700
62	4701
62	4706
62	4708
62	4716
62	4719
62	4721
62	4723
62	4726
62	4728
62	4730
62	4732
62	4734
62	4749
62	4752
62	4756
62	4761
62	4765
62	4767
62	4783
62	4789
62	4793
62	4794
62	4797
62	4798
62	4803
62	4813
62	4817
62	4823
62	4830
62	4833
62	4841
62	4842
62	4850
62	4853
62	4867
62	4872
62	4874
62	4876
62	4878
62	4882
62	4883
62	4884
62	4896
62	4900
62	4909
62	4911
62	4915
62	4941
62	4943
62	4950
62	4962
62	4965
62	4972
62	4976
62	4996
62	4998
62	5004
62	5006
62	5015
62	5019
62	5023
62	5025
62	5031
62	5047
62	5051
62	5054
62	5056
62	5065
62	5066
62	5089
62	5093
62	5100
62	5106
62	5114
62	5128
62	5132
62	5133
62	5140
62	5149
62	5157
62	5179
62	5181
62	5183
62	5185
62	5197
62	5205
62	5208
62	5223
62	5233
62	5250
62	5260
62	5265
62	5272
62	5278
62	5283
62	5284
62	5293
62	5294
62	5308
62	5326
62	5331
62	5347
62	5350
62	5357
62	5365
62	5372
62	5390
62	5397
62	5420
62	5426
62	5433
62	5444
62	5457
62	5483
62	5486
62	5496
62	5501
62	5507
62	5512
62	5518
62	5521
62	5526
62	5527
62	5541
62	5542
62	5547
62	5554
62	5559
62	5563
62	5585
62	5595
62	5604
62	5608
62	5624
62	5631
62	5640
62	5673
62	5680
62	5681
62	5691
62	5707
62	5710
62	5715
62	5719
62	5728
62	5731
62	5744
62	5753
62	5758
62	5775
62	5776
62	5777
62	5784
62	5785
62	5794
62	5797
62	5823
62	5830
62	5832
62	5853
62	5855
62	5856
62	5862
62	5869
62	5873
62	5879
62	5881
62	5900
62	5907
62	5913
62	5944
62	5953
62	5961
62	5970
62	5980
62	5984
62	5992
62	6000
62	6003
62	6015
62	6017
62	6022
62	6025
62	6035
62	6060
62	6061
62	6069
62	6082
62	6090
62	6095
62	6100
62	6102
62	6126
62	6140
62	6147
62	6156
62	6162
62	6164
62	6166
62	6168
62	6169
62	6173
62	6175
62	6177
62	6181
62	6198
62	6202
62	6206
62	6208
62	6210
62	6232
62	6234
62	6238
62	6254
62	6267
62	6272
62	6281
62	6283
62	6305
62	6320
62	6351
62	6353
62	6356
62	6364
62	6381
62	6385
62	6393
62	6400
62	6404
62	6409
62	6420
62	6425
62	6431
62	6432
62	6435
62	6441
62	6445
62	6462
62	6480
62	6497
62	6505
62	6526
62	6532
62	6533
62	6541
62	6551
62	6554
62	6603
62	6604
62	6606
62	6621
62	6632
62	6640
62	6674
62	6703
62	6709
62	6714
62	6718
62	6721
62	6722
62	6727
62	6735
62	6738
62	6741
62	6746
62	6747
62	6748
62	6758
62	6763
62	6764
62	6775
62	6781
62	6793
62	6799
62	6804
62	6807
62	6816
62	6818
62	6828
62	6832
62	6838
62	6839
62	6842
62	6866
62	6867
62	6871
62	6873
62	6885
62	6896
62	6902
62	6919
62	6921
62	6936
62	6939
62	6942
62	6948
62	6952
62	6958
62	6962
62	6967
62	6968
62	6975
62	6981
62	6985
62	6988
62	6995
62	7002
62	7003
62	7008
62	7024
62	7025
62	7059
62	7077
62	7089
62	7091
62	7107
62	7110
62	7115
62	7120
62	7123
62	7134
62	7145
62	7146
62	7159
62	7160
62	7195
62	7200
62	7221
62	7225
62	7227
62	7247
62	7266
62	7278
62	7316
62	7317
62	7318
62	7329
62	7338
62	7345
62	7347
62	7352
62	7364
62	7371
62	7375
62	7385
62	7394
62	7406
62	7416
62	7421
62	7436
62	7450
62	7458
62	7474
62	7478
62	7493
62	7494
62	7515
62	7521
62	7540
62	7547
62	7558
62	7563
62	7601
62	7638
62	7649
62	7663
62	7678
62	7679
62	7694
62	7697
62	7698
62	7707
62	7709
62	7716
62	7724
62	7727
62	7729
62	7737
62	7739
62	7748
62	7750
62	7755
62	7760
62	7765
62	7773
62	7792
62	7800
62	7801
62	7804
62	7818
62	7830
62	7840
62	7879
62	7885
62	7891
62	7896
62	7912
62	7927
62	7938
62	7941
62	7943
62	7952
62	7957
62	7968
62	7982
62	7986
62	7993
62	7998
62	8001
62	8028
62	8052
62	8055
62	8057
62	8059
62	8069
62	8081
62	8084
62	8094
62	8104
62	8109
62	8119
62	8123
62	8129
62	8133
62	8143
62	8144
62	8156
62	8165
62	8171
62	8178
62	8188
62	8202
62	8206
62	8210
62	8222
62	8241
62	8265
62	8266
62	8279
62	8290
62	8297
62	8299
62	8300
62	8310
62	8311
62	8318
62	8323
62	8325
62	8326
62	8328
62	8345
62	8353
62	8359
62	8362
62	8368
62	8387
62	8390
62	8396
62	8409
62	8416
62	8425
62	8431
62	8444
62	8450
62	8454
62	8461
62	8471
62	8472
62	8482
62	8487
62	8498
62	8502
62	8503
62	8520
62	8532
62	8534
62	8538
62	8560
62	8562
62	8563
62	8565
62	8582
62	8594
62	8598
62	8612
62	8614
62	8616
62	8625
62	8627
62	8628
62	8641
62	8643
62	8647
62	8651
62	8652
62	8662
62	8674
62	8680
62	8686
62	8689
62	8698
62	8714
62	8716
62	8720
62	8731
62	8741
62	8743
62	8746
62	8748
62	8751
62	8758
62	8759
62	8766
62	8767
62	8774
62	8779
62	8794
62	8806
62	8810
62	8812
62	8830
62	8851
62	8891
62	8894
62	8899
62	8901
62	8906
62	8908
62	8910
62	8915
62	8934
62	8936
62	8983
62	8985
62	8988
62	8989
62	9012
62	9017
62	9023
62	9026
62	9040
62	9042
62	9044
62	9051
62	9066
62	9075
62	9088
62	9098
62	9105
62	9109
62	9121
62	9137
62	9140
62	9180
62	9196
62	9205
62	9208
62	9212
62	9215
62	9218
62	9231
62	9237
62	9242
62	9243
62	9251
62	9257
62	9274
62	9275
62	9284
62	9299
62	9304
62	9317
62	9322
62	9337
62	9345
62	9350
62	9364
62	9365
62	9367
62	9372
62	9373
62	9390
62	9394
62	9401
62	9404
62	9408
62	9415
62	9417
62	9421
62	9425
62	9432
62	9443
62	9446
62	9451
62	9456
62	9467
62	9469
62	9480
62	9516
62	9523
62	9527
62	9543
62	9545
62	9566
62	9567
62	9572
62	9575
62	9576
62	9594
62	9610
62	9631
62	9650
62	9678
62	9681
62	9684
62	9691
62	9715
62	9726
62	9739
62	9742
62	9744
62	9751
62	9765
62	9780
62	9793
62	9795
62	9808
62	9816
62	9821
62	9824
62	9830
62	9840
62	9845
62	9854
62	9872
62	9873
62	9903
62	9915
62	9936
62	9946
62	9947
62	9988
62	9992
62	9995
63	2
63	20
63	36
63	44
63	51
63	52
63	53
63	57
63	61
63	70
63	72
63	75
63	85
63	125
63	140
63	145
63	173
63	175
63	178
63	190
63	212
63	218
63	227
63	230
63	268
63	269
63	314
63	318
63	321
63	329
63	332
63	344
63	347
63	363
63	381
63	385
63	390
63	394
63	430
63	440
63	453
63	457
63	479
63	490
63	499
63	508
63	525
63	550
63	593
63	598
63	627
63	635
63	638
63	655
63	667
63	670
63	680
63	681
63	689
63	698
63	709
63	727
63	745
63	747
63	764
63	771
63	772
63	793
63	806
63	820
63	831
63	844
63	848
63	849
63	853
63	858
63	889
63	896
63	912
63	918
63	919
63	925
63	933
63	947
63	948
63	953
63	968
63	981
63	994
63	1017
63	1018
63	1020
63	1022
63	1052
63	1058
63	1063
63	1069
63	1077
63	1078
63	1081
63	1084
63	1087
63	1091
63	1145
63	1168
63	1170
63	1181
63	1191
63	1207
63	1214
63	1215
63	1225
63	1243
63	1249
63	1282
63	1287
63	1296
63	1314
63	1316
63	1329
63	1344
63	1362
63	1391
63	1398
63	1411
63	1415
63	1416
63	1422
63	1431
63	1452
63	1484
63	1489
63	1490
63	1494
63	1512
63	1518
63	1547
63	1581
63	1608
63	1609
63	1610
63	1617
63	1623
63	1627
63	1629
63	1638
63	1653
63	1655
63	1663
63	1690
63	1723
63	1740
63	1775
63	1776
63	1808
63	1817
63	1825
63	1832
63	1849
63	1871
63	1890
63	1894
63	1895
63	1911
63	1914
63	1926
63	1929
63	1936
63	1937
63	1959
63	1973
63	1975
63	1977
63	1980
63	1993
63	2034
63	2046
63	2051
63	2076
63	2077
63	2080
63	2115
63	2117
63	2119
63	2139
63	2163
63	2170
63	2173
63	2182
63	2193
63	2194
63	2200
63	2202
63	2204
63	2207
63	2219
63	2227
63	2229
63	2235
63	2243
63	2269
63	2271
63	2274
63	2275
63	2286
63	2303
63	2309
63	2312
63	2321
63	2323
63	2324
63	2328
63	2337
63	2340
63	2361
63	2372
63	2399
63	2414
63	2432
63	2454
63	2476
63	2477
63	2497
63	2499
63	2502
63	2503
63	2515
63	2516
63	2547
63	2569
63	2585
63	2606
63	2612
63	2615
63	2616
63	2623
63	2625
63	2627
63	2629
63	2637
63	2643
63	2648
63	2649
63	2650
63	2652
63	2669
63	2682
63	2686
63	2694
63	2782
63	2786
63	2793
63	2798
63	2800
63	2801
63	2808
63	2812
63	2820
63	2823
63	2829
63	2832
63	2843
63	2844
63	2849
63	2865
63	2892
63	2906
63	2921
63	2928
63	2930
63	2940
63	2951
63	2963
63	2967
63	2995
63	2997
63	3009
63	3043
63	3045
63	3054
63	3056
63	3059
63	3070
63	3078
63	3081
63	3097
63	3113
63	3127
63	3131
63	3153
63	3160
63	3168
63	3196
63	3237
63	3244
63	3274
63	3303
63	3307
63	3312
63	3316
63	3319
63	3343
63	3358
63	3369
63	3370
63	3375
63	3379
63	3385
63	3389
63	3402
63	3413
63	3416
63	3417
63	3428
63	3470
63	3490
63	3495
63	3496
63	3516
63	3532
63	3534
63	3545
63	3552
63	3560
63	3561
63	3588
63	3590
63	3591
63	3592
63	3602
63	3620
63	3623
63	3624
63	3650
63	3664
63	3666
63	3670
63	3678
63	3697
63	3698
63	3713
63	3725
63	3730
63	3734
63	3737
63	3747
63	3760
63	3761
63	3770
63	3779
63	3782
63	3783
63	3791
63	3792
63	3814
63	3824
63	3839
63	3846
63	3858
63	3890
63	3929
63	3937
63	3946
63	3952
63	3955
63	3971
63	3987
63	3998
63	4012
63	4022
63	4057
63	4058
63	4070
63	4091
63	4096
63	4105
63	4106
63	4113
63	4114
63	4129
63	4132
63	4142
63	4160
63	4170
63	4179
63	4180
63	4207
63	4209
63	4213
63	4227
63	4241
63	4253
63	4258
63	4266
63	4274
63	4306
63	4332
63	4336
63	4337
63	4345
63	4346
63	4353
63	4358
63	4363
63	4367
63	4370
63	4378
63	4389
63	4410
63	4421
63	4429
63	4472
63	4478
63	4487
63	4512
63	4543
63	4564
63	4565
63	4570
63	4592
63	4606
63	4627
63	4628
63	4630
63	4655
63	4704
63	4712
63	4724
63	4744
63	4775
63	4784
63	4787
63	4791
63	4802
63	4806
63	4818
63	4819
63	4828
63	4831
63	4860
63	4869
63	4923
63	4925
63	4948
63	4959
63	4968
63	4982
63	4987
63	4988
63	4992
63	4994
63	5007
63	5014
63	5030
63	5032
63	5041
63	5042
63	5059
63	5060
63	5079
63	5090
63	5096
63	5097
63	5099
63	5101
63	5102
63	5109
63	5130
63	5148
63	5167
63	5176
63	5178
63	5206
63	5212
63	5213
63	5218
63	5220
63	5225
63	5244
63	5246
63	5257
63	5276
63	5277
63	5300
63	5324
63	5328
63	5337
63	5348
63	5352
63	5367
63	5371
63	5376
63	5379
63	5380
63	5416
63	5422
63	5428
63	5465
63	5474
63	5476
63	5484
63	5489
63	5513
63	5520
63	5525
63	5545
63	5550
63	5552
63	5578
63	5593
63	5596
63	5617
63	5618
63	5622
63	5625
63	5629
63	5634
63	5641
63	5660
63	5672
63	5678
63	5679
63	5738
63	5739
63	5742
63	5751
63	5783
63	5788
63	5790
63	5807
63	5808
63	5810
63	5816
63	5828
63	5839
63	5884
63	5888
63	5890
63	5909
63	5911
63	5916
63	5917
63	5924
63	5930
63	5936
63	5943
63	5946
63	5948
63	5950
63	5956
63	5964
63	6010
63	6012
63	6014
63	6018
63	6021
63	6056
63	6059
63	6066
63	6084
63	6086
63	6088
63	6089
63	6096
63	6114
63	6133
63	6141
63	6160
63	6180
63	6182
63	6183
63	6193
63	6211
63	6218
63	6225
63	6228
63	6248
63	6249
63	6251
63	6273
63	6279
63	6280
63	6284
63	6295
63	6303
63	6310
63	6328
63	6333
63	6344
63	6345
63	6352
63	6365
63	6372
63	6388
63	6399
63	6440
63	6443
63	6463
63	6474
63	6494
63	6511
63	6531
63	6548
63	6558
63	6565
63	6569
63	6572
63	6596
63	6625
63	6629
63	6643
63	6648
63	6653
63	6656
63	6662
63	6663
63	6686
63	6710
63	6713
63	6716
63	6731
63	6734
63	6739
63	6772
63	6776
63	6795
63	6798
63	6806
63	6822
63	6911
63	6918
63	6929
63	6937
63	6951
63	6957
63	6971
63	7021
63	7028
63	7031
63	7040
63	7055
63	7070
63	7074
63	7083
63	7085
63	7087
63	7096
63	7097
63	7102
63	7106
63	7111
63	7114
63	7116
63	7129
63	7132
63	7144
63	7154
63	7174
63	7184
63	7231
63	7233
63	7242
63	7260
63	7268
63	7269
63	7270
63	7275
63	7292
63	7296
63	7321
63	7324
63	7341
63	7344
63	7357
63	7358
63	7393
63	7400
63	7405
63	7411
63	7412
63	7413
63	7424
63	7426
63	7427
63	7431
63	7432
63	7444
63	7469
63	7480
63	7483
63	7501
63	7503
63	7516
63	7517
63	7530
63	7536
63	7548
63	7561
63	7570
63	7577
63	7579
63	7595
63	7635
63	7661
63	7692
63	7693
63	7695
63	7699
63	7700
63	7705
63	7706
63	7714
63	7722
63	7725
63	7761
63	7763
63	7767
63	7768
63	7769
63	7782
63	7807
63	7812
63	7819
63	7821
63	7844
63	7865
63	7878
63	7893
63	7901
63	7903
63	7907
63	7916
63	7918
63	7925
63	7933
63	7934
63	7956
63	7976
63	7997
63	8003
63	8006
63	8011
63	8016
63	8032
63	8033
63	8044
63	8054
63	8056
63	8058
63	8066
63	8077
63	8079
63	8083
63	8090
63	8097
63	8098
63	8113
63	8146
63	8162
63	8167
63	8169
63	8174
63	8176
63	8192
63	8193
63	8194
63	8196
63	8197
63	8205
63	8209
63	8213
63	8248
63	8250
63	8262
63	8264
63	8269
63	8270
63	8278
63	8288
63	8291
63	8292
63	8295
63	8319
63	8327
63	8329
63	8355
63	8369
63	8374
63	8378
63	8394
63	8400
63	8402
63	8403
63	8406
63	8420
63	8428
63	8435
63	8439
63	8447
63	8465
63	8470
63	8476
63	8506
63	8516
63	8530
63	8564
63	8575
63	8588
63	8596
63	8632
63	8638
63	8666
63	8683
63	8687
63	8713
63	8715
63	8717
63	8724
63	8733
63	8739
63	8749
63	8750
63	8753
63	8773
63	8777
63	8782
63	8815
63	8823
63	8839
63	8847
63	8854
63	8858
63	8863
63	8868
63	8880
63	8900
63	8909
63	8917
63	8920
63	8924
63	8925
63	8929
63	8942
63	8945
63	8950
63	8955
63	8960
63	8967
63	8984
63	8990
63	8994
63	8996
63	9001
63	9005
63	9013
63	9018
63	9031
63	9033
63	9036
63	9043
63	9073
63	9082
63	9083
63	9089
63	9090
63	9092
63	9093
63	9096
63	9099
63	9119
63	9152
63	9162
63	9170
63	9182
63	9187
63	9189
63	9209
63	9241
63	9248
63	9258
63	9282
63	9289
63	9298
63	9302
63	9307
63	9309
63	9315
63	9324
63	9338
63	9344
63	9347
63	9353
63	9383
63	9384
63	9387
63	9399
63	9406
63	9413
63	9416
63	9438
63	9440
63	9444
63	9450
63	9455
63	9486
63	9488
63	9489
63	9504
63	9519
63	9538
63	9551
63	9555
63	9562
63	9570
63	9583
63	9584
63	9597
63	9611
63	9612
63	9623
63	9624
63	9633
63	9634
63	9642
63	9644
63	9663
63	9664
63	9699
63	9701
63	9708
63	9710
63	9722
63	9724
63	9725
63	9734
63	9758
63	9763
63	9764
63	9774
63	9782
63	9807
63	9817
63	9855
63	9869
63	9883
63	9890
63	9902
63	9917
63	9919
63	9927
63	9931
63	9935
63	9941
63	9944
63	9956
63	9974
63	9985
64	1
64	11
64	16
64	18
64	33
64	49
64	54
64	89
64	97
64	104
64	114
64	117
64	139
64	141
64	174
64	176
64	177
64	192
64	200
64	229
64	235
64	252
64	281
64	289
64	304
64	356
64	358
64	422
64	445
64	446
64	545
64	559
64	564
64	568
64	574
64	645
64	659
64	701
64	711
64	731
64	740
64	792
64	804
64	883
64	888
64	936
64	972
64	989
64	998
64	1008
64	1029
64	1049
64	1050
64	1057
64	1060
64	1092
64	1095
64	1112
64	1124
64	1188
64	1234
64	1241
64	1265
64	1273
64	1277
64	1279
64	1295
64	1343
64	1369
64	1395
64	1399
64	1403
64	1414
64	1433
64	1445
64	1485
64	1501
64	1537
64	1538
64	1542
64	1555
64	1563
64	1566
64	1601
64	1634
64	1642
64	1676
64	1711
64	1728
64	1736
64	1747
64	1773
64	1795
64	1802
64	1804
64	1862
64	1888
64	1902
64	1921
64	1941
64	1953
64	1972
64	1983
64	1999
64	2028
64	2044
64	2054
64	2062
64	2064
64	2070
64	2086
64	2091
64	2147
64	2149
64	2157
64	2184
64	2196
64	2252
64	2256
64	2257
64	2283
64	2289
64	2298
64	2344
64	2364
64	2433
64	2441
64	2461
64	2470
64	2504
64	2510
64	2541
64	2562
64	2563
64	2587
64	2590
64	2595
64	2597
64	2645
64	2695
64	2709
64	2751
64	2756
64	2792
64	2797
64	2804
64	2805
64	2813
64	2838
64	2937
64	2958
64	2978
64	2986
64	2993
64	3033
64	3034
64	3071
64	3106
64	3116
64	3159
64	3210
64	3250
64	3276
64	3288
64	3297
64	3324
64	3326
64	3348
64	3444
64	3472
64	3484
64	3512
64	3555
64	3575
64	3583
64	3604
64	3622
64	3649
64	3711
64	3726
64	3764
64	3781
64	3786
64	3800
64	3802
64	3815
64	3827
64	3850
64	3859
64	3861
64	3863
64	3871
64	3908
64	3925
64	3933
64	3951
64	3962
64	3964
64	3980
64	3995
64	4031
64	4034
64	4055
64	4074
64	4077
64	4118
64	4131
64	4143
64	4164
64	4182
64	4184
64	4185
64	4194
64	4204
64	4246
64	4268
64	4289
64	4348
64	4380
64	4400
64	4417
64	4423
64	4425
64	4457
64	4467
64	4492
64	4533
64	4552
64	4553
64	4555
64	4563
64	4567
64	4631
64	4634
64	4645
64	4663
64	4675
64	4692
64	4702
64	4718
64	4733
64	4805
64	4814
64	4863
64	4892
64	4919
64	4921
64	4924
64	4927
64	4942
64	4971
64	5017
64	5034
64	5043
64	5067
64	5074
64	5091
64	5111
64	5125
64	5135
64	5169
64	5221
64	5228
64	5242
64	5271
64	5285
64	5299
64	5310
64	5315
64	5332
64	5338
64	5358
64	5377
64	5394
64	5399
64	5409
64	5437
64	5440
64	5462
64	5466
64	5472
64	5480
64	5492
64	5517
64	5522
64	5566
64	5571
64	5575
64	5583
64	5614
64	5638
64	5650
64	5655
64	5669
64	5690
64	5692
64	5702
64	5723
64	5736
64	5740
64	5772
64	5825
64	5849
64	5850
64	5863
64	5870
64	5889
64	5895
64	5912
64	5915
64	5921
64	6013
64	6057
64	6058
64	6062
64	6064
64	6068
64	6077
64	6105
64	6142
64	6159
64	6163
64	6205
64	6207
64	6271
64	6274
64	6298
64	6308
64	6319
64	6322
64	6338
64	6347
64	6355
64	6374
64	6479
64	6506
64	6508
64	6555
64	6574
64	6591
64	6610
64	6612
64	6616
64	6693
64	6700
64	6707
64	6737
64	6742
64	6778
64	6782
64	6803
64	6811
64	6826
64	6850
64	6877
64	6890
64	6898
64	6905
64	6906
64	6956
64	6963
64	7000
64	7018
64	7067
64	7099
64	7108
64	7122
64	7142
64	7165
64	7179
64	7183
64	7187
64	7189
64	7205
64	7208
64	7223
64	7226
64	7237
64	7244
64	7245
64	7251
64	7255
64	7263
64	7281
64	7297
64	7302
64	7323
64	7335
64	7340
64	7404
64	7409
64	7435
64	7440
64	7465
64	7487
64	7492
64	7507
64	7534
64	7559
64	7572
64	7573
64	7582
64	7604
64	7626
64	7642
64	7644
64	7656
64	7657
64	7670
64	7717
64	7728
64	7731
64	7814
64	7825
64	7853
64	7871
64	7886
64	7887
64	7892
64	7944
64	7947
64	7959
64	7964
64	7992
64	7999
64	8039
64	8053
64	8067
64	8105
64	8112
64	8127
64	8154
64	8161
64	8179
64	8217
64	8226
64	8230
64	8238
64	8255
64	8259
64	8283
64	8304
64	8339
64	8351
64	8354
64	8410
64	8426
64	8451
64	8459
64	8478
64	8552
64	8583
64	8589
64	8613
64	8646
64	8648
64	8670
64	8691
64	8694
64	8729
64	8745
64	8754
64	8760
64	8829
64	8928
64	8976
64	8997
64	9029
64	9052
64	9069
64	9080
64	9095
64	9097
64	9110
64	9123
64	9129
64	9184
64	9206
64	9263
64	9267
64	9293
64	9301
64	9341
64	9348
64	9354
64	9431
64	9462
64	9485
64	9500
64	9533
64	9554
64	9563
64	9577
64	9600
64	9622
64	9632
64	9639
64	9646
64	9741
64	9767
64	9773
64	9778
64	9786
64	9796
64	9825
64	9831
64	9837
64	9865
64	9885
64	9897
64	9924
64	9928
64	9948
64	9990
64	9991
64	9996
65	55
65	83
65	96
65	147
65	201
65	251
65	253
65	285
65	401
65	491
65	527
65	577
65	697
65	738
65	825
65	906
65	917
65	1042
65	1139
65	1152
65	1153
65	1212
65	1233
65	1375
65	1472
65	1509
65	1544
65	1568
65	1607
65	1707
65	1876
65	2036
65	2069
65	2081
65	2098
65	2110
65	2174
65	2211
65	2224
65	2246
65	2356
65	2393
65	2406
65	2546
65	2646
65	2720
65	2781
65	2841
65	2842
65	2904
65	2922
65	3041
65	3050
65	3065
65	3112
65	3197
65	3215
65	3251
65	3267
65	3286
65	3451
65	3477
65	3629
65	3685
65	3797
65	3845
65	3874
65	3881
65	3914
65	3943
65	3957
65	3972
65	4000
65	4028
65	4050
65	4053
65	4093
65	4173
65	4176
65	4198
65	4211
65	4262
65	4263
65	4281
65	4290
65	4364
65	4445
65	4452
65	4498
65	4709
65	4760
65	4768
65	4821
65	4826
65	4905
65	4920
65	4954
65	4981
65	5021
65	5033
65	5134
65	5215
65	5230
65	5306
65	5387
65	5421
65	5459
65	5498
65	5565
65	5643
65	5675
65	5689
65	5695
65	5773
65	5782
65	5847
65	5866
65	5893
65	5901
65	5985
65	6002
65	6067
65	6132
65	6134
65	6316
65	6332
65	6391
65	6458
65	6510
65	6633
65	6657
65	6679
65	6685
65	6695
65	6711
65	6725
65	6740
65	6744
65	7249
65	7257
65	7313
65	7473
65	7525
65	7529
65	7588
65	7646
65	7708
65	7744
65	7810
65	7811
65	7852
65	7858
65	7874
65	8030
65	8095
65	8227
65	8258
65	8375
65	8507
65	8557
65	8702
65	8728
65	8785
65	8800
65	8846
65	8852
65	8886
65	8941
65	9014
65	9021
65	9118
65	9141
65	9204
65	9214
65	9259
65	9369
65	9374
65	9433
65	9437
65	9497
65	9505
65	9511
65	9539
65	9654
65	9848
65	9880
65	9889
66	216
66	315
66	725
66	759
66	828
66	965
66	1294
66	1402
66	1446
66	1598
66	1768
66	1904
66	2073
66	2279
66	2742
66	2856
66	2987
66	3039
66	3108
66	3228
66	3317
66	3653
66	3834
66	3841
66	3989
66	4081
66	4215
66	4646
66	4691
66	5057
66	5088
66	5141
66	5453
66	5531
66	5763
66	5824
66	6047
66	6309
66	6559
66	6750
66	6767
66	6820
66	6938
66	7676
66	7794
66	8781
66	9370
66	9766
66	9822
66	9914
67	682
67	1064
67	4124
67	4476
67	4985
67	4989
67	5488
67	5556
67	6376
67	6456
67	6538
67	6557
67	7012
67	8961
67	9084
67	9173
67	9411
68	2032
