Minimo	Corrida
91	889
91	4274
91	7155
91	9852
92	53
92	155
92	601
92	672
92	704
92	803
92	926
92	1246
92	1254
92	1317
92	1642
92	1778
92	1783
92	2421
92	2513
92	2550
92	2579
92	2764
92	2865
92	2893
92	3187
92	3204
92	3301
92	3753
92	3774
92	4195
92	4306
92	4405
92	4472
92	4492
92	4628
92	4668
92	4716
92	4725
92	4775
92	5203
92	5521
92	5602
92	5715
92	6281
92	6428
92	6619
92	6964
92	7154
92	7293
92	7312
92	7320
92	7403
92	7559
92	7576
92	7848
92	7948
92	7974
92	8130
92	8285
92	8448
92	8737
92	8801
92	8968
92	9188
92	9232
92	9285
92	9589
92	9697
92	9845
92	9986
93	21
93	48
93	55
93	56
93	74
93	127
93	164
93	165
93	221
93	246
93	255
93	273
93	396
93	400
93	404
93	528
93	556
93	563
93	572
93	579
93	656
93	733
93	738
93	749
93	754
93	760
93	765
93	815
93	817
93	840
93	843
93	860
93	882
93	978
93	990
93	997
93	1007
93	1010
93	1031
93	1072
93	1099
93	1107
93	1118
93	1125
93	1132
93	1216
93	1233
93	1249
93	1297
93	1304
93	1323
93	1340
93	1361
93	1369
93	1407
93	1452
93	1458
93	1459
93	1483
93	1495
93	1553
93	1561
93	1573
93	1651
93	1653
93	1687
93	1690
93	1700
93	1753
93	1755
93	1777
93	1807
93	1812
93	1830
93	1831
93	1841
93	1854
93	1897
93	1903
93	1914
93	1920
93	1927
93	1963
93	1965
93	1998
93	2001
93	2003
93	2044
93	2058
93	2096
93	2124
93	2130
93	2143
93	2148
93	2161
93	2178
93	2194
93	2300
93	2306
93	2330
93	2365
93	2369
93	2392
93	2399
93	2423
93	2425
93	2439
93	2477
93	2479
93	2493
93	2539
93	2543
93	2580
93	2604
93	2634
93	2640
93	2652
93	2676
93	2682
93	2688
93	2689
93	2701
93	2715
93	2717
93	2732
93	2802
93	2813
93	2848
93	2862
93	2870
93	2882
93	2892
93	2907
93	2919
93	2927
93	2938
93	2942
93	2945
93	2946
93	2955
93	2973
93	3041
93	3066
93	3067
93	3068
93	3112
93	3131
93	3158
93	3165
93	3166
93	3216
93	3243
93	3257
93	3282
93	3284
93	3313
93	3351
93	3361
93	3385
93	3400
93	3474
93	3489
93	3496
93	3503
93	3518
93	3527
93	3579
93	3603
93	3633
93	3644
93	3661
93	3673
93	3695
93	3735
93	3754
93	3791
93	3796
93	3903
93	3917
93	3941
93	3944
93	4016
93	4057
93	4110
93	4122
93	4137
93	4143
93	4144
93	4148
93	4174
93	4196
93	4210
93	4213
93	4228
93	4240
93	4253
93	4264
93	4313
93	4329
93	4335
93	4376
93	4432
93	4450
93	4464
93	4485
93	4529
93	4532
93	4547
93	4564
93	4588
93	4621
93	4655
93	4674
93	4703
93	4711
93	4726
93	4760
93	4770
93	4804
93	4810
93	4830
93	4852
93	4866
93	4945
93	4948
93	4959
93	4969
93	4973
93	4991
93	5000
93	5017
93	5032
93	5042
93	5051
93	5055
93	5056
93	5094
93	5095
93	5131
93	5133
93	5142
93	5155
93	5200
93	5207
93	5237
93	5278
93	5350
93	5367
93	5407
93	5426
93	5451
93	5487
93	5534
93	5535
93	5537
93	5562
93	5575
93	5608
93	5637
93	5668
93	5716
93	5719
93	5730
93	5772
93	5867
93	5900
93	5915
93	5934
93	5959
93	6028
93	6034
93	6071
93	6083
93	6129
93	6137
93	6167
93	6184
93	6190
93	6218
93	6238
93	6265
93	6304
93	6348
93	6405
93	6419
93	6433
93	6450
93	6482
93	6545
93	6605
93	6610
93	6675
93	6698
93	6708
93	6784
93	6797
93	6804
93	6859
93	6881
93	6886
93	6891
93	6912
93	6913
93	6931
93	6932
93	6935
93	6946
93	6991
93	7013
93	7016
93	7059
93	7085
93	7102
93	7127
93	7225
93	7238
93	7280
93	7286
93	7321
93	7363
93	7390
93	7417
93	7421
93	7450
93	7454
93	7462
93	7469
93	7500
93	7513
93	7563
93	7570
93	7611
93	7614
93	7624
93	7646
93	7649
93	7667
93	7683
93	7709
93	7723
93	7783
93	7824
93	7858
93	7899
93	7931
93	7938
93	7942
93	7972
93	7986
93	7989
93	8001
93	8008
93	8038
93	8067
93	8085
93	8089
93	8090
93	8113
93	8116
93	8145
93	8158
93	8218
93	8251
93	8369
93	8394
93	8409
93	8442
93	8453
93	8469
93	8577
93	8612
93	8627
93	8655
93	8666
93	8683
93	8684
93	8693
93	8710
93	8726
93	8868
93	8906
93	8907
93	8924
93	8931
93	8980
93	9003
93	9022
93	9083
93	9097
93	9164
93	9212
93	9215
93	9235
93	9239
93	9259
93	9283
93	9295
93	9299
93	9344
93	9350
93	9412
93	9463
93	9512
93	9536
93	9574
93	9587
93	9606
93	9693
93	9709
93	9714
93	9731
93	9753
93	9779
93	9780
93	9795
93	9817
93	9826
93	9850
93	9861
93	9868
93	9881
93	9882
93	9891
93	9929
93	9941
94	8
94	9
94	16
94	31
94	33
94	38
94	42
94	43
94	46
94	62
94	79
94	81
94	86
94	87
94	95
94	96
94	107
94	111
94	124
94	128
94	130
94	132
94	135
94	140
94	143
94	148
94	152
94	153
94	169
94	182
94	194
94	195
94	199
94	212
94	214
94	226
94	227
94	228
94	232
94	238
94	247
94	251
94	252
94	260
94	264
94	272
94	278
94	293
94	296
94	306
94	308
94	319
94	322
94	329
94	332
94	336
94	339
94	343
94	348
94	351
94	377
94	388
94	389
94	393
94	397
94	405
94	408
94	410
94	412
94	417
94	419
94	425
94	426
94	427
94	432
94	443
94	448
94	483
94	492
94	497
94	499
94	503
94	504
94	505
94	507
94	510
94	521
94	524
94	533
94	538
94	539
94	558
94	568
94	569
94	570
94	574
94	577
94	587
94	589
94	595
94	596
94	603
94	617
94	623
94	625
94	632
94	644
94	646
94	653
94	661
94	664
94	669
94	671
94	694
94	697
94	699
94	700
94	703
94	708
94	717
94	723
94	725
94	734
94	737
94	743
94	747
94	750
94	755
94	757
94	759
94	794
94	799
94	804
94	809
94	825
94	827
94	834
94	845
94	848
94	849
94	873
94	886
94	890
94	894
94	919
94	920
94	928
94	930
94	938
94	940
94	948
94	957
94	962
94	974
94	998
94	999
94	1000
94	1014
94	1020
94	1024
94	1032
94	1033
94	1035
94	1047
94	1058
94	1060
94	1079
94	1093
94	1095
94	1101
94	1106
94	1116
94	1123
94	1124
94	1127
94	1134
94	1135
94	1146
94	1153
94	1155
94	1163
94	1177
94	1182
94	1185
94	1202
94	1203
94	1205
94	1210
94	1211
94	1215
94	1220
94	1231
94	1250
94	1257
94	1260
94	1261
94	1263
94	1264
94	1268
94	1272
94	1275
94	1290
94	1293
94	1295
94	1298
94	1300
94	1311
94	1316
94	1324
94	1336
94	1345
94	1348
94	1351
94	1370
94	1371
94	1374
94	1384
94	1387
94	1395
94	1397
94	1412
94	1426
94	1432
94	1435
94	1445
94	1453
94	1457
94	1465
94	1475
94	1496
94	1498
94	1500
94	1505
94	1507
94	1508
94	1514
94	1517
94	1519
94	1523
94	1535
94	1536
94	1549
94	1563
94	1569
94	1576
94	1582
94	1586
94	1594
94	1598
94	1602
94	1605
94	1611
94	1622
94	1633
94	1641
94	1645
94	1656
94	1668
94	1669
94	1676
94	1680
94	1689
94	1694
94	1695
94	1702
94	1721
94	1722
94	1728
94	1729
94	1735
94	1745
94	1747
94	1750
94	1754
94	1757
94	1762
94	1767
94	1788
94	1790
94	1793
94	1794
94	1821
94	1824
94	1848
94	1850
94	1855
94	1869
94	1870
94	1883
94	1884
94	1887
94	1889
94	1896
94	1912
94	1915
94	1917
94	1922
94	1932
94	1933
94	1936
94	1947
94	1949
94	1959
94	1960
94	1964
94	1968
94	1969
94	1976
94	1981
94	1988
94	1995
94	2012
94	2016
94	2022
94	2023
94	2027
94	2029
94	2033
94	2037
94	2040
94	2042
94	2049
94	2052
94	2059
94	2070
94	2075
94	2079
94	2093
94	2113
94	2120
94	2140
94	2142
94	2150
94	2154
94	2173
94	2177
94	2182
94	2184
94	2189
94	2202
94	2205
94	2206
94	2210
94	2215
94	2224
94	2247
94	2249
94	2256
94	2272
94	2280
94	2285
94	2287
94	2291
94	2293
94	2297
94	2299
94	2308
94	2313
94	2320
94	2321
94	2326
94	2328
94	2335
94	2343
94	2344
94	2347
94	2351
94	2354
94	2371
94	2375
94	2382
94	2385
94	2388
94	2395
94	2404
94	2405
94	2416
94	2417
94	2435
94	2437
94	2468
94	2471
94	2473
94	2474
94	2482
94	2486
94	2498
94	2500
94	2501
94	2506
94	2518
94	2528
94	2532
94	2533
94	2535
94	2540
94	2547
94	2552
94	2555
94	2559
94	2561
94	2565
94	2578
94	2584
94	2592
94	2593
94	2594
94	2596
94	2597
94	2598
94	2607
94	2610
94	2614
94	2617
94	2620
94	2622
94	2630
94	2641
94	2650
94	2651
94	2665
94	2690
94	2691
94	2695
94	2696
94	2704
94	2706
94	2708
94	2709
94	2710
94	2730
94	2739
94	2778
94	2781
94	2792
94	2793
94	2794
94	2795
94	2804
94	2807
94	2814
94	2815
94	2824
94	2832
94	2840
94	2854
94	2856
94	2858
94	2866
94	2880
94	2886
94	2889
94	2894
94	2896
94	2898
94	2910
94	2918
94	2922
94	2925
94	2933
94	2941
94	2952
94	2961
94	2962
94	2968
94	2981
94	2982
94	2983
94	2987
94	2995
94	3000
94	3011
94	3020
94	3026
94	3032
94	3037
94	3038
94	3056
94	3057
94	3064
94	3070
94	3077
94	3088
94	3107
94	3111
94	3116
94	3129
94	3132
94	3136
94	3140
94	3142
94	3143
94	3150
94	3162
94	3163
94	3174
94	3181
94	3183
94	3191
94	3195
94	3196
94	3198
94	3217
94	3222
94	3229
94	3232
94	3235
94	3241
94	3244
94	3245
94	3246
94	3252
94	3259
94	3260
94	3278
94	3280
94	3281
94	3289
94	3290
94	3292
94	3293
94	3299
94	3319
94	3333
94	3337
94	3340
94	3345
94	3354
94	3355
94	3368
94	3370
94	3391
94	3394
94	3402
94	3417
94	3433
94	3434
94	3448
94	3464
94	3470
94	3473
94	3482
94	3488
94	3493
94	3501
94	3508
94	3509
94	3530
94	3535
94	3540
94	3552
94	3555
94	3559
94	3563
94	3587
94	3594
94	3595
94	3597
94	3599
94	3600
94	3609
94	3614
94	3628
94	3629
94	3632
94	3640
94	3647
94	3654
94	3664
94	3670
94	3671
94	3676
94	3678
94	3680
94	3699
94	3700
94	3703
94	3706
94	3707
94	3709
94	3710
94	3713
94	3721
94	3727
94	3733
94	3738
94	3748
94	3762
94	3769
94	3780
94	3783
94	3785
94	3789
94	3803
94	3821
94	3831
94	3837
94	3841
94	3891
94	3894
94	3902
94	3905
94	3907
94	3920
94	3922
94	3936
94	3939
94	3940
94	3948
94	3949
94	3953
94	3956
94	3957
94	3967
94	3976
94	3983
94	3988
94	3994
94	4007
94	4018
94	4030
94	4034
94	4035
94	4043
94	4044
94	4045
94	4050
94	4056
94	4058
94	4060
94	4064
94	4066
94	4077
94	4079
94	4082
94	4092
94	4095
94	4112
94	4114
94	4127
94	4135
94	4140
94	4146
94	4151
94	4152
94	4157
94	4160
94	4166
94	4168
94	4171
94	4172
94	4175
94	4176
94	4179
94	4181
94	4182
94	4183
94	4184
94	4187
94	4189
94	4190
94	4201
94	4218
94	4220
94	4241
94	4245
94	4249
94	4263
94	4266
94	4278
94	4279
94	4280
94	4291
94	4301
94	4309
94	4311
94	4334
94	4338
94	4339
94	4344
94	4346
94	4359
94	4365
94	4369
94	4372
94	4387
94	4394
94	4395
94	4398
94	4404
94	4406
94	4411
94	4422
94	4429
94	4433
94	4443
94	4447
94	4448
94	4456
94	4461
94	4463
94	4468
94	4487
94	4489
94	4490
94	4493
94	4495
94	4496
94	4500
94	4501
94	4505
94	4514
94	4517
94	4522
94	4523
94	4524
94	4536
94	4539
94	4543
94	4552
94	4559
94	4571
94	4578
94	4581
94	4589
94	4594
94	4598
94	4614
94	4622
94	4627
94	4630
94	4634
94	4635
94	4637
94	4639
94	4656
94	4660
94	4673
94	4710
94	4727
94	4732
94	4737
94	4744
94	4753
94	4757
94	4758
94	4763
94	4776
94	4778
94	4779
94	4786
94	4797
94	4798
94	4802
94	4803
94	4805
94	4807
94	4816
94	4839
94	4840
94	4856
94	4862
94	4868
94	4873
94	4879
94	4890
94	4894
94	4903
94	4908
94	4924
94	4925
94	4926
94	4929
94	4931
94	4938
94	4952
94	4954
94	4958
94	4978
94	4982
94	4985
94	4989
94	5001
94	5030
94	5052
94	5058
94	5069
94	5072
94	5074
94	5077
94	5080
94	5086
94	5088
94	5090
94	5091
94	5098
94	5104
94	5108
94	5122
94	5134
94	5136
94	5138
94	5154
94	5157
94	5159
94	5162
94	5168
94	5173
94	5181
94	5192
94	5198
94	5214
94	5217
94	5218
94	5224
94	5225
94	5227
94	5228
94	5233
94	5244
94	5248
94	5249
94	5254
94	5255
94	5259
94	5264
94	5266
94	5271
94	5272
94	5276
94	5279
94	5281
94	5289
94	5290
94	5292
94	5294
94	5301
94	5307
94	5314
94	5322
94	5332
94	5339
94	5341
94	5343
94	5356
94	5360
94	5362
94	5363
94	5365
94	5374
94	5395
94	5405
94	5406
94	5412
94	5413
94	5436
94	5438
94	5441
94	5446
94	5447
94	5454
94	5460
94	5467
94	5470
94	5477
94	5482
94	5484
94	5490
94	5497
94	5509
94	5513
94	5518
94	5523
94	5536
94	5543
94	5551
94	5554
94	5560
94	5567
94	5577
94	5585
94	5620
94	5625
94	5631
94	5642
94	5654
94	5655
94	5656
94	5660
94	5662
94	5687
94	5693
94	5710
94	5711
94	5712
94	5713
94	5723
94	5736
94	5741
94	5746
94	5757
94	5758
94	5777
94	5778
94	5781
94	5785
94	5786
94	5788
94	5791
94	5810
94	5811
94	5815
94	5821
94	5827
94	5831
94	5850
94	5857
94	5858
94	5866
94	5876
94	5880
94	5883
94	5899
94	5910
94	5927
94	5939
94	5943
94	5952
94	5954
94	5969
94	5971
94	5972
94	5976
94	5990
94	5992
94	5995
94	5996
94	6004
94	6025
94	6035
94	6041
94	6046
94	6054
94	6061
94	6077
94	6080
94	6091
94	6107
94	6108
94	6121
94	6133
94	6143
94	6146
94	6149
94	6150
94	6161
94	6165
94	6171
94	6174
94	6176
94	6178
94	6186
94	6195
94	6198
94	6201
94	6206
94	6209
94	6236
94	6237
94	6250
94	6251
94	6261
94	6269
94	6273
94	6284
94	6296
94	6297
94	6311
94	6319
94	6334
94	6345
94	6346
94	6349
94	6355
94	6356
94	6358
94	6360
94	6363
94	6376
94	6389
94	6391
94	6396
94	6407
94	6409
94	6424
94	6434
94	6447
94	6452
94	6465
94	6467
94	6472
94	6473
94	6480
94	6481
94	6502
94	6507
94	6509
94	6511
94	6515
94	6516
94	6524
94	6528
94	6534
94	6536
94	6555
94	6562
94	6569
94	6574
94	6579
94	6580
94	6585
94	6587
94	6593
94	6597
94	6601
94	6623
94	6631
94	6632
94	6636
94	6658
94	6670
94	6685
94	6704
94	6713
94	6716
94	6718
94	6725
94	6729
94	6738
94	6755
94	6759
94	6762
94	6774
94	6777
94	6792
94	6811
94	6813
94	6815
94	6818
94	6821
94	6824
94	6831
94	6832
94	6834
94	6837
94	6842
94	6845
94	6848
94	6854
94	6856
94	6860
94	6875
94	6878
94	6882
94	6883
94	6896
94	6897
94	6899
94	6908
94	6927
94	6933
94	6934
94	6944
94	6953
94	6970
94	6974
94	6976
94	6993
94	6996
94	7002
94	7003
94	7006
94	7014
94	7015
94	7033
94	7035
94	7039
94	7056
94	7076
94	7080
94	7093
94	7097
94	7098
94	7105
94	7107
94	7108
94	7114
94	7117
94	7119
94	7128
94	7131
94	7136
94	7142
94	7146
94	7153
94	7159
94	7163
94	7169
94	7171
94	7174
94	7208
94	7213
94	7228
94	7231
94	7232
94	7234
94	7235
94	7237
94	7241
94	7245
94	7256
94	7269
94	7287
94	7289
94	7315
94	7316
94	7317
94	7326
94	7329
94	7334
94	7340
94	7354
94	7368
94	7370
94	7373
94	7374
94	7391
94	7392
94	7396
94	7400
94	7402
94	7404
94	7410
94	7423
94	7426
94	7427
94	7434
94	7437
94	7440
94	7443
94	7446
94	7458
94	7468
94	7492
94	7494
94	7495
94	7505
94	7517
94	7525
94	7541
94	7542
94	7546
94	7550
94	7556
94	7557
94	7558
94	7560
94	7565
94	7579
94	7581
94	7590
94	7654
94	7666
94	7682
94	7690
94	7705
94	7708
94	7720
94	7724
94	7727
94	7735
94	7747
94	7751
94	7754
94	7757
94	7760
94	7767
94	7768
94	7775
94	7789
94	7790
94	7798
94	7803
94	7817
94	7834
94	7838
94	7841
94	7845
94	7849
94	7859
94	7866
94	7873
94	7876
94	7891
94	7901
94	7907
94	7909
94	7911
94	7917
94	7919
94	7921
94	7924
94	7927
94	7930
94	7947
94	7953
94	7959
94	7962
94	7976
94	7977
94	7980
94	7984
94	7997
94	7999
94	8000
94	8002
94	8013
94	8022
94	8032
94	8033
94	8043
94	8049
94	8056
94	8057
94	8059
94	8061
94	8062
94	8073
94	8083
94	8087
94	8099
94	8104
94	8109
94	8110
94	8115
94	8119
94	8124
94	8133
94	8143
94	8148
94	8153
94	8159
94	8160
94	8166
94	8168
94	8173
94	8190
94	8195
94	8198
94	8200
94	8201
94	8206
94	8223
94	8227
94	8234
94	8248
94	8252
94	8257
94	8260
94	8263
94	8267
94	8272
94	8276
94	8279
94	8288
94	8294
94	8296
94	8306
94	8307
94	8310
94	8321
94	8323
94	8329
94	8333
94	8335
94	8338
94	8349
94	8352
94	8358
94	8379
94	8388
94	8389
94	8390
94	8392
94	8398
94	8407
94	8410
94	8416
94	8418
94	8419
94	8420
94	8427
94	8428
94	8461
94	8465
94	8468
94	8493
94	8505
94	8509
94	8525
94	8529
94	8535
94	8540
94	8547
94	8553
94	8554
94	8556
94	8559
94	8562
94	8563
94	8566
94	8572
94	8598
94	8614
94	8616
94	8617
94	8618
94	8639
94	8641
94	8643
94	8645
94	8657
94	8659
94	8661
94	8664
94	8681
94	8688
94	8698
94	8722
94	8730
94	8732
94	8733
94	8736
94	8738
94	8745
94	8755
94	8781
94	8782
94	8791
94	8793
94	8804
94	8807
94	8816
94	8819
94	8823
94	8827
94	8829
94	8833
94	8843
94	8848
94	8850
94	8851
94	8853
94	8856
94	8859
94	8860
94	8865
94	8871
94	8888
94	8909
94	8913
94	8915
94	8934
94	8937
94	8941
94	8959
94	8962
94	8974
94	8975
94	8986
94	8988
94	9013
94	9020
94	9023
94	9040
94	9046
94	9047
94	9050
94	9052
94	9054
94	9067
94	9072
94	9074
94	9081
94	9098
94	9103
94	9107
94	9129
94	9131
94	9133
94	9137
94	9146
94	9149
94	9161
94	9180
94	9189
94	9221
94	9224
94	9228
94	9231
94	9234
94	9245
94	9252
94	9254
94	9257
94	9268
94	9276
94	9280
94	9292
94	9300
94	9306
94	9308
94	9312
94	9314
94	9317
94	9318
94	9322
94	9330
94	9331
94	9334
94	9335
94	9338
94	9341
94	9370
94	9381
94	9385
94	9388
94	9395
94	9397
94	9404
94	9405
94	9410
94	9414
94	9432
94	9442
94	9445
94	9446
94	9448
94	9452
94	9459
94	9471
94	9480
94	9481
94	9483
94	9485
94	9491
94	9492
94	9497
94	9501
94	9507
94	9515
94	9530
94	9543
94	9544
94	9548
94	9550
94	9553
94	9558
94	9564
94	9571
94	9572
94	9577
94	9580
94	9584
94	9585
94	9607
94	9609
94	9621
94	9627
94	9640
94	9642
94	9648
94	9651
94	9669
94	9673
94	9675
94	9683
94	9689
94	9690
94	9700
94	9702
94	9711
94	9713
94	9715
94	9727
94	9734
94	9739
94	9740
94	9742
94	9750
94	9755
94	9758
94	9761
94	9762
94	9782
94	9784
94	9787
94	9791
94	9805
94	9806
94	9808
94	9813
94	9816
94	9827
94	9830
94	9831
94	9835
94	9842
94	9843
94	9846
94	9851
94	9874
94	9878
94	9893
94	9897
94	9917
94	9923
94	9930
94	9935
94	9945
94	9948
94	9949
94	9961
94	9969
94	9971
94	9997
95	5
95	11
95	14
95	18
95	20
95	23
95	27
95	29
95	34
95	37
95	44
95	47
95	49
95	54
95	58
95	64
95	65
95	68
95	69
95	72
95	77
95	78
95	82
95	84
95	92
95	99
95	100
95	102
95	112
95	118
95	129
95	133
95	134
95	136
95	137
95	144
95	145
95	147
95	151
95	157
95	161
95	170
95	177
95	181
95	186
95	187
95	190
95	193
95	197
95	200
95	201
95	203
95	205
95	207
95	210
95	217
95	218
95	220
95	223
95	224
95	231
95	237
95	242
95	253
95	257
95	259
95	267
95	268
95	269
95	274
95	275
95	284
95	286
95	287
95	289
95	291
95	300
95	302
95	303
95	304
95	305
95	307
95	311
95	315
95	316
95	323
95	333
95	338
95	345
95	346
95	349
95	352
95	353
95	359
95	367
95	368
95	372
95	378
95	379
95	381
95	384
95	390
95	392
95	394
95	398
95	399
95	401
95	406
95	407
95	415
95	420
95	422
95	428
95	429
95	430
95	433
95	435
95	446
95	454
95	456
95	487
95	493
95	500
95	506
95	509
95	512
95	517
95	520
95	525
95	526
95	529
95	531
95	532
95	543
95	544
95	553
95	555
95	566
95	567
95	573
95	575
95	580
95	581
95	583
95	585
95	586
95	590
95	591
95	593
95	594
95	598
95	602
95	604
95	605
95	613
95	615
95	616
95	628
95	629
95	630
95	636
95	639
95	640
95	643
95	645
95	650
95	655
95	659
95	662
95	670
95	674
95	675
95	685
95	690
95	692
95	695
95	696
95	701
95	705
95	711
95	712
95	713
95	720
95	726
95	727
95	728
95	730
95	732
95	739
95	740
95	741
95	744
95	746
95	752
95	756
95	761
95	762
95	768
95	774
95	777
95	779
95	781
95	782
95	784
95	789
95	793
95	798
95	800
95	801
95	806
95	808
95	811
95	819
95	822
95	823
95	828
95	829
95	830
95	837
95	841
95	844
95	847
95	850
95	853
95	858
95	859
95	861
95	867
95	868
95	871
95	872
95	877
95	880
95	887
95	891
95	893
95	895
95	896
95	899
95	900
95	901
95	902
95	905
95	914
95	923
95	931
95	934
95	935
95	939
95	945
95	946
95	949
95	950
95	958
95	961
95	964
95	966
95	970
95	971
95	972
95	973
95	977
95	979
95	980
95	981
95	982
95	983
95	987
95	988
95	993
95	995
95	1008
95	1009
95	1012
95	1015
95	1019
95	1025
95	1026
95	1027
95	1030
95	1036
95	1037
95	1039
95	1042
95	1043
95	1046
95	1048
95	1049
95	1068
95	1073
95	1074
95	1075
95	1076
95	1083
95	1085
95	1086
95	1087
95	1088
95	1092
95	1094
95	1100
95	1102
95	1103
95	1105
95	1108
95	1115
95	1119
95	1126
95	1130
95	1131
95	1133
95	1136
95	1141
95	1142
95	1144
95	1148
95	1149
95	1152
95	1157
95	1158
95	1166
95	1167
95	1168
95	1174
95	1175
95	1180
95	1181
95	1186
95	1190
95	1191
95	1194
95	1198
95	1208
95	1212
95	1213
95	1214
95	1217
95	1222
95	1223
95	1225
95	1226
95	1230
95	1236
95	1239
95	1241
95	1242
95	1243
95	1244
95	1245
95	1258
95	1259
95	1266
95	1269
95	1274
95	1280
95	1281
95	1282
95	1284
95	1286
95	1288
95	1292
95	1294
95	1296
95	1299
95	1310
95	1312
95	1313
95	1318
95	1319
95	1322
95	1325
95	1326
95	1328
95	1330
95	1334
95	1335
95	1338
95	1339
95	1349
95	1350
95	1353
95	1356
95	1360
95	1363
95	1364
95	1365
95	1366
95	1372
95	1378
95	1381
95	1382
95	1392
95	1393
95	1396
95	1399
95	1402
95	1408
95	1411
95	1415
95	1417
95	1421
95	1422
95	1424
95	1427
95	1433
95	1434
95	1436
95	1437
95	1440
95	1441
95	1443
95	1446
95	1447
95	1450
95	1451
95	1456
95	1464
95	1466
95	1467
95	1468
95	1470
95	1471
95	1473
95	1478
95	1486
95	1492
95	1494
95	1499
95	1501
95	1506
95	1511
95	1512
95	1515
95	1527
95	1532
95	1537
95	1539
95	1542
95	1544
95	1545
95	1546
95	1547
95	1551
95	1552
95	1558
95	1570
95	1571
95	1572
95	1574
95	1575
95	1578
95	1585
95	1591
95	1593
95	1595
95	1596
95	1603
95	1606
95	1608
95	1610
95	1614
95	1618
95	1620
95	1621
95	1625
95	1629
95	1631
95	1634
95	1635
95	1639
95	1640
95	1649
95	1654
95	1655
95	1657
95	1661
95	1663
95	1666
95	1670
95	1671
95	1679
95	1684
95	1686
95	1691
95	1692
95	1693
95	1696
95	1697
95	1701
95	1704
95	1706
95	1707
95	1709
95	1710
95	1716
95	1717
95	1718
95	1724
95	1730
95	1739
95	1742
95	1749
95	1751
95	1756
95	1758
95	1765
95	1768
95	1773
95	1774
95	1782
95	1786
95	1799
95	1801
95	1803
95	1809
95	1817
95	1820
95	1822
95	1823
95	1826
95	1833
95	1835
95	1836
95	1837
95	1840
95	1844
95	1845
95	1853
95	1861
95	1862
95	1863
95	1865
95	1867
95	1868
95	1874
95	1879
95	1880
95	1881
95	1885
95	1888
95	1892
95	1893
95	1902
95	1906
95	1909
95	1911
95	1916
95	1921
95	1925
95	1930
95	1931
95	1934
95	1942
95	1944
95	1954
95	1956
95	1958
95	1961
95	1970
95	1972
95	1973
95	1975
95	1977
95	1978
95	1980
95	1982
95	1983
95	1984
95	1987
95	1989
95	1996
95	2004
95	2005
95	2006
95	2008
95	2010
95	2015
95	2031
95	2035
95	2038
95	2039
95	2043
95	2050
95	2053
95	2054
95	2055
95	2056
95	2063
95	2064
95	2065
95	2067
95	2068
95	2069
95	2071
95	2072
95	2073
95	2074
95	2076
95	2078
95	2081
95	2084
95	2086
95	2089
95	2092
95	2100
95	2103
95	2105
95	2106
95	2111
95	2112
95	2118
95	2121
95	2122
95	2125
95	2126
95	2135
95	2136
95	2137
95	2144
95	2145
95	2146
95	2149
95	2151
95	2153
95	2156
95	2157
95	2160
95	2162
95	2163
95	2165
95	2168
95	2171
95	2174
95	2176
95	2179
95	2188
95	2192
95	2195
95	2196
95	2197
95	2200
95	2203
95	2204
95	2208
95	2213
95	2214
95	2217
95	2219
95	2221
95	2223
95	2230
95	2231
95	2234
95	2243
95	2254
95	2258
95	2262
95	2263
95	2265
95	2266
95	2271
95	2273
95	2276
95	2279
95	2281
95	2292
95	2296
95	2301
95	2303
95	2305
95	2307
95	2310
95	2311
95	2315
95	2319
95	2322
95	2324
95	2325
95	2327
95	2332
95	2339
95	2341
95	2345
95	2348
95	2349
95	2358
95	2360
95	2363
95	2364
95	2370
95	2378
95	2379
95	2387
95	2397
95	2406
95	2407
95	2413
95	2415
95	2418
95	2422
95	2426
95	2438
95	2443
95	2444
95	2445
95	2455
95	2456
95	2457
95	2460
95	2464
95	2465
95	2466
95	2476
95	2480
95	2481
95	2492
95	2494
95	2503
95	2510
95	2514
95	2515
95	2522
95	2524
95	2525
95	2526
95	2527
95	2531
95	2541
95	2545
95	2549
95	2553
95	2558
95	2560
95	2562
95	2567
95	2571
95	2572
95	2573
95	2574
95	2576
95	2577
95	2583
95	2585
95	2588
95	2590
95	2601
95	2605
95	2608
95	2615
95	2616
95	2619
95	2623
95	2626
95	2628
95	2629
95	2631
95	2632
95	2638
95	2643
95	2644
95	2647
95	2648
95	2658
95	2661
95	2664
95	2666
95	2667
95	2668
95	2669
95	2672
95	2673
95	2674
95	2677
95	2683
95	2685
95	2686
95	2687
95	2693
95	2699
95	2700
95	2705
95	2711
95	2712
95	2716
95	2721
95	2723
95	2724
95	2729
95	2749
95	2752
95	2753
95	2758
95	2759
95	2761
95	2772
95	2777
95	2782
95	2787
95	2788
95	2789
95	2790
95	2791
95	2796
95	2797
95	2805
95	2808
95	2809
95	2810
95	2816
95	2819
95	2820
95	2821
95	2823
95	2825
95	2827
95	2828
95	2830
95	2837
95	2841
95	2842
95	2845
95	2849
95	2850
95	2851
95	2852
95	2855
95	2861
95	2867
95	2868
95	2874
95	2878
95	2881
95	2884
95	2885
95	2887
95	2888
95	2891
95	2909
95	2914
95	2915
95	2916
95	2923
95	2924
95	2926
95	2934
95	2936
95	2937
95	2943
95	2949
95	2958
95	2960
95	2965
95	2966
95	2969
95	2970
95	2971
95	2978
95	2979
95	2988
95	2989
95	2993
95	2996
95	3005
95	3012
95	3014
95	3021
95	3023
95	3024
95	3027
95	3030
95	3031
95	3034
95	3040
95	3048
95	3051
95	3053
95	3054
95	3059
95	3062
95	3063
95	3065
95	3073
95	3075
95	3078
95	3082
95	3083
95	3084
95	3085
95	3092
95	3094
95	3095
95	3097
95	3098
95	3099
95	3100
95	3102
95	3103
95	3105
95	3106
95	3109
95	3110
95	3117
95	3118
95	3122
95	3123
95	3124
95	3126
95	3133
95	3135
95	3144
95	3145
95	3152
95	3153
95	3154
95	3156
95	3160
95	3168
95	3169
95	3171
95	3178
95	3182
95	3185
95	3186
95	3194
95	3197
95	3203
95	3207
95	3208
95	3211
95	3212
95	3219
95	3220
95	3225
95	3233
95	3234
95	3236
95	3239
95	3240
95	3242
95	3247
95	3248
95	3251
95	3253
95	3255
95	3265
95	3271
95	3279
95	3283
95	3288
95	3297
95	3300
95	3306
95	3309
95	3312
95	3314
95	3320
95	3322
95	3323
95	3324
95	3325
95	3332
95	3336
95	3341
95	3342
95	3343
95	3344
95	3349
95	3353
95	3366
95	3367
95	3369
95	3371
95	3372
95	3373
95	3376
95	3381
95	3384
95	3387
95	3388
95	3389
95	3392
95	3395
95	3397
95	3398
95	3399
95	3401
95	3404
95	3409
95	3412
95	3413
95	3415
95	3419
95	3420
95	3421
95	3422
95	3423
95	3424
95	3426
95	3429
95	3432
95	3439
95	3440
95	3445
95	3447
95	3450
95	3454
95	3458
95	3472
95	3478
95	3479
95	3484
95	3497
95	3498
95	3499
95	3505
95	3507
95	3515
95	3516
95	3517
95	3519
95	3523
95	3528
95	3531
95	3532
95	3533
95	3537
95	3539
95	3543
95	3544
95	3546
95	3550
95	3553
95	3557
95	3558
95	3561
95	3564
95	3570
95	3572
95	3573
95	3574
95	3576
95	3578
95	3580
95	3583
95	3588
95	3589
95	3591
95	3593
95	3598
95	3607
95	3615
95	3616
95	3618
95	3621
95	3622
95	3623
95	3625
95	3630
95	3631
95	3634
95	3635
95	3641
95	3642
95	3643
95	3646
95	3648
95	3650
95	3656
95	3657
95	3658
95	3662
95	3666
95	3672
95	3687
95	3689
95	3694
95	3697
95	3702
95	3708
95	3718
95	3719
95	3720
95	3722
95	3724
95	3728
95	3730
95	3736
95	3737
95	3741
95	3745
95	3751
95	3755
95	3756
95	3760
95	3761
95	3763
95	3767
95	3768
95	3770
95	3773
95	3788
95	3790
95	3799
95	3800
95	3805
95	3807
95	3808
95	3810
95	3811
95	3812
95	3814
95	3815
95	3816
95	3817
95	3823
95	3825
95	3830
95	3835
95	3836
95	3843
95	3844
95	3845
95	3846
95	3849
95	3850
95	3859
95	3862
95	3863
95	3864
95	3865
95	3867
95	3868
95	3878
95	3881
95	3882
95	3884
95	3886
95	3887
95	3888
95	3889
95	3899
95	3908
95	3914
95	3915
95	3926
95	3927
95	3928
95	3930
95	3933
95	3934
95	3938
95	3946
95	3954
95	3961
95	3964
95	3965
95	3966
95	3968
95	3969
95	3970
95	3971
95	3973
95	3974
95	3975
95	3977
95	3978
95	3979
95	3981
95	3982
95	3987
95	3992
95	3993
95	3995
95	3997
95	4001
95	4002
95	4003
95	4004
95	4008
95	4010
95	4013
95	4017
95	4019
95	4025
95	4028
95	4031
95	4032
95	4037
95	4040
95	4042
95	4054
95	4059
95	4061
95	4062
95	4063
95	4067
95	4069
95	4074
95	4075
95	4078
95	4086
95	4087
95	4088
95	4090
95	4096
95	4099
95	4104
95	4108
95	4111
95	4115
95	4118
95	4120
95	4121
95	4124
95	4126
95	4130
95	4131
95	4132
95	4133
95	4134
95	4141
95	4147
95	4155
95	4163
95	4169
95	4192
95	4194
95	4200
95	4202
95	4204
95	4206
95	4212
95	4215
95	4219
95	4222
95	4224
95	4226
95	4227
95	4229
95	4231
95	4235
95	4236
95	4251
95	4252
95	4260
95	4265
95	4268
95	4272
95	4273
95	4281
95	4287
95	4288
95	4289
95	4299
95	4303
95	4305
95	4312
95	4321
95	4322
95	4323
95	4324
95	4325
95	4332
95	4336
95	4337
95	4340
95	4343
95	4345
95	4350
95	4356
95	4360
95	4363
95	4371
95	4374
95	4375
95	4379
95	4382
95	4383
95	4385
95	4391
95	4392
95	4402
95	4403
95	4413
95	4414
95	4415
95	4416
95	4417
95	4425
95	4426
95	4435
95	4440
95	4441
95	4446
95	4449
95	4452
95	4458
95	4459
95	4460
95	4462
95	4465
95	4466
95	4480
95	4482
95	4486
95	4488
95	4497
95	4499
95	4504
95	4507
95	4508
95	4509
95	4510
95	4511
95	4515
95	4527
95	4528
95	4531
95	4534
95	4535
95	4538
95	4540
95	4545
95	4551
95	4553
95	4558
95	4560
95	4561
95	4562
95	4565
95	4570
95	4576
95	4577
95	4580
95	4582
95	4583
95	4586
95	4592
95	4593
95	4600
95	4602
95	4604
95	4607
95	4609
95	4619
95	4620
95	4623
95	4636
95	4638
95	4640
95	4641
95	4647
95	4648
95	4649
95	4652
95	4653
95	4658
95	4661
95	4662
95	4665
95	4667
95	4683
95	4688
95	4689
95	4691
95	4692
95	4693
95	4696
95	4699
95	4707
95	4712
95	4713
95	4714
95	4717
95	4718
95	4719
95	4720
95	4724
95	4728
95	4729
95	4730
95	4731
95	4733
95	4738
95	4739
95	4741
95	4749
95	4759
95	4768
95	4769
95	4781
95	4784
95	4787
95	4808
95	4812
95	4814
95	4815
95	4817
95	4818
95	4819
95	4820
95	4821
95	4823
95	4831
95	4835
95	4838
95	4843
95	4846
95	4847
95	4848
95	4850
95	4853
95	4857
95	4858
95	4860
95	4863
95	4864
95	4865
95	4872
95	4875
95	4876
95	4877
95	4884
95	4888
95	4889
95	4895
95	4896
95	4900
95	4901
95	4904
95	4905
95	4907
95	4910
95	4911
95	4915
95	4916
95	4918
95	4920
95	4927
95	4930
95	4941
95	4942
95	4946
95	4951
95	4956
95	4957
95	4961
95	4964
95	4967
95	4970
95	4974
95	4975
95	4981
95	4990
95	4992
95	4997
95	5002
95	5003
95	5011
95	5012
95	5016
95	5019
95	5020
95	5029
95	5031
95	5033
95	5040
95	5041
95	5044
95	5045
95	5048
95	5053
95	5057
95	5061
95	5063
95	5064
95	5067
95	5071
95	5075
95	5089
95	5096
95	5097
95	5100
95	5106
95	5109
95	5111
95	5112
95	5114
95	5115
95	5117
95	5119
95	5120
95	5124
95	5125
95	5126
95	5137
95	5140
95	5143
95	5144
95	5147
95	5150
95	5158
95	5160
95	5163
95	5172
95	5174
95	5177
95	5182
95	5183
95	5185
95	5187
95	5188
95	5190
95	5195
95	5196
95	5199
95	5208
95	5210
95	5212
95	5215
95	5219
95	5223
95	5226
95	5230
95	5238
95	5239
95	5242
95	5246
95	5250
95	5252
95	5258
95	5261
95	5265
95	5282
95	5284
95	5286
95	5288
95	5291
95	5295
95	5298
95	5300
95	5302
95	5303
95	5304
95	5305
95	5320
95	5321
95	5323
95	5324
95	5328
95	5330
95	5335
95	5338
95	5345
95	5348
95	5349
95	5351
95	5352
95	5354
95	5359
95	5370
95	5372
95	5380
95	5381
95	5382
95	5388
95	5390
95	5394
95	5401
95	5416
95	5419
95	5422
95	5425
95	5428
95	5429
95	5430
95	5433
95	5439
95	5443
95	5448
95	5453
95	5463
95	5464
95	5465
95	5466
95	5469
95	5471
95	5480
95	5486
95	5491
95	5492
95	5494
95	5498
95	5499
95	5500
95	5505
95	5508
95	5510
95	5512
95	5514
95	5515
95	5517
95	5519
95	5524
95	5525
95	5527
95	5529
95	5530
95	5539
95	5541
95	5542
95	5544
95	5545
95	5546
95	5548
95	5553
95	5556
95	5557
95	5563
95	5565
95	5566
95	5572
95	5574
95	5582
95	5591
95	5593
95	5599
95	5600
95	5601
95	5604
95	5609
95	5612
95	5619
95	5623
95	5627
95	5628
95	5632
95	5634
95	5635
95	5636
95	5638
95	5639
95	5641
95	5644
95	5645
95	5646
95	5651
95	5652
95	5653
95	5657
95	5670
95	5673
95	5675
95	5680
95	5682
95	5684
95	5686
95	5688
95	5690
95	5692
95	5696
95	5703
95	5704
95	5706
95	5708
95	5709
95	5720
95	5721
95	5722
95	5725
95	5726
95	5733
95	5734
95	5737
95	5743
95	5748
95	5749
95	5751
95	5756
95	5763
95	5765
95	5766
95	5767
95	5768
95	5770
95	5782
95	5792
95	5794
95	5796
95	5799
95	5801
95	5802
95	5803
95	5804
95	5809
95	5812
95	5813
95	5816
95	5817
95	5820
95	5822
95	5824
95	5825
95	5829
95	5832
95	5833
95	5840
95	5842
95	5848
95	5849
95	5854
95	5860
95	5862
95	5869
95	5871
95	5877
95	5881
95	5885
95	5887
95	5889
95	5897
95	5901
95	5914
95	5916
95	5920
95	5926
95	5929
95	5933
95	5936
95	5940
95	5944
95	5947
95	5950
95	5951
95	5953
95	5955
95	5957
95	5958
95	5960
95	5966
95	5977
95	5981
95	5988
95	6001
95	6003
95	6006
95	6007
95	6008
95	6009
95	6012
95	6015
95	6018
95	6020
95	6023
95	6027
95	6031
95	6036
95	6037
95	6038
95	6039
95	6044
95	6047
95	6051
95	6052
95	6053
95	6057
95	6064
95	6066
95	6067
95	6069
95	6070
95	6072
95	6073
95	6076
95	6078
95	6081
95	6084
95	6086
95	6088
95	6089
95	6092
95	6095
95	6099
95	6111
95	6112
95	6114
95	6122
95	6125
95	6126
95	6139
95	6141
95	6142
95	6147
95	6151
95	6156
95	6157
95	6159
95	6168
95	6170
95	6181
95	6183
95	6187
95	6188
95	6191
95	6192
95	6196
95	6205
95	6208
95	6211
95	6212
95	6215
95	6219
95	6220
95	6221
95	6222
95	6223
95	6226
95	6227
95	6232
95	6241
95	6246
95	6247
95	6248
95	6256
95	6257
95	6271
95	6274
95	6275
95	6276
95	6277
95	6283
95	6286
95	6287
95	6288
95	6294
95	6299
95	6300
95	6303
95	6307
95	6308
95	6313
95	6315
95	6317
95	6325
95	6327
95	6328
95	6329
95	6330
95	6335
95	6339
95	6340
95	6342
95	6350
95	6351
95	6354
95	6362
95	6364
95	6368
95	6373
95	6374
95	6377
95	6386
95	6392
95	6397
95	6404
95	6413
95	6416
95	6417
95	6418
95	6420
95	6421
95	6422
95	6427
95	6430
95	6432
95	6438
95	6440
95	6441
95	6442
95	6443
95	6445
95	6448
95	6451
95	6454
95	6455
95	6457
95	6462
95	6463
95	6464
95	6468
95	6470
95	6476
95	6477
95	6478
95	6486
95	6487
95	6488
95	6489
95	6491
95	6497
95	6499
95	6510
95	6513
95	6514
95	6519
95	6521
95	6526
95	6531
95	6532
95	6537
95	6540
95	6541
95	6544
95	6547
95	6548
95	6549
95	6550
95	6552
95	6553
95	6556
95	6557
95	6558
95	6559
95	6560
95	6561
95	6564
95	6568
95	6570
95	6571
95	6573
95	6578
95	6584
95	6586
95	6588
95	6589
95	6592
95	6599
95	6608
95	6614
95	6615
95	6617
95	6618
95	6620
95	6622
95	6626
95	6627
95	6628
95	6630
95	6634
95	6643
95	6644
95	6645
95	6647
95	6648
95	6651
95	6654
95	6655
95	6657
95	6663
95	6664
95	6665
95	6667
95	6668
95	6671
95	6672
95	6676
95	6678
95	6687
95	6690
95	6691
95	6692
95	6694
95	6695
95	6700
95	6701
95	6703
95	6706
95	6707
95	6709
95	6710
95	6711
95	6712
95	6714
95	6719
95	6720
95	6721
95	6726
95	6727
95	6730
95	6731
95	6733
95	6734
95	6736
95	6740
95	6742
95	6748
95	6752
95	6757
95	6758
95	6767
95	6770
95	6778
95	6780
95	6781
95	6783
95	6785
95	6786
95	6789
95	6794
95	6801
95	6808
95	6814
95	6817
95	6819
95	6820
95	6822
95	6825
95	6826
95	6828
95	6829
95	6833
95	6839
95	6841
95	6844
95	6846
95	6849
95	6853
95	6857
95	6861
95	6864
95	6867
95	6869
95	6871
95	6874
95	6877
95	6880
95	6888
95	6889
95	6893
95	6911
95	6916
95	6918
95	6922
95	6923
95	6924
95	6928
95	6930
95	6937
95	6940
95	6942
95	6943
95	6958
95	6962
95	6968
95	6971
95	6973
95	6975
95	6978
95	6979
95	6982
95	6983
95	6989
95	6995
95	6997
95	6998
95	7001
95	7008
95	7017
95	7019
95	7021
95	7023
95	7024
95	7027
95	7028
95	7032
95	7036
95	7041
95	7042
95	7043
95	7049
95	7051
95	7052
95	7054
95	7060
95	7062
95	7066
95	7067
95	7069
95	7074
95	7077
95	7082
95	7083
95	7084
95	7086
95	7088
95	7096
95	7100
95	7101
95	7109
95	7116
95	7121
95	7125
95	7126
95	7130
95	7132
95	7134
95	7135
95	7139
95	7140
95	7145
95	7147
95	7149
95	7152
95	7158
95	7164
95	7165
95	7167
95	7172
95	7177
95	7178
95	7183
95	7184
95	7186
95	7190
95	7192
95	7193
95	7197
95	7200
95	7201
95	7203
95	7204
95	7206
95	7207
95	7215
95	7216
95	7217
95	7219
95	7222
95	7224
95	7226
95	7233
95	7242
95	7244
95	7246
95	7247
95	7250
95	7251
95	7254
95	7255
95	7262
95	7263
95	7267
95	7268
95	7272
95	7276
95	7277
95	7278
95	7279
95	7281
95	7284
95	7290
95	7291
95	7292
95	7306
95	7311
95	7318
95	7325
95	7327
95	7333
95	7335
95	7337
95	7343
95	7346
95	7347
95	7349
95	7351
95	7352
95	7357
95	7362
95	7365
95	7367
95	7369
95	7372
95	7377
95	7379
95	7380
95	7381
95	7382
95	7383
95	7387
95	7394
95	7398
95	7401
95	7405
95	7406
95	7407
95	7408
95	7409
95	7422
95	7425
95	7435
95	7436
95	7442
95	7452
95	7453
95	7455
95	7456
95	7457
95	7461
95	7463
95	7467
95	7474
95	7476
95	7478
95	7480
95	7481
95	7482
95	7483
95	7484
95	7485
95	7489
95	7502
95	7503
95	7508
95	7509
95	7510
95	7520
95	7522
95	7524
95	7526
95	7529
95	7530
95	7532
95	7545
95	7547
95	7554
95	7562
95	7566
95	7567
95	7573
95	7574
95	7578
95	7582
95	7583
95	7585
95	7593
95	7594
95	7597
95	7600
95	7603
95	7604
95	7617
95	7620
95	7621
95	7622
95	7623
95	7627
95	7629
95	7630
95	7633
95	7640
95	7644
95	7645
95	7648
95	7652
95	7653
95	7659
95	7660
95	7661
95	7664
95	7665
95	7668
95	7673
95	7684
95	7687
95	7692
95	7693
95	7694
95	7695
95	7698
95	7701
95	7706
95	7711
95	7716
95	7717
95	7719
95	7721
95	7722
95	7729
95	7731
95	7736
95	7742
95	7749
95	7753
95	7755
95	7756
95	7763
95	7766
95	7769
95	7770
95	7772
95	7773
95	7778
95	7779
95	7782
95	7786
95	7787
95	7791
95	7792
95	7793
95	7796
95	7797
95	7802
95	7804
95	7812
95	7814
95	7820
95	7821
95	7822
95	7823
95	7830
95	7832
95	7837
95	7842
95	7844
95	7850
95	7853
95	7862
95	7868
95	7870
95	7872
95	7874
95	7875
95	7877
95	7882
95	7884
95	7885
95	7886
95	7887
95	7890
95	7895
95	7897
95	7902
95	7910
95	7912
95	7916
95	7918
95	7922
95	7928
95	7929
95	7936
95	7940
95	7949
95	7950
95	7955
95	7956
95	7967
95	7975
95	7992
95	7995
95	7996
95	8005
95	8009
95	8015
95	8017
95	8018
95	8020
95	8023
95	8024
95	8025
95	8026
95	8030
95	8034
95	8035
95	8036
95	8039
95	8047
95	8048
95	8052
95	8053
95	8054
95	8055
95	8066
95	8069
95	8070
95	8074
95	8076
95	8088
95	8091
95	8092
95	8093
95	8094
95	8098
95	8100
95	8102
95	8103
95	8106
95	8107
95	8118
95	8125
95	8127
95	8128
95	8129
95	8132
95	8136
95	8139
95	8140
95	8150
95	8151
95	8152
95	8162
95	8164
95	8167
95	8169
95	8170
95	8178
95	8179
95	8180
95	8181
95	8182
95	8183
95	8186
95	8189
95	8194
95	8199
95	8203
95	8204
95	8211
95	8216
95	8217
95	8219
95	8222
95	8224
95	8225
95	8229
95	8230
95	8237
95	8243
95	8245
95	8249
95	8255
95	8264
95	8269
95	8271
95	8274
95	8277
95	8282
95	8284
95	8286
95	8291
95	8293
95	8295
95	8298
95	8299
95	8300
95	8303
95	8308
95	8311
95	8315
95	8317
95	8319
95	8327
95	8331
95	8336
95	8337
95	8340
95	8341
95	8342
95	8345
95	8346
95	8347
95	8350
95	8351
95	8353
95	8355
95	8359
95	8360
95	8362
95	8363
95	8366
95	8368
95	8373
95	8374
95	8378
95	8381
95	8382
95	8387
95	8393
95	8395
95	8399
95	8401
95	8402
95	8404
95	8405
95	8406
95	8411
95	8413
95	8417
95	8421
95	8423
95	8432
95	8433
95	8437
95	8438
95	8440
95	8443
95	8444
95	8445
95	8447
95	8452
95	8454
95	8456
95	8459
95	8466
95	8470
95	8476
95	8478
95	8480
95	8482
95	8483
95	8486
95	8487
95	8488
95	8497
95	8503
95	8507
95	8508
95	8513
95	8516
95	8520
95	8523
95	8534
95	8542
95	8543
95	8544
95	8545
95	8549
95	8574
95	8581
95	8583
95	8584
95	8586
95	8587
95	8591
95	8593
95	8594
95	8596
95	8599
95	8602
95	8603
95	8605
95	8606
95	8609
95	8610
95	8611
95	8620
95	8621
95	8622
95	8624
95	8625
95	8629
95	8631
95	8634
95	8636
95	8640
95	8646
95	8651
95	8656
95	8660
95	8662
95	8667
95	8668
95	8671
95	8674
95	8675
95	8676
95	8678
95	8682
95	8696
95	8697
95	8699
95	8700
95	8703
95	8704
95	8706
95	8708
95	8711
95	8712
95	8713
95	8718
95	8723
95	8727
95	8728
95	8734
95	8741
95	8746
95	8748
95	8750
95	8752
95	8758
95	8761
95	8763
95	8765
95	8766
95	8770
95	8772
95	8773
95	8775
95	8776
95	8783
95	8787
95	8788
95	8792
95	8802
95	8805
95	8806
95	8809
95	8810
95	8814
95	8820
95	8821
95	8822
95	8824
95	8826
95	8828
95	8830
95	8832
95	8834
95	8835
95	8841
95	8844
95	8847
95	8878
95	8881
95	8882
95	8884
95	8886
95	8889
95	8895
95	8900
95	8901
95	8902
95	8910
95	8911
95	8912
95	8914
95	8916
95	8918
95	8919
95	8923
95	8926
95	8927
95	8929
95	8935
95	8938
95	8940
95	8948
95	8950
95	8952
95	8955
95	8956
95	8963
95	8964
95	8967
95	8972
95	8973
95	8977
95	8979
95	8984
95	8987
95	8991
95	8992
95	8995
95	8998
95	9001
95	9002
95	9004
95	9008
95	9009
95	9010
95	9011
95	9012
95	9018
95	9019
95	9025
95	9026
95	9027
95	9036
95	9038
95	9039
95	9042
95	9043
95	9044
95	9053
95	9055
95	9059
95	9060
95	9062
95	9063
95	9069
95	9071
95	9073
95	9076
95	9077
95	9090
95	9091
95	9095
95	9096
95	9099
95	9100
95	9105
95	9109
95	9110
95	9112
95	9123
95	9127
95	9135
95	9142
95	9144
95	9153
95	9154
95	9157
95	9160
95	9162
95	9167
95	9172
95	9173
95	9174
95	9178
95	9179
95	9181
95	9182
95	9186
95	9191
95	9193
95	9195
95	9203
95	9206
95	9208
95	9211
95	9213
95	9214
95	9216
95	9229
95	9230
95	9240
95	9241
95	9243
95	9244
95	9247
95	9248
95	9250
95	9253
95	9256
95	9262
95	9265
95	9266
95	9271
95	9274
95	9275
95	9278
95	9279
95	9281
95	9290
95	9291
95	9293
95	9296
95	9297
95	9304
95	9305
95	9309
95	9310
95	9313
95	9315
95	9320
95	9323
95	9326
95	9329
95	9339
95	9342
95	9345
95	9346
95	9348
95	9349
95	9353
95	9356
95	9362
95	9367
95	9377
95	9378
95	9379
95	9382
95	9384
95	9386
95	9387
95	9389
95	9393
95	9394
95	9396
95	9400
95	9409
95	9415
95	9419
95	9420
95	9424
95	9425
95	9433
95	9434
95	9436
95	9437
95	9440
95	9441
95	9443
95	9447
95	9454
95	9457
95	9460
95	9468
95	9476
95	9479
95	9482
95	9487
95	9488
95	9490
95	9493
95	9494
95	9495
95	9502
95	9503
95	9504
95	9508
95	9509
95	9513
95	9524
95	9526
95	9532
95	9538
95	9539
95	9540
95	9541
95	9547
95	9552
95	9556
95	9559
95	9560
95	9561
95	9568
95	9586
95	9588
95	9592
95	9593
95	9596
95	9597
95	9599
95	9600
95	9601
95	9610
95	9612
95	9617
95	9619
95	9620
95	9626
95	9629
95	9632
95	9638
95	9641
95	9645
95	9650
95	9652
95	9655
95	9657
95	9662
95	9672
95	9679
95	9687
95	9691
95	9694
95	9699
95	9705
95	9706
95	9707
95	9708
95	9716
95	9718
95	9720
95	9723
95	9724
95	9725
95	9729
95	9730
95	9736
95	9737
95	9741
95	9745
95	9747
95	9751
95	9752
95	9754
95	9764
95	9772
95	9775
95	9776
95	9777
95	9781
95	9785
95	9789
95	9792
95	9807
95	9814
95	9821
95	9824
95	9825
95	9836
95	9839
95	9853
95	9855
95	9857
95	9858
95	9864
95	9865
95	9866
95	9867
95	9871
95	9872
95	9884
95	9888
95	9895
95	9899
95	9901
95	9906
95	9907
95	9909
95	9911
95	9919
95	9921
95	9922
95	9925
95	9928
95	9931
95	9934
95	9936
95	9940
95	9943
95	9946
95	9950
95	9951
95	9953
95	9954
95	9955
95	9959
95	9962
95	9964
95	9966
95	9978
95	9979
95	9983
95	9984
95	9985
95	9989
95	9990
95	9991
96	1
96	3
96	6
96	10
96	12
96	22
96	25
96	26
96	28
96	30
96	39
96	40
96	45
96	50
96	51
96	57
96	59
96	61
96	63
96	66
96	71
96	73
96	75
96	76
96	80
96	90
96	93
96	94
96	97
96	103
96	104
96	108
96	109
96	110
96	113
96	114
96	116
96	117
96	119
96	125
96	126
96	142
96	146
96	150
96	154
96	160
96	162
96	167
96	168
96	171
96	172
96	174
96	178
96	185
96	188
96	189
96	191
96	192
96	196
96	198
96	202
96	204
96	206
96	208
96	211
96	213
96	215
96	216
96	219
96	222
96	225
96	230
96	239
96	240
96	241
96	244
96	245
96	248
96	250
96	254
96	256
96	258
96	261
96	262
96	265
96	266
96	270
96	271
96	277
96	279
96	280
96	281
96	282
96	283
96	285
96	288
96	290
96	292
96	294
96	299
96	301
96	313
96	317
96	320
96	324
96	325
96	326
96	328
96	341
96	342
96	344
96	347
96	354
96	355
96	357
96	358
96	363
96	365
96	366
96	369
96	371
96	373
96	380
96	382
96	383
96	385
96	386
96	395
96	402
96	403
96	414
96	418
96	421
96	424
96	431
96	434
96	436
96	437
96	438
96	439
96	442
96	447
96	449
96	450
96	451
96	453
96	460
96	461
96	462
96	465
96	467
96	469
96	470
96	471
96	472
96	473
96	474
96	475
96	477
96	479
96	480
96	482
96	484
96	486
96	489
96	490
96	496
96	511
96	513
96	514
96	515
96	516
96	519
96	522
96	523
96	540
96	541
96	542
96	545
96	546
96	547
96	549
96	550
96	551
96	560
96	561
96	565
96	576
96	578
96	582
96	588
96	592
96	597
96	599
96	606
96	607
96	608
96	610
96	611
96	612
96	618
96	624
96	626
96	633
96	634
96	635
96	637
96	641
96	642
96	647
96	652
96	654
96	657
96	663
96	665
96	666
96	668
96	673
96	677
96	681
96	683
96	684
96	686
96	687
96	688
96	689
96	691
96	693
96	698
96	706
96	709
96	710
96	714
96	715
96	718
96	719
96	722
96	735
96	736
96	745
96	751
96	758
96	764
96	767
96	769
96	770
96	771
96	776
96	780
96	787
96	788
96	790
96	791
96	792
96	797
96	802
96	805
96	807
96	812
96	813
96	814
96	818
96	820
96	824
96	826
96	832
96	836
96	838
96	839
96	851
96	856
96	857
96	862
96	864
96	865
96	869
96	870
96	876
96	878
96	881
96	883
96	884
96	885
96	888
96	892
96	897
96	898
96	904
96	910
96	912
96	916
96	917
96	918
96	924
96	925
96	927
96	929
96	932
96	936
96	937
96	942
96	943
96	944
96	952
96	953
96	954
96	956
96	959
96	960
96	967
96	968
96	975
96	976
96	984
96	985
96	989
96	991
96	994
96	1001
96	1004
96	1006
96	1013
96	1016
96	1017
96	1018
96	1040
96	1045
96	1051
96	1052
96	1053
96	1055
96	1056
96	1057
96	1059
96	1061
96	1063
96	1065
96	1066
96	1071
96	1077
96	1078
96	1081
96	1082
96	1084
96	1089
96	1090
96	1091
96	1098
96	1104
96	1109
96	1117
96	1120
96	1122
96	1137
96	1138
96	1139
96	1147
96	1150
96	1156
96	1159
96	1160
96	1161
96	1162
96	1165
96	1169
96	1171
96	1173
96	1178
96	1179
96	1187
96	1188
96	1189
96	1193
96	1195
96	1196
96	1207
96	1218
96	1219
96	1221
96	1228
96	1234
96	1235
96	1237
96	1238
96	1247
96	1251
96	1252
96	1253
96	1255
96	1256
96	1262
96	1265
96	1267
96	1270
96	1271
96	1279
96	1283
96	1285
96	1289
96	1291
96	1301
96	1302
96	1303
96	1305
96	1306
96	1307
96	1308
96	1314
96	1331
96	1333
96	1337
96	1342
96	1343
96	1347
96	1354
96	1355
96	1358
96	1359
96	1362
96	1367
96	1375
96	1377
96	1379
96	1380
96	1383
96	1385
96	1386
96	1389
96	1390
96	1394
96	1401
96	1404
96	1405
96	1409
96	1410
96	1414
96	1416
96	1418
96	1419
96	1423
96	1429
96	1431
96	1439
96	1442
96	1444
96	1448
96	1454
96	1455
96	1460
96	1461
96	1462
96	1469
96	1472
96	1479
96	1481
96	1482
96	1487
96	1488
96	1490
96	1491
96	1493
96	1497
96	1504
96	1509
96	1510
96	1513
96	1516
96	1520
96	1521
96	1522
96	1524
96	1528
96	1529
96	1531
96	1533
96	1538
96	1543
96	1548
96	1550
96	1554
96	1560
96	1562
96	1566
96	1567
96	1577
96	1579
96	1583
96	1584
96	1588
96	1600
96	1601
96	1604
96	1607
96	1617
96	1619
96	1624
96	1627
96	1628
96	1630
96	1632
96	1636
96	1637
96	1643
96	1644
96	1646
96	1647
96	1648
96	1650
96	1652
96	1658
96	1659
96	1662
96	1665
96	1667
96	1672
96	1674
96	1677
96	1678
96	1681
96	1685
96	1698
96	1699
96	1703
96	1712
96	1719
96	1720
96	1723
96	1725
96	1726
96	1727
96	1731
96	1732
96	1733
96	1734
96	1738
96	1741
96	1743
96	1746
96	1752
96	1759
96	1760
96	1763
96	1766
96	1771
96	1772
96	1775
96	1776
96	1780
96	1784
96	1785
96	1787
96	1789
96	1797
96	1802
96	1806
96	1810
96	1811
96	1813
96	1814
96	1815
96	1819
96	1825
96	1828
96	1829
96	1832
96	1843
96	1847
96	1852
96	1856
96	1857
96	1858
96	1872
96	1873
96	1876
96	1877
96	1882
96	1890
96	1894
96	1895
96	1898
96	1901
96	1904
96	1907
96	1910
96	1913
96	1918
96	1919
96	1923
96	1924
96	1926
96	1928
96	1929
96	1935
96	1937
96	1945
96	1948
96	1950
96	1952
96	1953
96	1957
96	1962
96	1966
96	1967
96	1974
96	1985
96	1990
96	1991
96	1992
96	1993
96	1997
96	1999
96	2002
96	2007
96	2009
96	2014
96	2017
96	2018
96	2019
96	2020
96	2024
96	2025
96	2026
96	2032
96	2041
96	2045
96	2046
96	2048
96	2060
96	2061
96	2066
96	2082
96	2094
96	2095
96	2097
96	2098
96	2101
96	2104
96	2107
96	2108
96	2109
96	2110
96	2114
96	2115
96	2117
96	2119
96	2123
96	2129
96	2131
96	2132
96	2133
96	2138
96	2141
96	2147
96	2158
96	2159
96	2167
96	2175
96	2181
96	2183
96	2186
96	2191
96	2193
96	2198
96	2199
96	2207
96	2209
96	2211
96	2212
96	2216
96	2225
96	2226
96	2228
96	2232
96	2233
96	2237
96	2238
96	2239
96	2240
96	2241
96	2242
96	2244
96	2246
96	2248
96	2250
96	2251
96	2255
96	2257
96	2260
96	2268
96	2269
96	2270
96	2274
96	2275
96	2278
96	2284
96	2288
96	2289
96	2302
96	2317
96	2323
96	2334
96	2336
96	2337
96	2338
96	2346
96	2350
96	2353
96	2357
96	2361
96	2362
96	2366
96	2372
96	2377
96	2380
96	2381
96	2384
96	2386
96	2389
96	2390
96	2391
96	2393
96	2394
96	2400
96	2401
96	2402
96	2408
96	2409
96	2412
96	2414
96	2420
96	2424
96	2427
96	2430
96	2431
96	2432
96	2436
96	2440
96	2441
96	2442
96	2446
96	2447
96	2451
96	2453
96	2459
96	2461
96	2462
96	2470
96	2475
96	2478
96	2484
96	2488
96	2489
96	2490
96	2491
96	2496
96	2497
96	2504
96	2505
96	2507
96	2511
96	2512
96	2517
96	2520
96	2521
96	2523
96	2530
96	2538
96	2548
96	2551
96	2554
96	2556
96	2557
96	2564
96	2568
96	2569
96	2570
96	2575
96	2581
96	2587
96	2595
96	2612
96	2621
96	2624
96	2625
96	2633
96	2639
96	2642
96	2646
96	2653
96	2654
96	2659
96	2660
96	2663
96	2678
96	2679
96	2680
96	2684
96	2692
96	2694
96	2698
96	2702
96	2703
96	2707
96	2714
96	2720
96	2725
96	2726
96	2731
96	2735
96	2736
96	2737
96	2738
96	2740
96	2743
96	2747
96	2748
96	2750
96	2756
96	2768
96	2773
96	2774
96	2776
96	2780
96	2784
96	2799
96	2800
96	2801
96	2806
96	2811
96	2817
96	2822
96	2826
96	2829
96	2831
96	2833
96	2834
96	2836
96	2839
96	2843
96	2846
96	2847
96	2859
96	2860
96	2869
96	2876
96	2877
96	2879
96	2883
96	2897
96	2901
96	2902
96	2903
96	2904
96	2905
96	2906
96	2908
96	2912
96	2917
96	2920
96	2929
96	2930
96	2931
96	2940
96	2947
96	2950
96	2951
96	2957
96	2959
96	2963
96	2964
96	2974
96	2976
96	2984
96	2985
96	2991
96	2998
96	2999
96	3001
96	3003
96	3007
96	3008
96	3009
96	3010
96	3013
96	3015
96	3018
96	3028
96	3029
96	3035
96	3046
96	3049
96	3050
96	3052
96	3058
96	3061
96	3079
96	3086
96	3087
96	3090
96	3091
96	3093
96	3096
96	3104
96	3114
96	3115
96	3119
96	3121
96	3125
96	3127
96	3130
96	3134
96	3137
96	3138
96	3141
96	3146
96	3147
96	3148
96	3151
96	3155
96	3161
96	3167
96	3173
96	3184
96	3189
96	3193
96	3199
96	3201
96	3205
96	3213
96	3214
96	3215
96	3218
96	3221
96	3223
96	3226
96	3227
96	3231
96	3237
96	3238
96	3249
96	3250
96	3254
96	3261
96	3264
96	3268
96	3269
96	3275
96	3276
96	3277
96	3285
96	3286
96	3296
96	3302
96	3304
96	3315
96	3317
96	3326
96	3327
96	3328
96	3330
96	3331
96	3334
96	3338
96	3339
96	3347
96	3357
96	3358
96	3359
96	3363
96	3364
96	3365
96	3374
96	3375
96	3378
96	3379
96	3380
96	3383
96	3386
96	3396
96	3405
96	3406
96	3408
96	3410
96	3411
96	3414
96	3416
96	3418
96	3425
96	3430
96	3436
96	3437
96	3438
96	3442
96	3449
96	3451
96	3452
96	3453
96	3455
96	3456
96	3457
96	3462
96	3463
96	3465
96	3467
96	3471
96	3476
96	3477
96	3480
96	3483
96	3486
96	3487
96	3491
96	3492
96	3495
96	3500
96	3502
96	3504
96	3506
96	3510
96	3512
96	3514
96	3520
96	3521
96	3522
96	3524
96	3526
96	3529
96	3536
96	3538
96	3542
96	3545
96	3548
96	3551
96	3556
96	3567
96	3568
96	3569
96	3571
96	3581
96	3582
96	3584
96	3586
96	3592
96	3596
96	3601
96	3602
96	3605
96	3606
96	3608
96	3611
96	3612
96	3617
96	3620
96	3626
96	3627
96	3636
96	3637
96	3638
96	3639
96	3645
96	3651
96	3652
96	3653
96	3655
96	3659
96	3660
96	3667
96	3668
96	3674
96	3682
96	3683
96	3684
96	3686
96	3688
96	3691
96	3692
96	3693
96	3705
96	3711
96	3712
96	3714
96	3715
96	3717
96	3723
96	3725
96	3726
96	3740
96	3742
96	3743
96	3744
96	3747
96	3752
96	3758
96	3759
96	3764
96	3765
96	3772
96	3778
96	3779
96	3781
96	3782
96	3786
96	3787
96	3792
96	3793
96	3795
96	3798
96	3802
96	3804
96	3806
96	3809
96	3818
96	3820
96	3822
96	3824
96	3826
96	3827
96	3828
96	3829
96	3833
96	3834
96	3839
96	3842
96	3848
96	3852
96	3855
96	3856
96	3869
96	3870
96	3872
96	3877
96	3880
96	3890
96	3892
96	3893
96	3896
96	3897
96	3901
96	3906
96	3910
96	3911
96	3912
96	3913
96	3916
96	3918
96	3921
96	3923
96	3924
96	3925
96	3932
96	3935
96	3942
96	3943
96	3945
96	3947
96	3952
96	3955
96	3960
96	3963
96	3972
96	3980
96	3990
96	3991
96	3996
96	4000
96	4006
96	4012
96	4014
96	4015
96	4020
96	4022
96	4023
96	4027
96	4029
96	4033
96	4036
96	4051
96	4052
96	4053
96	4055
96	4065
96	4068
96	4070
96	4073
96	4080
96	4081
96	4083
96	4084
96	4085
96	4089
96	4091
96	4093
96	4094
96	4097
96	4103
96	4105
96	4106
96	4107
96	4116
96	4117
96	4129
96	4138
96	4139
96	4142
96	4149
96	4150
96	4153
96	4156
96	4158
96	4159
96	4161
96	4164
96	4165
96	4170
96	4173
96	4177
96	4178
96	4191
96	4197
96	4199
96	4203
96	4209
96	4211
96	4214
96	4216
96	4217
96	4221
96	4230
96	4232
96	4233
96	4237
96	4238
96	4239
96	4243
96	4244
96	4246
96	4247
96	4248
96	4254
96	4257
96	4258
96	4262
96	4267
96	4271
96	4275
96	4282
96	4290
96	4294
96	4296
96	4297
96	4298
96	4300
96	4304
96	4307
96	4310
96	4314
96	4316
96	4317
96	4318
96	4319
96	4327
96	4331
96	4333
96	4342
96	4347
96	4348
96	4351
96	4352
96	4353
96	4358
96	4362
96	4366
96	4370
96	4377
96	4384
96	4386
96	4388
96	4389
96	4390
96	4396
96	4397
96	4399
96	4401
96	4407
96	4408
96	4409
96	4410
96	4419
96	4421
96	4424
96	4427
96	4428
96	4434
96	4436
96	4437
96	4438
96	4454
96	4457
96	4473
96	4474
96	4477
96	4478
96	4479
96	4483
96	4484
96	4491
96	4494
96	4498
96	4502
96	4503
96	4506
96	4512
96	4519
96	4521
96	4525
96	4533
96	4541
96	4542
96	4544
96	4546
96	4548
96	4554
96	4555
96	4556
96	4557
96	4563
96	4566
96	4567
96	4568
96	4569
96	4572
96	4574
96	4575
96	4579
96	4585
96	4591
96	4596
96	4603
96	4610
96	4612
96	4613
96	4616
96	4618
96	4624
96	4626
96	4629
96	4642
96	4644
96	4646
96	4651
96	4657
96	4659
96	4663
96	4664
96	4666
96	4670
96	4676
96	4677
96	4678
96	4681
96	4682
96	4684
96	4685
96	4686
96	4687
96	4690
96	4694
96	4695
96	4697
96	4702
96	4705
96	4706
96	4708
96	4709
96	4715
96	4722
96	4723
96	4735
96	4743
96	4745
96	4746
96	4750
96	4752
96	4754
96	4761
96	4762
96	4767
96	4771
96	4772
96	4774
96	4777
96	4780
96	4783
96	4785
96	4789
96	4793
96	4795
96	4799
96	4801
96	4811
96	4813
96	4825
96	4826
96	4827
96	4832
96	4834
96	4836
96	4837
96	4841
96	4842
96	4845
96	4851
96	4854
96	4855
96	4859
96	4867
96	4869
96	4870
96	4878
96	4881
96	4882
96	4883
96	4885
96	4891
96	4892
96	4893
96	4897
96	4898
96	4902
96	4906
96	4909
96	4913
96	4917
96	4921
96	4922
96	4923
96	4928
96	4933
96	4934
96	4936
96	4937
96	4939
96	4940
96	4944
96	4960
96	4962
96	4966
96	4968
96	4971
96	4976
96	4979
96	4984
96	4986
96	4987
96	4993
96	4995
96	4999
96	5004
96	5005
96	5006
96	5007
96	5010
96	5013
96	5018
96	5022
96	5024
96	5026
96	5027
96	5028
96	5035
96	5037
96	5039
96	5043
96	5049
96	5050
96	5068
96	5070
96	5076
96	5078
96	5082
96	5083
96	5084
96	5087
96	5093
96	5099
96	5102
96	5110
96	5116
96	5118
96	5121
96	5128
96	5129
96	5135
96	5141
96	5145
96	5148
96	5149
96	5156
96	5161
96	5175
96	5180
96	5184
96	5193
96	5194
96	5201
96	5202
96	5204
96	5205
96	5211
96	5216
96	5220
96	5221
96	5229
96	5232
96	5234
96	5243
96	5247
96	5251
96	5253
96	5268
96	5273
96	5274
96	5275
96	5277
96	5280
96	5285
96	5287
96	5293
96	5297
96	5299
96	5310
96	5311
96	5312
96	5313
96	5315
96	5317
96	5319
96	5325
96	5326
96	5327
96	5329
96	5331
96	5333
96	5334
96	5353
96	5358
96	5361
96	5364
96	5368
96	5369
96	5371
96	5375
96	5376
96	5377
96	5378
96	5379
96	5384
96	5389
96	5392
96	5396
96	5398
96	5400
96	5403
96	5404
96	5408
96	5411
96	5414
96	5415
96	5417
96	5418
96	5420
96	5421
96	5423
96	5434
96	5444
96	5449
96	5452
96	5455
96	5457
96	5458
96	5459
96	5461
96	5473
96	5476
96	5478
96	5479
96	5481
96	5488
96	5489
96	5495
96	5496
96	5501
96	5502
96	5504
96	5506
96	5531
96	5533
96	5538
96	5540
96	5549
96	5550
96	5559
96	5561
96	5570
96	5571
96	5576
96	5580
96	5583
96	5584
96	5588
96	5590
96	5594
96	5595
96	5603
96	5606
96	5607
96	5613
96	5615
96	5616
96	5617
96	5624
96	5626
96	5633
96	5643
96	5647
96	5649
96	5658
96	5659
96	5661
96	5663
96	5666
96	5671
96	5672
96	5676
96	5677
96	5679
96	5681
96	5685
96	5689
96	5691
96	5694
96	5697
96	5698
96	5699
96	5700
96	5705
96	5707
96	5717
96	5727
96	5728
96	5739
96	5740
96	5744
96	5750
96	5752
96	5754
96	5755
96	5759
96	5760
96	5764
96	5771
96	5773
96	5774
96	5775
96	5776
96	5783
96	5784
96	5787
96	5789
96	5793
96	5795
96	5797
96	5798
96	5800
96	5805
96	5807
96	5814
96	5818
96	5819
96	5826
96	5828
96	5830
96	5834
96	5836
96	5837
96	5838
96	5841
96	5843
96	5844
96	5845
96	5846
96	5851
96	5852
96	5855
96	5859
96	5863
96	5864
96	5865
96	5872
96	5873
96	5874
96	5882
96	5888
96	5890
96	5891
96	5894
96	5896
96	5898
96	5903
96	5904
96	5908
96	5909
96	5911
96	5912
96	5913
96	5918
96	5922
96	5924
96	5925
96	5928
96	5930
96	5932
96	5935
96	5937
96	5941
96	5942
96	5946
96	5948
96	5949
96	5961
96	5965
96	5967
96	5968
96	5973
96	5975
96	5979
96	5984
96	5985
96	5986
96	5987
96	5989
96	5991
96	5994
96	5997
96	5998
96	6005
96	6011
96	6013
96	6019
96	6029
96	6030
96	6032
96	6040
96	6042
96	6043
96	6045
96	6048
96	6049
96	6050
96	6055
96	6056
96	6058
96	6063
96	6065
96	6068
96	6074
96	6082
96	6085
96	6087
96	6090
96	6093
96	6096
96	6098
96	6100
96	6101
96	6102
96	6103
96	6113
96	6116
96	6117
96	6119
96	6120
96	6123
96	6127
96	6128
96	6130
96	6132
96	6134
96	6140
96	6144
96	6148
96	6152
96	6153
96	6154
96	6158
96	6162
96	6164
96	6166
96	6172
96	6180
96	6182
96	6185
96	6189
96	6193
96	6194
96	6200
96	6202
96	6204
96	6207
96	6210
96	6213
96	6214
96	6216
96	6217
96	6224
96	6225
96	6228
96	6230
96	6231
96	6233
96	6234
96	6239
96	6240
96	6242
96	6244
96	6245
96	6249
96	6252
96	6254
96	6258
96	6262
96	6263
96	6264
96	6268
96	6272
96	6278
96	6289
96	6290
96	6291
96	6295
96	6301
96	6302
96	6305
96	6306
96	6310
96	6312
96	6316
96	6320
96	6321
96	6323
96	6324
96	6331
96	6332
96	6333
96	6338
96	6341
96	6343
96	6344
96	6347
96	6352
96	6353
96	6357
96	6359
96	6372
96	6375
96	6379
96	6381
96	6382
96	6387
96	6388
96	6394
96	6398
96	6399
96	6400
96	6403
96	6406
96	6410
96	6411
96	6414
96	6415
96	6425
96	6426
96	6429
96	6431
96	6436
96	6439
96	6444
96	6446
96	6449
96	6453
96	6456
96	6458
96	6460
96	6461
96	6466
96	6469
96	6471
96	6474
96	6475
96	6483
96	6484
96	6490
96	6492
96	6494
96	6495
96	6496
96	6498
96	6500
96	6501
96	6503
96	6504
96	6505
96	6512
96	6518
96	6520
96	6522
96	6525
96	6529
96	6533
96	6542
96	6543
96	6546
96	6566
96	6572
96	6576
96	6577
96	6581
96	6583
96	6591
96	6594
96	6596
96	6598
96	6600
96	6602
96	6604
96	6607
96	6611
96	6612
96	6616
96	6624
96	6633
96	6635
96	6638
96	6640
96	6641
96	6646
96	6653
96	6656
96	6659
96	6661
96	6662
96	6669
96	6673
96	6677
96	6679
96	6682
96	6683
96	6688
96	6689
96	6696
96	6705
96	6715
96	6717
96	6723
96	6724
96	6728
96	6732
96	6737
96	6739
96	6743
96	6744
96	6745
96	6746
96	6747
96	6749
96	6750
96	6751
96	6753
96	6756
96	6760
96	6761
96	6763
96	6764
96	6768
96	6771
96	6772
96	6773
96	6775
96	6776
96	6779
96	6782
96	6787
96	6790
96	6791
96	6795
96	6799
96	6803
96	6810
96	6827
96	6835
96	6836
96	6840
96	6847
96	6850
96	6851
96	6855
96	6858
96	6862
96	6863
96	6865
96	6868
96	6873
96	6884
96	6885
96	6887
96	6898
96	6903
96	6905
96	6906
96	6909
96	6910
96	6914
96	6915
96	6920
96	6921
96	6925
96	6926
96	6929
96	6936
96	6939
96	6951
96	6952
96	6954
96	6956
96	6961
96	6965
96	6969
96	6972
96	6977
96	6981
96	6984
96	6985
96	6986
96	6988
96	6990
96	6992
96	6999
96	7000
96	7005
96	7007
96	7011
96	7012
96	7018
96	7020
96	7022
96	7026
96	7029
96	7030
96	7031
96	7046
96	7047
96	7048
96	7053
96	7058
96	7061
96	7065
96	7068
96	7070
96	7072
96	7079
96	7081
96	7091
96	7094
96	7095
96	7103
96	7104
96	7110
96	7115
96	7118
96	7120
96	7129
96	7138
96	7141
96	7143
96	7150
96	7157
96	7160
96	7162
96	7170
96	7173
96	7175
96	7176
96	7179
96	7181
96	7182
96	7185
96	7191
96	7195
96	7199
96	7210
96	7212
96	7214
96	7218
96	7221
96	7227
96	7229
96	7230
96	7236
96	7239
96	7248
96	7252
96	7257
96	7259
96	7260
96	7264
96	7266
96	7270
96	7271
96	7273
96	7275
96	7282
96	7283
96	7285
96	7288
96	7296
96	7297
96	7299
96	7301
96	7302
96	7304
96	7305
96	7307
96	7308
96	7310
96	7313
96	7314
96	7322
96	7323
96	7324
96	7330
96	7331
96	7332
96	7336
96	7342
96	7345
96	7348
96	7350
96	7353
96	7355
96	7356
96	7359
96	7361
96	7371
96	7378
96	7384
96	7385
96	7386
96	7388
96	7389
96	7393
96	7395
96	7397
96	7399
96	7412
96	7413
96	7415
96	7416
96	7418
96	7419
96	7420
96	7431
96	7438
96	7439
96	7445
96	7447
96	7459
96	7464
96	7472
96	7475
96	7477
96	7479
96	7486
96	7488
96	7490
96	7491
96	7496
96	7497
96	7499
96	7504
96	7506
96	7514
96	7515
96	7516
96	7521
96	7523
96	7527
96	7528
96	7534
96	7537
96	7538
96	7539
96	7540
96	7543
96	7549
96	7551
96	7552
96	7555
96	7561
96	7569
96	7571
96	7572
96	7575
96	7577
96	7580
96	7586
96	7588
96	7589
96	7592
96	7595
96	7596
96	7598
96	7599
96	7602
96	7606
96	7607
96	7608
96	7609
96	7612
96	7613
96	7618
96	7619
96	7625
96	7628
96	7631
96	7632
96	7635
96	7636
96	7637
96	7638
96	7643
96	7647
96	7650
96	7651
96	7656
96	7657
96	7663
96	7670
96	7671
96	7674
96	7675
96	7677
96	7680
96	7685
96	7688
96	7689
96	7696
96	7697
96	7699
96	7700
96	7702
96	7704
96	7710
96	7712
96	7713
96	7714
96	7715
96	7718
96	7725
96	7726
96	7730
96	7732
96	7734
96	7737
96	7739
96	7744
96	7746
96	7758
96	7759
96	7761
96	7762
96	7771
96	7774
96	7780
96	7781
96	7794
96	7799
96	7800
96	7801
96	7806
96	7808
96	7809
96	7813
96	7815
96	7818
96	7819
96	7825
96	7829
96	7831
96	7835
96	7836
96	7839
96	7840
96	7843
96	7846
96	7847
96	7851
96	7855
96	7857
96	7860
96	7861
96	7863
96	7864
96	7865
96	7867
96	7869
96	7871
96	7878
96	7879
96	7881
96	7888
96	7889
96	7894
96	7898
96	7903
96	7904
96	7905
96	7908
96	7914
96	7925
96	7932
96	7934
96	7935
96	7939
96	7943
96	7945
96	7946
96	7951
96	7954
96	7957
96	7958
96	7961
96	7963
96	7964
96	7965
96	7966
96	7968
96	7969
96	7971
96	7979
96	7982
96	7983
96	7988
96	7990
96	7994
96	8003
96	8006
96	8010
96	8011
96	8012
96	8014
96	8016
96	8019
96	8029
96	8031
96	8044
96	8045
96	8051
96	8063
96	8065
96	8075
96	8077
96	8078
96	8080
96	8082
96	8086
96	8095
96	8101
96	8105
96	8108
96	8112
96	8114
96	8121
96	8122
96	8126
96	8131
96	8141
96	8142
96	8144
96	8146
96	8147
96	8149
96	8157
96	8165
96	8177
96	8184
96	8185
96	8187
96	8193
96	8196
96	8205
96	8207
96	8209
96	8210
96	8214
96	8215
96	8221
96	8226
96	8228
96	8232
96	8236
96	8238
96	8239
96	8241
96	8246
96	8247
96	8250
96	8253
96	8254
96	8258
96	8259
96	8261
96	8268
96	8270
96	8273
96	8280
96	8281
96	8283
96	8289
96	8290
96	8297
96	8302
96	8304
96	8309
96	8312
96	8313
96	8316
96	8318
96	8320
96	8324
96	8325
96	8326
96	8332
96	8334
96	8339
96	8348
96	8356
96	8361
96	8364
96	8365
96	8367
96	8371
96	8375
96	8377
96	8380
96	8383
96	8385
96	8386
96	8396
96	8397
96	8408
96	8422
96	8425
96	8426
96	8429
96	8431
96	8435
96	8436
96	8441
96	8450
96	8451
96	8455
96	8457
96	8458
96	8462
96	8463
96	8464
96	8472
96	8473
96	8474
96	8477
96	8484
96	8485
96	8489
96	8490
96	8491
96	8492
96	8494
96	8500
96	8501
96	8502
96	8511
96	8512
96	8514
96	8515
96	8517
96	8519
96	8521
96	8522
96	8526
96	8527
96	8530
96	8532
96	8536
96	8539
96	8541
96	8550
96	8555
96	8557
96	8558
96	8561
96	8564
96	8565
96	8567
96	8568
96	8569
96	8571
96	8573
96	8578
96	8580
96	8582
96	8585
96	8589
96	8595
96	8600
96	8604
96	8608
96	8623
96	8626
96	8628
96	8633
96	8638
96	8642
96	8647
96	8648
96	8650
96	8652
96	8654
96	8658
96	8665
96	8670
96	8677
96	8679
96	8686
96	8687
96	8695
96	8701
96	8705
96	8707
96	8709
96	8714
96	8716
96	8719
96	8720
96	8721
96	8724
96	8725
96	8729
96	8731
96	8735
96	8739
96	8740
96	8743
96	8744
96	8749
96	8751
96	8756
96	8759
96	8760
96	8762
96	8764
96	8769
96	8771
96	8774
96	8778
96	8779
96	8780
96	8797
96	8798
96	8800
96	8803
96	8808
96	8811
96	8812
96	8813
96	8815
96	8817
96	8831
96	8836
96	8837
96	8838
96	8842
96	8845
96	8846
96	8849
96	8854
96	8857
96	8858
96	8864
96	8866
96	8869
96	8872
96	8875
96	8876
96	8877
96	8880
96	8883
96	8885
96	8890
96	8891
96	8893
96	8894
96	8897
96	8898
96	8904
96	8920
96	8921
96	8933
96	8936
96	8944
96	8945
96	8946
96	8947
96	8949
96	8951
96	8957
96	8960
96	8969
96	8976
96	8978
96	8982
96	8983
96	8989
96	8990
96	8994
96	8996
96	8999
96	9000
96	9005
96	9014
96	9015
96	9016
96	9021
96	9028
96	9029
96	9031
96	9032
96	9034
96	9035
96	9041
96	9049
96	9057
96	9065
96	9066
96	9068
96	9070
96	9075
96	9079
96	9080
96	9084
96	9085
96	9086
96	9092
96	9094
96	9102
96	9104
96	9108
96	9114
96	9117
96	9118
96	9121
96	9122
96	9124
96	9130
96	9132
96	9134
96	9138
96	9139
96	9143
96	9150
96	9152
96	9155
96	9156
96	9165
96	9168
96	9171
96	9177
96	9183
96	9184
96	9185
96	9187
96	9192
96	9194
96	9196
96	9198
96	9199
96	9200
96	9201
96	9202
96	9207
96	9217
96	9219
96	9223
96	9225
96	9226
96	9227
96	9233
96	9236
96	9238
96	9242
96	9249
96	9251
96	9258
96	9260
96	9261
96	9263
96	9267
96	9269
96	9282
96	9284
96	9286
96	9288
96	9289
96	9294
96	9301
96	9303
96	9311
96	9316
96	9337
96	9343
96	9351
96	9358
96	9359
96	9361
96	9364
96	9365
96	9366
96	9368
96	9369
96	9371
96	9372
96	9373
96	9374
96	9375
96	9376
96	9383
96	9392
96	9403
96	9407
96	9408
96	9417
96	9418
96	9421
96	9422
96	9427
96	9430
96	9431
96	9435
96	9444
96	9449
96	9451
96	9453
96	9461
96	9464
96	9467
96	9478
96	9484
96	9486
96	9489
96	9496
96	9498
96	9499
96	9500
96	9506
96	9516
96	9517
96	9518
96	9519
96	9520
96	9525
96	9528
96	9537
96	9542
96	9551
96	9563
96	9565
96	9566
96	9567
96	9569
96	9570
96	9573
96	9575
96	9578
96	9582
96	9583
96	9590
96	9591
96	9594
96	9595
96	9602
96	9604
96	9613
96	9614
96	9618
96	9624
96	9625
96	9628
96	9630
96	9631
96	9633
96	9634
96	9637
96	9639
96	9643
96	9644
96	9656
96	9658
96	9659
96	9660
96	9663
96	9664
96	9666
96	9670
96	9674
96	9678
96	9680
96	9681
96	9682
96	9684
96	9686
96	9688
96	9692
96	9696
96	9698
96	9701
96	9703
96	9704
96	9710
96	9712
96	9726
96	9728
96	9732
96	9733
96	9743
96	9744
96	9749
96	9756
96	9759
96	9760
96	9763
96	9765
96	9766
96	9768
96	9769
96	9770
96	9771
96	9773
96	9774
96	9783
96	9786
96	9790
96	9797
96	9798
96	9799
96	9801
96	9802
96	9804
96	9810
96	9811
96	9818
96	9819
96	9820
96	9823
96	9828
96	9829
96	9833
96	9834
96	9837
96	9838
96	9840
96	9847
96	9854
96	9862
96	9863
96	9869
96	9873
96	9875
96	9876
96	9879
96	9880
96	9883
96	9886
96	9887
96	9890
96	9892
96	9894
96	9896
96	9898
96	9900
96	9902
96	9905
96	9912
96	9913
96	9914
96	9918
96	9920
96	9924
96	9926
96	9932
96	9937
96	9938
96	9944
96	9956
96	9957
96	9958
96	9960
96	9965
96	9967
96	9968
96	9970
96	9972
96	9975
96	9977
96	9980
96	9982
96	9987
96	9994
96	9996
97	2
97	7
97	13
97	15
97	19
97	32
97	35
97	36
97	41
97	52
97	60
97	67
97	70
97	83
97	85
97	89
97	91
97	98
97	101
97	105
97	106
97	120
97	121
97	122
97	123
97	138
97	149
97	156
97	158
97	163
97	173
97	176
97	179
97	180
97	184
97	209
97	229
97	233
97	234
97	235
97	236
97	243
97	249
97	263
97	297
97	309
97	310
97	312
97	318
97	321
97	327
97	330
97	331
97	334
97	337
97	340
97	356
97	360
97	361
97	362
97	364
97	370
97	375
97	376
97	387
97	391
97	413
97	416
97	423
97	440
97	441
97	444
97	445
97	455
97	457
97	458
97	459
97	463
97	464
97	466
97	478
97	481
97	485
97	488
97	491
97	495
97	498
97	501
97	502
97	530
97	534
97	536
97	548
97	564
97	571
97	584
97	600
97	609
97	619
97	620
97	622
97	627
97	648
97	649
97	658
97	660
97	676
97	679
97	680
97	682
97	707
97	716
97	721
97	724
97	729
97	731
97	742
97	748
97	753
97	763
97	766
97	773
97	775
97	778
97	783
97	785
97	786
97	795
97	810
97	816
97	821
97	831
97	833
97	835
97	852
97	854
97	855
97	863
97	866
97	875
97	879
97	903
97	908
97	909
97	911
97	913
97	915
97	921
97	922
97	933
97	941
97	947
97	951
97	955
97	963
97	965
97	969
97	996
97	1002
97	1003
97	1011
97	1021
97	1022
97	1028
97	1034
97	1038
97	1050
97	1062
97	1067
97	1070
97	1080
97	1110
97	1113
97	1114
97	1121
97	1128
97	1145
97	1151
97	1154
97	1164
97	1170
97	1172
97	1176
97	1183
97	1184
97	1192
97	1197
97	1200
97	1201
97	1204
97	1209
97	1224
97	1227
97	1229
97	1232
97	1240
97	1273
97	1277
97	1278
97	1309
97	1320
97	1321
97	1327
97	1329
97	1332
97	1341
97	1352
97	1357
97	1368
97	1373
97	1376
97	1388
97	1400
97	1403
97	1420
97	1425
97	1428
97	1430
97	1449
97	1476
97	1480
97	1484
97	1502
97	1503
97	1518
97	1525
97	1534
97	1540
97	1541
97	1555
97	1556
97	1557
97	1564
97	1565
97	1568
97	1580
97	1581
97	1587
97	1589
97	1590
97	1592
97	1597
97	1599
97	1609
97	1613
97	1615
97	1616
97	1623
97	1626
97	1664
97	1673
97	1675
97	1705
97	1708
97	1711
97	1713
97	1714
97	1715
97	1736
97	1737
97	1740
97	1744
97	1748
97	1761
97	1764
97	1769
97	1770
97	1796
97	1798
97	1804
97	1805
97	1808
97	1816
97	1818
97	1827
97	1838
97	1839
97	1842
97	1846
97	1849
97	1851
97	1860
97	1864
97	1866
97	1871
97	1875
97	1886
97	1891
97	1899
97	1900
97	1905
97	1908
97	1938
97	1940
97	1941
97	1979
97	1986
97	1994
97	2011
97	2013
97	2021
97	2028
97	2030
97	2034
97	2036
97	2047
97	2051
97	2057
97	2062
97	2077
97	2083
97	2085
97	2087
97	2088
97	2090
97	2091
97	2099
97	2102
97	2116
97	2127
97	2128
97	2134
97	2139
97	2152
97	2166
97	2170
97	2172
97	2180
97	2185
97	2187
97	2201
97	2218
97	2220
97	2222
97	2229
97	2236
97	2252
97	2253
97	2261
97	2264
97	2277
97	2286
97	2290
97	2294
97	2295
97	2298
97	2304
97	2309
97	2312
97	2314
97	2316
97	2329
97	2331
97	2333
97	2340
97	2355
97	2356
97	2359
97	2367
97	2374
97	2376
97	2403
97	2410
97	2411
97	2419
97	2429
97	2433
97	2434
97	2449
97	2450
97	2454
97	2463
97	2467
97	2469
97	2483
97	2485
97	2487
97	2495
97	2499
97	2516
97	2519
97	2529
97	2534
97	2536
97	2537
97	2542
97	2544
97	2546
97	2563
97	2566
97	2582
97	2586
97	2591
97	2599
97	2600
97	2603
97	2606
97	2609
97	2611
97	2613
97	2618
97	2627
97	2635
97	2636
97	2637
97	2649
97	2655
97	2656
97	2657
97	2662
97	2671
97	2697
97	2713
97	2718
97	2719
97	2722
97	2727
97	2733
97	2734
97	2744
97	2745
97	2746
97	2751
97	2755
97	2757
97	2760
97	2763
97	2765
97	2766
97	2767
97	2769
97	2770
97	2771
97	2775
97	2783
97	2785
97	2798
97	2803
97	2812
97	2818
97	2835
97	2844
97	2853
97	2857
97	2863
97	2864
97	2871
97	2872
97	2873
97	2890
97	2899
97	2900
97	2921
97	2935
97	2939
97	2944
97	2948
97	2953
97	2956
97	2967
97	2972
97	2975
97	2980
97	2986
97	2992
97	2994
97	2997
97	3002
97	3004
97	3016
97	3019
97	3022
97	3025
97	3033
97	3036
97	3039
97	3042
97	3043
97	3044
97	3047
97	3055
97	3060
97	3069
97	3074
97	3080
97	3089
97	3101
97	3108
97	3113
97	3120
97	3139
97	3149
97	3157
97	3159
97	3164
97	3170
97	3176
97	3179
97	3180
97	3188
97	3190
97	3192
97	3200
97	3202
97	3206
97	3210
97	3224
97	3230
97	3256
97	3258
97	3263
97	3266
97	3267
97	3272
97	3273
97	3274
97	3295
97	3303
97	3305
97	3307
97	3308
97	3310
97	3316
97	3318
97	3321
97	3329
97	3335
97	3348
97	3350
97	3352
97	3362
97	3377
97	3382
97	3390
97	3403
97	3407
97	3427
97	3428
97	3431
97	3435
97	3441
97	3443
97	3444
97	3446
97	3460
97	3461
97	3466
97	3468
97	3475
97	3490
97	3494
97	3511
97	3525
97	3534
97	3541
97	3547
97	3554
97	3560
97	3562
97	3566
97	3575
97	3585
97	3590
97	3604
97	3610
97	3613
97	3619
97	3624
97	3649
97	3663
97	3665
97	3675
97	3677
97	3679
97	3681
97	3685
97	3696
97	3701
97	3704
97	3716
97	3731
97	3732
97	3739
97	3746
97	3749
97	3757
97	3766
97	3771
97	3775
97	3776
97	3777
97	3784
97	3794
97	3813
97	3819
97	3832
97	3838
97	3840
97	3847
97	3851
97	3853
97	3854
97	3858
97	3860
97	3861
97	3866
97	3871
97	3873
97	3874
97	3875
97	3876
97	3879
97	3883
97	3885
97	3895
97	3900
97	3919
97	3929
97	3931
97	3937
97	3950
97	3951
97	3958
97	3962
97	3986
97	3989
97	4009
97	4011
97	4021
97	4024
97	4026
97	4038
97	4039
97	4041
97	4046
97	4047
97	4048
97	4049
97	4071
97	4072
97	4100
97	4101
97	4109
97	4119
97	4123
97	4125
97	4128
97	4145
97	4162
97	4185
97	4188
97	4193
97	4198
97	4205
97	4207
97	4223
97	4225
97	4234
97	4242
97	4250
97	4255
97	4259
97	4261
97	4269
97	4276
97	4277
97	4283
97	4284
97	4286
97	4292
97	4293
97	4295
97	4302
97	4308
97	4315
97	4320
97	4328
97	4355
97	4357
97	4361
97	4367
97	4368
97	4373
97	4378
97	4380
97	4381
97	4400
97	4418
97	4430
97	4431
97	4439
97	4444
97	4445
97	4451
97	4470
97	4471
97	4475
97	4476
97	4481
97	4513
97	4516
97	4518
97	4520
97	4526
97	4549
97	4550
97	4573
97	4584
97	4587
97	4590
97	4597
97	4599
97	4601
97	4605
97	4606
97	4615
97	4631
97	4633
97	4643
97	4645
97	4650
97	4654
97	4669
97	4671
97	4672
97	4675
97	4679
97	4700
97	4701
97	4704
97	4721
97	4734
97	4736
97	4740
97	4742
97	4747
97	4748
97	4751
97	4756
97	4764
97	4765
97	4766
97	4773
97	4788
97	4792
97	4796
97	4800
97	4809
97	4822
97	4824
97	4829
97	4844
97	4861
97	4871
97	4886
97	4887
97	4899
97	4912
97	4914
97	4919
97	4935
97	4943
97	4947
97	4950
97	4955
97	4963
97	4965
97	4972
97	4977
97	4988
97	4994
97	4996
97	4998
97	5008
97	5009
97	5014
97	5021
97	5023
97	5034
97	5036
97	5046
97	5047
97	5054
97	5059
97	5062
97	5066
97	5079
97	5081
97	5085
97	5092
97	5101
97	5103
97	5105
97	5107
97	5123
97	5139
97	5151
97	5152
97	5153
97	5169
97	5170
97	5176
97	5178
97	5179
97	5186
97	5189
97	5191
97	5197
97	5206
97	5209
97	5213
97	5222
97	5231
97	5236
97	5240
97	5241
97	5245
97	5256
97	5260
97	5262
97	5263
97	5267
97	5269
97	5270
97	5283
97	5296
97	5306
97	5308
97	5309
97	5318
97	5336
97	5337
97	5340
97	5342
97	5347
97	5355
97	5357
97	5373
97	5385
97	5386
97	5391
97	5393
97	5397
97	5402
97	5410
97	5424
97	5427
97	5431
97	5435
97	5437
97	5440
97	5450
97	5456
97	5462
97	5468
97	5474
97	5475
97	5483
97	5493
97	5507
97	5511
97	5520
97	5526
97	5528
97	5532
97	5547
97	5552
97	5558
97	5568
97	5573
97	5578
97	5579
97	5581
97	5586
97	5587
97	5589
97	5596
97	5597
97	5598
97	5605
97	5611
97	5614
97	5621
97	5622
97	5629
97	5648
97	5650
97	5664
97	5665
97	5667
97	5669
97	5674
97	5683
97	5701
97	5718
97	5724
97	5732
97	5735
97	5738
97	5742
97	5747
97	5753
97	5761
97	5762
97	5769
97	5806
97	5808
97	5823
97	5835
97	5839
97	5847
97	5853
97	5856
97	5861
97	5868
97	5870
97	5875
97	5878
97	5879
97	5884
97	5886
97	5892
97	5895
97	5905
97	5907
97	5919
97	5921
97	5923
97	5931
97	5938
97	5945
97	5956
97	5962
97	5964
97	5970
97	5978
97	5980
97	5993
97	5999
97	6000
97	6002
97	6014
97	6017
97	6021
97	6022
97	6024
97	6026
97	6033
97	6062
97	6075
97	6079
97	6094
97	6097
97	6104
97	6106
97	6109
97	6115
97	6124
97	6131
97	6135
97	6136
97	6155
97	6160
97	6163
97	6173
97	6175
97	6179
97	6197
97	6199
97	6203
97	6235
97	6243
97	6255
97	6259
97	6260
97	6279
97	6280
97	6282
97	6298
97	6314
97	6318
97	6322
97	6336
97	6337
97	6361
97	6365
97	6371
97	6378
97	6380
97	6385
97	6401
97	6402
97	6408
97	6412
97	6423
97	6459
97	6479
97	6485
97	6493
97	6517
97	6523
97	6527
97	6538
97	6539
97	6551
97	6563
97	6567
97	6582
97	6595
97	6603
97	6606
97	6613
97	6621
97	6629
97	6637
97	6639
97	6642
97	6650
97	6652
97	6660
97	6666
97	6674
97	6686
97	6693
97	6697
97	6699
97	6722
97	6735
97	6741
97	6754
97	6765
97	6769
97	6788
97	6793
97	6796
97	6798
97	6802
97	6806
97	6812
97	6816
97	6823
97	6830
97	6838
97	6843
97	6852
97	6866
97	6870
97	6879
97	6890
97	6892
97	6894
97	6895
97	6900
97	6901
97	6902
97	6904
97	6907
97	6917
97	6919
97	6938
97	6941
97	6945
97	6948
97	6949
97	6950
97	6957
97	6959
97	6960
97	6966
97	6980
97	6987
97	7004
97	7010
97	7025
97	7034
97	7037
97	7044
97	7045
97	7050
97	7057
97	7063
97	7064
97	7075
97	7089
97	7099
97	7111
97	7112
97	7113
97	7122
97	7123
97	7124
97	7133
97	7137
97	7144
97	7148
97	7151
97	7156
97	7166
97	7168
97	7180
97	7187
97	7188
97	7194
97	7198
97	7202
97	7209
97	7211
97	7220
97	7223
97	7240
97	7243
97	7249
97	7253
97	7261
97	7265
97	7274
97	7295
97	7300
97	7303
97	7309
97	7319
97	7328
97	7338
97	7339
97	7344
97	7358
97	7364
97	7366
97	7375
97	7376
97	7414
97	7424
97	7429
97	7430
97	7432
97	7433
97	7448
97	7449
97	7451
97	7460
97	7465
97	7466
97	7473
97	7487
97	7493
97	7498
97	7501
97	7507
97	7512
97	7518
97	7519
97	7531
97	7533
97	7544
97	7553
97	7564
97	7568
97	7587
97	7615
97	7626
97	7639
97	7641
97	7642
97	7655
97	7658
97	7662
97	7669
97	7672
97	7676
97	7678
97	7679
97	7681
97	7703
97	7707
97	7728
97	7733
97	7738
97	7741
97	7743
97	7745
97	7748
97	7750
97	7764
97	7765
97	7784
97	7785
97	7795
97	7805
97	7807
97	7810
97	7816
97	7827
97	7828
97	7852
97	7854
97	7892
97	7893
97	7896
97	7900
97	7906
97	7915
97	7920
97	7923
97	7941
97	7944
97	7952
97	7970
97	7978
97	7981
97	7985
97	7987
97	7993
97	8004
97	8021
97	8027
97	8028
97	8037
97	8040
97	8042
97	8046
97	8058
97	8060
97	8064
97	8068
97	8071
97	8072
97	8081
97	8084
97	8096
97	8097
97	8111
97	8120
97	8123
97	8134
97	8137
97	8138
97	8154
97	8172
97	8174
97	8175
97	8176
97	8191
97	8192
97	8197
97	8202
97	8208
97	8212
97	8213
97	8220
97	8240
97	8242
97	8244
97	8256
97	8265
97	8266
97	8275
97	8287
97	8305
97	8314
97	8322
97	8328
97	8330
97	8343
97	8344
97	8357
97	8372
97	8376
97	8384
97	8391
97	8400
97	8403
97	8412
97	8414
97	8415
97	8424
97	8430
97	8439
97	8446
97	8449
97	8460
97	8467
97	8471
97	8475
97	8479
97	8481
97	8495
97	8498
97	8506
97	8510
97	8518
97	8524
97	8528
97	8533
97	8537
97	8538
97	8546
97	8548
97	8551
97	8560
97	8570
97	8575
97	8576
97	8579
97	8588
97	8590
97	8597
97	8601
97	8630
97	8637
97	8644
97	8649
97	8663
97	8669
97	8672
97	8673
97	8680
97	8689
97	8691
97	8692
97	8694
97	8702
97	8715
97	8742
97	8747
97	8753
97	8754
97	8757
97	8768
97	8777
97	8784
97	8789
97	8790
97	8796
97	8818
97	8825
97	8839
97	8852
97	8855
97	8861
97	8863
97	8867
97	8870
97	8873
97	8874
97	8896
97	8903
97	8905
97	8908
97	8917
97	8922
97	8925
97	8928
97	8932
97	8942
97	8943
97	8953
97	8954
97	8958
97	8961
97	8971
97	8985
97	8993
97	8997
97	9006
97	9033
97	9037
97	9056
97	9082
97	9087
97	9089
97	9093
97	9106
97	9111
97	9113
97	9115
97	9116
97	9120
97	9126
97	9128
97	9136
97	9140
97	9141
97	9145
97	9147
97	9148
97	9151
97	9158
97	9159
97	9163
97	9166
97	9170
97	9175
97	9176
97	9190
97	9204
97	9210
97	9218
97	9220
97	9222
97	9237
97	9246
97	9255
97	9264
97	9270
97	9272
97	9287
97	9298
97	9302
97	9307
97	9325
97	9328
97	9332
97	9340
97	9347
97	9354
97	9355
97	9357
97	9360
97	9363
97	9390
97	9391
97	9398
97	9399
97	9401
97	9402
97	9406
97	9411
97	9413
97	9416
97	9423
97	9426
97	9428
97	9429
97	9438
97	9439
97	9450
97	9455
97	9456
97	9458
97	9462
97	9465
97	9466
97	9469
97	9470
97	9472
97	9473
97	9475
97	9477
97	9510
97	9511
97	9514
97	9521
97	9523
97	9527
97	9529
97	9531
97	9533
97	9534
97	9545
97	9549
97	9554
97	9555
97	9557
97	9581
97	9611
97	9615
97	9616
97	9622
97	9635
97	9636
97	9646
97	9647
97	9649
97	9653
97	9665
97	9667
97	9676
97	9677
97	9685
97	9695
97	9717
97	9719
97	9721
97	9722
97	9735
97	9738
97	9748
97	9757
97	9767
97	9778
97	9793
97	9794
97	9800
97	9812
97	9815
97	9822
97	9844
97	9848
97	9870
97	9889
97	9904
97	9908
97	9910
97	9916
97	9927
97	9933
97	9939
97	9942
97	9947
97	9952
97	9963
97	9973
97	9974
97	9976
97	9981
97	9988
97	9992
97	9995
97	9998
98	4
98	17
98	88
98	115
98	141
98	159
98	175
98	183
98	276
98	295
98	298
98	314
98	335
98	350
98	374
98	409
98	411
98	452
98	468
98	494
98	508
98	527
98	537
98	552
98	554
98	557
98	559
98	562
98	621
98	631
98	638
98	651
98	667
98	678
98	702
98	772
98	796
98	842
98	846
98	874
98	906
98	907
98	992
98	1005
98	1023
98	1029
98	1041
98	1044
98	1054
98	1064
98	1069
98	1096
98	1097
98	1112
98	1129
98	1140
98	1143
98	1199
98	1206
98	1248
98	1276
98	1287
98	1315
98	1346
98	1391
98	1398
98	1438
98	1463
98	1474
98	1489
98	1530
98	1559
98	1612
98	1638
98	1660
98	1682
98	1683
98	1688
98	1781
98	1791
98	1792
98	1795
98	1800
98	1834
98	1859
98	1878
98	1939
98	1943
98	1946
98	1951
98	1955
98	1971
98	2000
98	2080
98	2155
98	2169
98	2190
98	2235
98	2245
98	2259
98	2267
98	2282
98	2283
98	2318
98	2342
98	2352
98	2368
98	2373
98	2383
98	2396
98	2398
98	2428
98	2448
98	2452
98	2458
98	2472
98	2502
98	2508
98	2509
98	2589
98	2645
98	2670
98	2728
98	2741
98	2754
98	2762
98	2779
98	2786
98	2838
98	2875
98	2895
98	2913
98	2928
98	2932
98	2954
98	2977
98	2990
98	3006
98	3017
98	3071
98	3072
98	3076
98	3081
98	3128
98	3172
98	3175
98	3177
98	3209
98	3228
98	3262
98	3291
98	3294
98	3298
98	3311
98	3346
98	3356
98	3360
98	3393
98	3459
98	3469
98	3481
98	3485
98	3513
98	3549
98	3577
98	3669
98	3690
98	3698
98	3729
98	3734
98	3750
98	3797
98	3801
98	3898
98	3909
98	3984
98	3998
98	3999
98	4005
98	4076
98	4098
98	4102
98	4113
98	4154
98	4167
98	4180
98	4186
98	4208
98	4256
98	4270
98	4285
98	4326
98	4330
98	4341
98	4349
98	4354
98	4364
98	4393
98	4412
98	4420
98	4423
98	4442
98	4453
98	4467
98	4469
98	4530
98	4537
98	4595
98	4608
98	4611
98	4625
98	4632
98	4680
98	4698
98	4782
98	4790
98	4794
98	4828
98	4833
98	4849
98	4874
98	4880
98	4932
98	4949
98	4953
98	4980
98	4983
98	5015
98	5025
98	5060
98	5065
98	5073
98	5113
98	5130
98	5146
98	5165
98	5166
98	5167
98	5171
98	5235
98	5257
98	5316
98	5344
98	5346
98	5366
98	5383
98	5387
98	5399
98	5409
98	5432
98	5442
98	5445
98	5472
98	5485
98	5503
98	5516
98	5522
98	5555
98	5564
98	5569
98	5592
98	5640
98	5678
98	5695
98	5702
98	5714
98	5729
98	5731
98	5745
98	5779
98	5790
98	5893
98	5906
98	5963
98	5974
98	5982
98	5983
98	6010
98	6016
98	6059
98	6060
98	6105
98	6118
98	6138
98	6145
98	6169
98	6177
98	6253
98	6266
98	6267
98	6270
98	6285
98	6292
98	6293
98	6326
98	6366
98	6367
98	6369
98	6370
98	6383
98	6384
98	6390
98	6393
98	6395
98	6435
98	6437
98	6506
98	6508
98	6530
98	6535
98	6575
98	6590
98	6625
98	6649
98	6680
98	6681
98	6684
98	6702
98	6766
98	6800
98	6805
98	6807
98	6809
98	6876
98	6947
98	6955
98	6963
98	7009
98	7038
98	7055
98	7078
98	7087
98	7090
98	7092
98	7161
98	7189
98	7196
98	7205
98	7258
98	7294
98	7341
98	7411
98	7428
98	7441
98	7444
98	7470
98	7511
98	7535
98	7536
98	7548
98	7584
98	7591
98	7601
98	7605
98	7610
98	7616
98	7634
98	7686
98	7740
98	7752
98	7776
98	7777
98	7788
98	7811
98	7833
98	7856
98	7880
98	7883
98	7913
98	7926
98	7937
98	7960
98	7973
98	7991
98	7998
98	8007
98	8041
98	8079
98	8117
98	8135
98	8155
98	8156
98	8161
98	8163
98	8171
98	8188
98	8231
98	8233
98	8235
98	8262
98	8278
98	8292
98	8354
98	8370
98	8434
98	8496
98	8499
98	8531
98	8552
98	8592
98	8607
98	8613
98	8615
98	8619
98	8632
98	8635
98	8653
98	8685
98	8690
98	8717
98	8767
98	8785
98	8794
98	8795
98	8799
98	8840
98	8862
98	8887
98	8892
98	8899
98	8939
98	8965
98	8966
98	8981
98	9007
98	9017
98	9024
98	9030
98	9045
98	9048
98	9051
98	9061
98	9064
98	9078
98	9088
98	9101
98	9125
98	9197
98	9205
98	9209
98	9273
98	9277
98	9321
98	9324
98	9327
98	9333
98	9336
98	9380
98	9474
98	9522
98	9535
98	9546
98	9562
98	9576
98	9579
98	9603
98	9605
98	9608
98	9654
98	9661
98	9668
98	9671
98	9746
98	9788
98	9796
98	9809
98	9832
98	9841
98	9856
98	9859
98	9860
98	9877
98	9885
98	9903
98	9915
98	9993
98	9999
99	0
99	24
99	131
99	139
99	166
99	476
99	518
99	535
99	614
99	986
99	1111
99	1344
99	1406
99	1413
99	1477
99	1485
99	1526
99	1779
99	2164
99	2227
99	2602
99	2675
99	2681
99	2742
99	2911
99	3045
99	3270
99	3287
99	3565
99	3857
99	3904
99	3985
99	4136
99	4617
99	4755
99	4791
99	4806
99	5038
99	5127
99	5132
99	5164
99	5618
99	5630
99	5780
99	5902
99	5917
99	6110
99	6229
99	6309
99	6554
99	6565
99	6609
99	6872
99	6967
99	6994
99	7040
99	7071
99	7073
99	7106
99	7298
99	7471
99	7691
99	7826
99	7933
99	8050
99	8301
99	8504
99	8786
99	8879
99	8930
99	8970
99	9058
99	9119
99	9169
99	9319
99	9352
99	9505
99	9598
99	9623
99	9803
99	9849
100	3959
100	4455
100	5610
100	7360
