Minimo	Corrida
48	62
48	1516
48	3956
48	4976
48	5040
48	7131
48	9805
49	130
49	383
49	578
49	736
49	760
49	845
49	939
49	960
49	997
49	1042
49	1186
49	1192
49	1213
49	1296
49	1826
49	1910
49	1932
49	2016
49	2187
49	2205
49	2221
49	2265
49	2267
49	2386
49	2424
49	2445
49	2475
49	2612
49	2823
49	3140
49	3171
49	3235
49	3324
49	3386
49	3585
49	3626
49	3674
49	4072
49	4101
49	4181
49	4230
49	4278
49	4382
49	4397
49	4412
49	4461
49	4462
49	4470
49	4722
49	4767
49	4830
49	4943
49	4968
49	5029
49	5332
49	5553
49	5650
49	5740
49	5829
49	5847
49	5852
49	5873
49	6272
49	6646
49	6785
49	6863
49	6896
49	6903
49	6946
49	6963
49	6964
49	6992
49	7053
49	7119
49	7139
49	7257
49	7260
49	7300
49	7345
49	7375
49	7397
49	7442
49	7482
49	7498
49	7722
49	7740
49	7872
49	8158
49	8170
49	8174
49	8187
49	8301
49	8321
49	8432
49	8445
49	8576
49	8594
49	8629
49	8668
49	8778
49	8970
49	9066
49	9147
49	9190
49	9251
49	9274
49	9319
49	9410
49	9497
49	9522
49	9693
49	9725
49	9732
49	9799
50	5
50	6
50	14
50	24
50	41
50	55
50	59
50	66
50	75
50	90
50	98
50	101
50	114
50	124
50	137
50	162
50	176
50	178
50	204
50	205
50	223
50	231
50	233
50	268
50	271
50	277
50	281
50	286
50	293
50	296
50	309
50	315
50	320
50	325
50	333
50	341
50	372
50	388
50	406
50	422
50	424
50	431
50	449
50	467
50	481
50	487
50	489
50	501
50	522
50	533
50	536
50	549
50	550
50	555
50	567
50	579
50	594
50	599
50	601
50	603
50	628
50	633
50	643
50	647
50	649
50	650
50	654
50	661
50	676
50	702
50	707
50	719
50	723
50	733
50	738
50	752
50	777
50	797
50	807
50	809
50	823
50	828
50	830
50	832
50	850
50	853
50	859
50	877
50	883
50	885
50	893
50	900
50	926
50	936
50	937
50	945
50	954
50	961
50	962
50	970
50	980
50	983
50	987
50	1015
50	1019
50	1025
50	1027
50	1031
50	1048
50	1059
50	1066
50	1074
50	1081
50	1082
50	1087
50	1090
50	1093
50	1102
50	1104
50	1106
50	1126
50	1176
50	1177
50	1185
50	1189
50	1195
50	1209
50	1223
50	1229
50	1241
50	1253
50	1267
50	1269
50	1290
50	1294
50	1303
50	1321
50	1324
50	1343
50	1344
50	1351
50	1358
50	1362
50	1368
50	1384
50	1391
50	1410
50	1414
50	1417
50	1421
50	1433
50	1457
50	1465
50	1477
50	1478
50	1480
50	1495
50	1497
50	1518
50	1528
50	1529
50	1552
50	1558
50	1564
50	1588
50	1599
50	1604
50	1613
50	1625
50	1642
50	1651
50	1659
50	1680
50	1683
50	1693
50	1698
50	1702
50	1714
50	1720
50	1721
50	1722
50	1724
50	1729
50	1743
50	1749
50	1788
50	1800
50	1844
50	1865
50	1889
50	1919
50	1920
50	1938
50	1943
50	1945
50	1949
50	1951
50	1961
50	1973
50	1979
50	1998
50	1999
50	2001
50	2002
50	2011
50	2017
50	2018
50	2024
50	2036
50	2047
50	2062
50	2071
50	2082
50	2088
50	2101
50	2112
50	2116
50	2125
50	2169
50	2182
50	2198
50	2214
50	2225
50	2228
50	2259
50	2261
50	2263
50	2270
50	2277
50	2282
50	2290
50	2299
50	2312
50	2322
50	2336
50	2341
50	2343
50	2355
50	2361
50	2366
50	2372
50	2375
50	2399
50	2402
50	2405
50	2409
50	2417
50	2425
50	2435
50	2437
50	2443
50	2454
50	2466
50	2476
50	2489
50	2494
50	2525
50	2534
50	2535
50	2564
50	2565
50	2566
50	2580
50	2587
50	2590
50	2601
50	2625
50	2626
50	2629
50	2634
50	2654
50	2658
50	2672
50	2675
50	2701
50	2712
50	2724
50	2744
50	2793
50	2806
50	2814
50	2815
50	2837
50	2846
50	2856
50	2871
50	2873
50	2876
50	2882
50	2911
50	2928
50	2933
50	2936
50	2944
50	2953
50	2968
50	2972
50	3004
50	3018
50	3030
50	3034
50	3037
50	3042
50	3045
50	3084
50	3091
50	3094
50	3104
50	3114
50	3117
50	3118
50	3119
50	3142
50	3144
50	3149
50	3164
50	3178
50	3179
50	3207
50	3210
50	3222
50	3231
50	3234
50	3240
50	3246
50	3248
50	3251
50	3258
50	3274
50	3282
50	3294
50	3305
50	3314
50	3319
50	3326
50	3378
50	3379
50	3383
50	3393
50	3397
50	3400
50	3431
50	3438
50	3439
50	3476
50	3494
50	3499
50	3505
50	3519
50	3521
50	3522
50	3529
50	3531
50	3535
50	3555
50	3570
50	3580
50	3581
50	3584
50	3606
50	3613
50	3614
50	3625
50	3629
50	3631
50	3650
50	3665
50	3685
50	3712
50	3731
50	3735
50	3755
50	3761
50	3770
50	3773
50	3775
50	3776
50	3788
50	3789
50	3791
50	3795
50	3801
50	3814
50	3822
50	3842
50	3845
50	3851
50	3868
50	3876
50	3888
50	3905
50	3920
50	3922
50	3945
50	3952
50	3961
50	3963
50	3974
50	3995
50	3996
50	3998
50	4002
50	4013
50	4018
50	4020
50	4021
50	4027
50	4038
50	4071
50	4089
50	4090
50	4104
50	4115
50	4131
50	4140
50	4154
50	4156
50	4157
50	4191
50	4195
50	4201
50	4208
50	4222
50	4238
50	4262
50	4270
50	4287
50	4288
50	4295
50	4299
50	4323
50	4335
50	4345
50	4364
50	4392
50	4399
50	4416
50	4419
50	4482
50	4489
50	4503
50	4506
50	4523
50	4532
50	4539
50	4546
50	4548
50	4552
50	4553
50	4567
50	4568
50	4580
50	4582
50	4611
50	4627
50	4630
50	4651
50	4680
50	4689
50	4693
50	4718
50	4721
50	4729
50	4734
50	4741
50	4751
50	4771
50	4774
50	4779
50	4795
50	4796
50	4805
50	4811
50	4819
50	4827
50	4831
50	4852
50	4853
50	4860
50	4863
50	4865
50	4884
50	4907
50	4918
50	4938
50	4944
50	4984
50	4998
50	4999
50	5000
50	5002
50	5008
50	5012
50	5036
50	5039
50	5048
50	5053
50	5062
50	5067
50	5080
50	5115
50	5125
50	5135
50	5142
50	5156
50	5166
50	5173
50	5208
50	5268
50	5270
50	5274
50	5301
50	5306
50	5334
50	5349
50	5350
50	5373
50	5377
50	5400
50	5413
50	5422
50	5438
50	5470
50	5481
50	5485
50	5515
50	5516
50	5525
50	5536
50	5551
50	5566
50	5573
50	5581
50	5591
50	5602
50	5605
50	5612
50	5615
50	5619
50	5625
50	5627
50	5640
50	5649
50	5684
50	5686
50	5702
50	5709
50	5729
50	5749
50	5761
50	5762
50	5774
50	5777
50	5784
50	5799
50	5804
50	5814
50	5818
50	5853
50	5864
50	5874
50	5877
50	5882
50	5888
50	5904
50	5912
50	5915
50	5923
50	5926
50	5936
50	5941
50	5955
50	5963
50	5971
50	5973
50	5992
50	6036
50	6037
50	6043
50	6050
50	6074
50	6081
50	6090
50	6123
50	6125
50	6129
50	6131
50	6152
50	6201
50	6214
50	6223
50	6238
50	6251
50	6257
50	6266
50	6275
50	6290
50	6318
50	6354
50	6366
50	6371
50	6375
50	6394
50	6407
50	6430
50	6438
50	6443
50	6456
50	6461
50	6467
50	6473
50	6479
50	6489
50	6491
50	6492
50	6495
50	6498
50	6510
50	6516
50	6523
50	6538
50	6541
50	6545
50	6549
50	6550
50	6569
50	6571
50	6572
50	6582
50	6594
50	6600
50	6605
50	6615
50	6620
50	6650
50	6652
50	6677
50	6684
50	6686
50	6696
50	6705
50	6732
50	6743
50	6756
50	6788
50	6803
50	6805
50	6807
50	6812
50	6815
50	6818
50	6819
50	6828
50	6830
50	6835
50	6841
50	6857
50	6859
50	6871
50	6889
50	6902
50	6909
50	6943
50	6977
50	6996
50	7011
50	7012
50	7026
50	7029
50	7031
50	7034
50	7041
50	7047
50	7057
50	7070
50	7096
50	7098
50	7118
50	7136
50	7148
50	7150
50	7151
50	7154
50	7166
50	7169
50	7184
50	7199
50	7213
50	7224
50	7226
50	7261
50	7267
50	7283
50	7308
50	7341
50	7342
50	7348
50	7360
50	7379
50	7386
50	7389
50	7406
50	7412
50	7418
50	7422
50	7423
50	7425
50	7445
50	7461
50	7500
50	7504
50	7525
50	7527
50	7529
50	7531
50	7542
50	7573
50	7575
50	7584
50	7601
50	7612
50	7627
50	7633
50	7642
50	7645
50	7658
50	7662
50	7663
50	7665
50	7673
50	7681
50	7685
50	7713
50	7714
50	7727
50	7746
50	7767
50	7793
50	7801
50	7807
50	7822
50	7847
50	7848
50	7853
50	7854
50	7865
50	7867
50	7879
50	7887
50	7894
50	7895
50	7912
50	7922
50	7935
50	7983
50	8000
50	8006
50	8031
50	8037
50	8053
50	8063
50	8080
50	8083
50	8094
50	8103
50	8121
50	8130
50	8153
50	8176
50	8188
50	8203
50	8209
50	8211
50	8215
50	8230
50	8233
50	8266
50	8267
50	8277
50	8279
50	8286
50	8298
50	8305
50	8307
50	8322
50	8333
50	8350
50	8356
50	8367
50	8376
50	8403
50	8405
50	8419
50	8435
50	8438
50	8454
50	8464
50	8465
50	8466
50	8468
50	8482
50	8484
50	8494
50	8510
50	8517
50	8520
50	8536
50	8543
50	8548
50	8550
50	8560
50	8571
50	8583
50	8606
50	8653
50	8662
50	8666
50	8675
50	8683
50	8708
50	8716
50	8734
50	8737
50	8741
50	8761
50	8774
50	8781
50	8787
50	8803
50	8821
50	8824
50	8838
50	8839
50	8851
50	8852
50	8884
50	8893
50	8895
50	8901
50	8907
50	8916
50	8967
50	8979
50	8986
50	8991
50	9000
50	9010
50	9027
50	9055
50	9056
50	9067
50	9070
50	9071
50	9074
50	9080
50	9096
50	9102
50	9109
50	9115
50	9116
50	9135
50	9137
50	9138
50	9150
50	9168
50	9191
50	9209
50	9217
50	9219
50	9231
50	9232
50	9241
50	9246
50	9314
50	9332
50	9345
50	9351
50	9357
50	9364
50	9365
50	9379
50	9383
50	9385
50	9392
50	9404
50	9427
50	9428
50	9431
50	9433
50	9441
50	9492
50	9505
50	9506
50	9512
50	9538
50	9564
50	9571
50	9574
50	9596
50	9615
50	9618
50	9619
50	9636
50	9639
50	9640
50	9645
50	9653
50	9654
50	9661
50	9708
50	9715
50	9724
50	9734
50	9749
50	9757
50	9767
50	9770
50	9774
50	9797
50	9808
50	9811
50	9821
50	9832
50	9836
50	9839
50	9840
50	9842
50	9862
50	9895
50	9898
50	9899
50	9904
50	9913
50	9918
50	9927
50	9937
50	9949
50	9959
50	9969
50	9978
50	9981
50	9984
50	9985
51	0
51	3
51	7
51	11
51	19
51	22
51	35
51	40
51	45
51	53
51	54
51	57
51	58
51	60
51	64
51	68
51	69
51	71
51	72
51	74
51	76
51	78
51	82
51	84
51	88
51	92
51	93
51	96
51	99
51	100
51	112
51	113
51	119
51	123
51	126
51	131
51	135
51	136
51	143
51	146
51	150
51	152
51	158
51	164
51	166
51	167
51	168
51	169
51	174
51	185
51	186
51	190
51	192
51	193
51	194
51	195
51	197
51	200
51	208
51	209
51	211
51	213
51	215
51	216
51	217
51	220
51	221
51	229
51	234
51	238
51	240
51	244
51	248
51	249
51	250
51	253
51	254
51	256
51	259
51	260
51	262
51	265
51	269
51	275
51	276
51	279
51	282
51	284
51	292
51	295
51	301
51	306
51	308
51	313
51	317
51	321
51	338
51	339
51	347
51	351
51	353
51	356
51	358
51	360
51	361
51	363
51	364
51	368
51	369
51	375
51	377
51	379
51	381
51	382
51	384
51	385
51	390
51	391
51	394
51	395
51	397
51	399
51	400
51	401
51	404
51	405
51	417
51	423
51	426
51	428
51	430
51	433
51	435
51	437
51	439
51	440
51	441
51	442
51	443
51	447
51	448
51	450
51	451
51	453
51	455
51	456
51	468
51	473
51	480
51	488
51	490
51	492
51	493
51	496
51	498
51	503
51	504
51	505
51	510
51	511
51	512
51	516
51	517
51	523
51	525
51	526
51	530
51	531
51	545
51	547
51	551
51	564
51	572
51	576
51	587
51	595
51	610
51	611
51	619
51	620
51	621
51	623
51	627
51	636
51	637
51	639
51	641
51	644
51	645
51	652
51	656
51	657
51	659
51	662
51	664
51	672
51	673
51	679
51	684
51	685
51	686
51	689
51	691
51	698
51	699
51	708
51	709
51	710
51	711
51	712
51	716
51	717
51	720
51	722
51	724
51	728
51	729
51	734
51	739
51	744
51	746
51	747
51	754
51	756
51	762
51	767
51	771
51	773
51	791
51	793
51	794
51	798
51	799
51	801
51	802
51	804
51	806
51	810
51	818
51	820
51	821
51	827
51	835
51	836
51	841
51	842
51	851
51	852
51	855
51	860
51	872
51	880
51	881
51	884
51	886
51	887
51	888
51	889
51	894
51	899
51	909
51	913
51	919
51	931
51	935
51	940
51	943
51	946
51	949
51	956
51	971
51	973
51	977
51	978
51	981
51	990
51	991
51	996
51	999
51	1001
51	1002
51	1003
51	1005
51	1010
51	1011
51	1016
51	1017
51	1021
51	1028
51	1032
51	1033
51	1034
51	1041
51	1043
51	1044
51	1045
51	1046
51	1069
51	1076
51	1083
51	1092
51	1095
51	1099
51	1100
51	1103
51	1112
51	1115
51	1117
51	1118
51	1121
51	1132
51	1138
51	1147
51	1148
51	1149
51	1150
51	1151
51	1153
51	1156
51	1160
51	1162
51	1165
51	1166
51	1167
51	1168
51	1170
51	1171
51	1174
51	1187
51	1191
51	1196
51	1197
51	1199
51	1203
51	1204
51	1206
51	1210
51	1212
51	1216
51	1220
51	1221
51	1225
51	1228
51	1231
51	1234
51	1235
51	1236
51	1240
51	1248
51	1250
51	1252
51	1255
51	1256
51	1257
51	1265
51	1266
51	1270
51	1271
51	1272
51	1277
51	1280
51	1282
51	1283
51	1286
51	1287
51	1288
51	1289
51	1291
51	1297
51	1304
51	1306
51	1307
51	1308
51	1310
51	1316
51	1318
51	1326
51	1327
51	1328
51	1334
51	1335
51	1338
51	1352
51	1355
51	1356
51	1359
51	1360
51	1364
51	1365
51	1371
51	1375
51	1376
51	1378
51	1386
51	1389
51	1392
51	1395
51	1396
51	1403
51	1404
51	1405
51	1407
51	1419
51	1422
51	1428
51	1429
51	1431
51	1435
51	1436
51	1438
51	1443
51	1446
51	1447
51	1449
51	1450
51	1451
51	1452
51	1453
51	1455
51	1456
51	1458
51	1462
51	1464
51	1472
51	1479
51	1482
51	1483
51	1484
51	1487
51	1489
51	1493
51	1494
51	1496
51	1498
51	1500
51	1501
51	1504
51	1507
51	1509
51	1512
51	1514
51	1515
51	1517
51	1520
51	1521
51	1525
51	1532
51	1533
51	1534
51	1538
51	1541
51	1542
51	1546
51	1548
51	1550
51	1557
51	1563
51	1573
51	1579
51	1582
51	1584
51	1586
51	1590
51	1592
51	1593
51	1595
51	1597
51	1601
51	1602
51	1609
51	1612
51	1614
51	1617
51	1624
51	1627
51	1632
51	1634
51	1635
51	1636
51	1639
51	1640
51	1654
51	1655
51	1666
51	1667
51	1671
51	1673
51	1675
51	1676
51	1681
51	1689
51	1690
51	1692
51	1696
51	1699
51	1703
51	1704
51	1709
51	1723
51	1727
51	1737
51	1738
51	1740
51	1741
51	1745
51	1748
51	1756
51	1757
51	1764
51	1767
51	1768
51	1773
51	1774
51	1777
51	1778
51	1783
51	1792
51	1795
51	1798
51	1806
51	1809
51	1819
51	1829
51	1830
51	1831
51	1834
51	1835
51	1838
51	1840
51	1842
51	1846
51	1849
51	1851
51	1852
51	1858
51	1860
51	1861
51	1862
51	1868
51	1870
51	1874
51	1880
51	1890
51	1893
51	1895
51	1897
51	1905
51	1906
51	1909
51	1915
51	1916
51	1921
51	1922
51	1929
51	1933
51	1939
51	1941
51	1947
51	1956
51	1960
51	1962
51	1967
51	1976
51	1980
51	1983
51	1985
51	1986
51	1992
51	1995
51	1996
51	2004
51	2005
51	2006
51	2009
51	2012
51	2013
51	2015
51	2020
51	2025
51	2027
51	2028
51	2030
51	2034
51	2035
51	2043
51	2044
51	2046
51	2048
51	2052
51	2054
51	2055
51	2064
51	2066
51	2072
51	2074
51	2077
51	2078
51	2083
51	2090
51	2098
51	2100
51	2102
51	2103
51	2105
51	2109
51	2121
51	2124
51	2134
51	2136
51	2138
51	2139
51	2140
51	2143
51	2148
51	2149
51	2150
51	2151
51	2153
51	2154
51	2157
51	2159
51	2160
51	2161
51	2162
51	2163
51	2164
51	2167
51	2168
51	2172
51	2176
51	2179
51	2180
51	2185
51	2188
51	2192
51	2193
51	2195
51	2199
51	2202
51	2207
51	2209
51	2213
51	2215
51	2216
51	2219
51	2220
51	2224
51	2226
51	2233
51	2235
51	2244
51	2245
51	2246
51	2248
51	2251
51	2252
51	2253
51	2254
51	2256
51	2257
51	2262
51	2283
51	2293
51	2296
51	2297
51	2300
51	2302
51	2303
51	2307
51	2316
51	2317
51	2324
51	2326
51	2327
51	2329
51	2330
51	2337
51	2338
51	2339
51	2340
51	2346
51	2347
51	2350
51	2354
51	2359
51	2363
51	2370
51	2371
51	2374
51	2376
51	2378
51	2380
51	2382
51	2385
51	2389
51	2392
51	2393
51	2397
51	2403
51	2407
51	2408
51	2412
51	2413
51	2415
51	2416
51	2421
51	2431
51	2440
51	2442
51	2446
51	2452
51	2456
51	2459
51	2461
51	2463
51	2464
51	2470
51	2472
51	2473
51	2477
51	2482
51	2492
51	2496
51	2498
51	2502
51	2504
51	2507
51	2517
51	2524
51	2537
51	2538
51	2543
51	2547
51	2549
51	2557
51	2561
51	2569
51	2574
51	2578
51	2585
51	2588
51	2591
51	2593
51	2600
51	2607
51	2610
51	2611
51	2613
51	2618
51	2621
51	2628
51	2630
51	2631
51	2632
51	2636
51	2639
51	2640
51	2655
51	2666
51	2669
51	2671
51	2676
51	2680
51	2683
51	2684
51	2686
51	2692
51	2697
51	2702
51	2704
51	2710
51	2711
51	2717
51	2718
51	2719
51	2721
51	2722
51	2725
51	2726
51	2728
51	2732
51	2734
51	2742
51	2743
51	2745
51	2746
51	2747
51	2748
51	2752
51	2754
51	2756
51	2764
51	2765
51	2766
51	2767
51	2777
51	2778
51	2779
51	2782
51	2783
51	2787
51	2790
51	2794
51	2795
51	2800
51	2804
51	2810
51	2811
51	2816
51	2817
51	2818
51	2822
51	2824
51	2825
51	2826
51	2828
51	2831
51	2832
51	2834
51	2838
51	2845
51	2847
51	2849
51	2859
51	2860
51	2865
51	2867
51	2884
51	2889
51	2898
51	2909
51	2910
51	2913
51	2918
51	2921
51	2922
51	2924
51	2927
51	2938
51	2939
51	2940
51	2941
51	2946
51	2947
51	2949
51	2951
51	2952
51	2954
51	2955
51	2959
51	2960
51	2962
51	2964
51	2970
51	2984
51	2986
51	2991
51	2992
51	2997
51	2998
51	3001
51	3006
51	3012
51	3014
51	3015
51	3017
51	3020
51	3021
51	3025
51	3027
51	3028
51	3033
51	3038
51	3047
51	3051
51	3053
51	3054
51	3055
51	3058
51	3060
51	3061
51	3062
51	3073
51	3077
51	3078
51	3079
51	3082
51	3083
51	3093
51	3095
51	3096
51	3097
51	3098
51	3099
51	3100
51	3101
51	3102
51	3103
51	3105
51	3107
51	3108
51	3112
51	3122
51	3124
51	3129
51	3131
51	3135
51	3145
51	3162
51	3163
51	3168
51	3170
51	3175
51	3177
51	3183
51	3187
51	3198
51	3202
51	3203
51	3204
51	3208
51	3209
51	3211
51	3212
51	3219
51	3232
51	3239
51	3247
51	3250
51	3255
51	3256
51	3259
51	3261
51	3264
51	3265
51	3267
51	3269
51	3273
51	3275
51	3277
51	3278
51	3279
51	3284
51	3288
51	3289
51	3292
51	3293
51	3295
51	3296
51	3300
51	3301
51	3302
51	3310
51	3311
51	3315
51	3317
51	3318
51	3320
51	3325
51	3327
51	3333
51	3334
51	3336
51	3338
51	3339
51	3342
51	3350
51	3352
51	3357
51	3360
51	3361
51	3365
51	3367
51	3377
51	3380
51	3384
51	3385
51	3389
51	3394
51	3398
51	3402
51	3405
51	3406
51	3408
51	3413
51	3416
51	3419
51	3420
51	3421
51	3422
51	3432
51	3434
51	3440
51	3444
51	3446
51	3453
51	3458
51	3467
51	3468
51	3470
51	3472
51	3478
51	3479
51	3482
51	3490
51	3500
51	3503
51	3504
51	3511
51	3512
51	3517
51	3518
51	3520
51	3525
51	3526
51	3527
51	3528
51	3534
51	3537
51	3542
51	3545
51	3552
51	3553
51	3556
51	3557
51	3559
51	3560
51	3561
51	3565
51	3568
51	3571
51	3574
51	3583
51	3592
51	3594
51	3595
51	3596
51	3601
51	3610
51	3615
51	3621
51	3622
51	3627
51	3628
51	3635
51	3641
51	3644
51	3645
51	3647
51	3649
51	3652
51	3654
51	3655
51	3659
51	3661
51	3664
51	3667
51	3668
51	3669
51	3679
51	3681
51	3682
51	3683
51	3686
51	3689
51	3691
51	3692
51	3696
51	3697
51	3698
51	3699
51	3700
51	3703
51	3707
51	3709
51	3715
51	3720
51	3721
51	3730
51	3739
51	3740
51	3748
51	3767
51	3772
51	3777
51	3779
51	3780
51	3781
51	3784
51	3792
51	3793
51	3796
51	3797
51	3804
51	3806
51	3808
51	3810
51	3813
51	3817
51	3819
51	3825
51	3826
51	3828
51	3829
51	3832
51	3839
51	3846
51	3847
51	3849
51	3853
51	3855
51	3857
51	3860
51	3862
51	3870
51	3872
51	3874
51	3875
51	3879
51	3884
51	3885
51	3894
51	3895
51	3897
51	3900
51	3904
51	3908
51	3910
51	3921
51	3925
51	3926
51	3928
51	3931
51	3932
51	3935
51	3939
51	3941
51	3943
51	3944
51	3949
51	3953
51	3958
51	3966
51	3967
51	3969
51	3973
51	3980
51	3986
51	3988
51	3990
51	3991
51	3999
51	4006
51	4011
51	4014
51	4017
51	4025
51	4028
51	4030
51	4033
51	4034
51	4036
51	4037
51	4039
51	4046
51	4050
51	4051
51	4054
51	4055
51	4062
51	4064
51	4065
51	4066
51	4069
51	4076
51	4080
51	4081
51	4084
51	4088
51	4093
51	4095
51	4102
51	4103
51	4106
51	4107
51	4108
51	4112
51	4116
51	4117
51	4118
51	4121
51	4133
51	4135
51	4137
51	4139
51	4141
51	4142
51	4147
51	4152
51	4155
51	4158
51	4161
51	4162
51	4164
51	4165
51	4166
51	4167
51	4177
51	4178
51	4179
51	4188
51	4196
51	4197
51	4198
51	4200
51	4202
51	4205
51	4210
51	4211
51	4214
51	4215
51	4217
51	4219
51	4221
51	4225
51	4227
51	4228
51	4231
51	4240
51	4242
51	4243
51	4246
51	4248
51	4250
51	4255
51	4256
51	4261
51	4265
51	4266
51	4267
51	4269
51	4272
51	4284
51	4286
51	4289
51	4291
51	4293
51	4298
51	4302
51	4307
51	4311
51	4317
51	4329
51	4331
51	4332
51	4333
51	4337
51	4339
51	4340
51	4343
51	4349
51	4352
51	4353
51	4356
51	4357
51	4360
51	4363
51	4372
51	4376
51	4377
51	4380
51	4383
51	4385
51	4388
51	4389
51	4391
51	4396
51	4402
51	4404
51	4405
51	4408
51	4409
51	4410
51	4413
51	4417
51	4418
51	4420
51	4426
51	4427
51	4429
51	4432
51	4433
51	4434
51	4436
51	4441
51	4443
51	4444
51	4447
51	4448
51	4459
51	4460
51	4464
51	4467
51	4471
51	4477
51	4481
51	4484
51	4490
51	4494
51	4505
51	4507
51	4508
51	4510
51	4512
51	4517
51	4518
51	4519
51	4520
51	4525
51	4526
51	4527
51	4535
51	4536
51	4549
51	4554
51	4556
51	4557
51	4558
51	4562
51	4565
51	4566
51	4570
51	4572
51	4573
51	4575
51	4578
51	4579
51	4583
51	4584
51	4586
51	4587
51	4589
51	4594
51	4595
51	4598
51	4600
51	4602
51	4605
51	4606
51	4618
51	4622
51	4623
51	4624
51	4625
51	4626
51	4631
51	4633
51	4636
51	4640
51	4641
51	4643
51	4650
51	4654
51	4655
51	4664
51	4665
51	4668
51	4670
51	4675
51	4676
51	4683
51	4684
51	4688
51	4690
51	4692
51	4695
51	4696
51	4703
51	4704
51	4707
51	4713
51	4715
51	4719
51	4725
51	4726
51	4736
51	4747
51	4755
51	4756
51	4757
51	4758
51	4759
51	4775
51	4783
51	4786
51	4797
51	4800
51	4801
51	4802
51	4809
51	4812
51	4813
51	4816
51	4817
51	4822
51	4824
51	4828
51	4829
51	4834
51	4835
51	4836
51	4837
51	4838
51	4840
51	4845
51	4847
51	4849
51	4854
51	4859
51	4866
51	4870
51	4873
51	4875
51	4876
51	4890
51	4893
51	4901
51	4904
51	4910
51	4911
51	4914
51	4916
51	4917
51	4935
51	4939
51	4941
51	4945
51	4948
51	4950
51	4951
51	4960
51	4965
51	4967
51	4971
51	4973
51	4975
51	4978
51	4981
51	4982
51	4983
51	4987
51	4989
51	4990
51	4993
51	4994
51	4995
51	5004
51	5007
51	5018
51	5025
51	5034
51	5041
51	5044
51	5047
51	5050
51	5051
51	5055
51	5057
51	5059
51	5069
51	5073
51	5084
51	5085
51	5086
51	5087
51	5090
51	5092
51	5095
51	5097
51	5100
51	5104
51	5105
51	5107
51	5109
51	5113
51	5118
51	5129
51	5134
51	5137
51	5138
51	5141
51	5145
51	5152
51	5157
51	5158
51	5160
51	5161
51	5163
51	5164
51	5167
51	5168
51	5174
51	5177
51	5181
51	5187
51	5191
51	5193
51	5201
51	5205
51	5207
51	5209
51	5212
51	5214
51	5215
51	5216
51	5218
51	5220
51	5221
51	5223
51	5227
51	5229
51	5234
51	5240
51	5244
51	5245
51	5246
51	5247
51	5249
51	5250
51	5253
51	5258
51	5265
51	5267
51	5269
51	5276
51	5281
51	5288
51	5289
51	5294
51	5296
51	5299
51	5308
51	5316
51	5320
51	5325
51	5327
51	5336
51	5339
51	5351
51	5352
51	5353
51	5359
51	5363
51	5365
51	5368
51	5369
51	5371
51	5372
51	5380
51	5381
51	5390
51	5392
51	5393
51	5396
51	5406
51	5407
51	5408
51	5412
51	5414
51	5419
51	5420
51	5421
51	5423
51	5424
51	5429
51	5432
51	5435
51	5440
51	5441
51	5446
51	5448
51	5451
51	5460
51	5461
51	5463
51	5464
51	5469
51	5475
51	5478
51	5480
51	5484
51	5491
51	5492
51	5493
51	5495
51	5496
51	5498
51	5502
51	5504
51	5509
51	5511
51	5519
51	5524
51	5526
51	5527
51	5530
51	5533
51	5546
51	5552
51	5555
51	5561
51	5565
51	5572
51	5583
51	5585
51	5587
51	5588
51	5592
51	5595
51	5599
51	5608
51	5609
51	5611
51	5613
51	5631
51	5634
51	5641
51	5642
51	5644
51	5647
51	5656
51	5659
51	5663
51	5666
51	5671
51	5673
51	5676
51	5677
51	5681
51	5682
51	5685
51	5687
51	5693
51	5700
51	5703
51	5704
51	5707
51	5711
51	5715
51	5719
51	5721
51	5722
51	5724
51	5731
51	5732
51	5733
51	5734
51	5736
51	5738
51	5739
51	5741
51	5747
51	5751
51	5752
51	5753
51	5754
51	5758
51	5759
51	5763
51	5765
51	5775
51	5778
51	5779
51	5780
51	5786
51	5789
51	5794
51	5796
51	5797
51	5798
51	5801
51	5805
51	5807
51	5808
51	5809
51	5810
51	5811
51	5815
51	5816
51	5823
51	5833
51	5834
51	5836
51	5841
51	5843
51	5848
51	5849
51	5855
51	5860
51	5862
51	5866
51	5868
51	5893
51	5907
51	5908
51	5910
51	5913
51	5914
51	5916
51	5917
51	5919
51	5921
51	5929
51	5930
51	5931
51	5935
51	5946
51	5947
51	5950
51	5954
51	5956
51	5958
51	5962
51	5970
51	5976
51	5977
51	5980
51	5981
51	5986
51	5994
51	5995
51	5996
51	6000
51	6004
51	6009
51	6010
51	6013
51	6014
51	6015
51	6018
51	6020
51	6021
51	6022
51	6025
51	6031
51	6033
51	6034
51	6035
51	6039
51	6045
51	6046
51	6048
51	6054
51	6061
51	6064
51	6065
51	6071
51	6075
51	6077
51	6079
51	6080
51	6084
51	6088
51	6094
51	6095
51	6102
51	6109
51	6112
51	6117
51	6118
51	6119
51	6133
51	6134
51	6141
51	6145
51	6146
51	6147
51	6148
51	6159
51	6162
51	6164
51	6165
51	6172
51	6182
51	6188
51	6189
51	6197
51	6203
51	6205
51	6207
51	6208
51	6212
51	6217
51	6222
51	6225
51	6226
51	6228
51	6230
51	6232
51	6233
51	6234
51	6236
51	6237
51	6253
51	6254
51	6256
51	6259
51	6261
51	6264
51	6271
51	6273
51	6274
51	6278
51	6279
51	6282
51	6283
51	6287
51	6289
51	6299
51	6302
51	6308
51	6312
51	6314
51	6315
51	6317
51	6326
51	6328
51	6332
51	6333
51	6334
51	6339
51	6341
51	6349
51	6351
51	6353
51	6356
51	6358
51	6363
51	6364
51	6365
51	6368
51	6374
51	6382
51	6383
51	6384
51	6385
51	6390
51	6392
51	6396
51	6398
51	6400
51	6410
51	6411
51	6418
51	6421
51	6427
51	6428
51	6433
51	6435
51	6444
51	6445
51	6447
51	6448
51	6454
51	6455
51	6463
51	6465
51	6470
51	6477
51	6481
51	6482
51	6490
51	6496
51	6500
51	6503
51	6507
51	6509
51	6511
51	6512
51	6513
51	6514
51	6515
51	6521
51	6530
51	6532
51	6543
51	6547
51	6548
51	6551
51	6557
51	6560
51	6561
51	6563
51	6568
51	6570
51	6584
51	6597
51	6601
51	6606
51	6613
51	6614
51	6616
51	6617
51	6618
51	6619
51	6632
51	6634
51	6641
51	6643
51	6648
51	6653
51	6654
51	6655
51	6659
51	6661
51	6668
51	6672
51	6673
51	6675
51	6676
51	6681
51	6683
51	6685
51	6688
51	6692
51	6693
51	6698
51	6703
51	6706
51	6714
51	6717
51	6721
51	6723
51	6725
51	6728
51	6734
51	6736
51	6737
51	6739
51	6750
51	6752
51	6768
51	6774
51	6777
51	6780
51	6781
51	6782
51	6790
51	6798
51	6799
51	6808
51	6816
51	6822
51	6823
51	6825
51	6826
51	6836
51	6839
51	6840
51	6847
51	6854
51	6865
51	6869
51	6882
51	6883
51	6884
51	6897
51	6900
51	6901
51	6913
51	6914
51	6915
51	6917
51	6918
51	6921
51	6922
51	6925
51	6933
51	6934
51	6935
51	6938
51	6939
51	6944
51	6945
51	6947
51	6954
51	6961
51	6962
51	6965
51	6966
51	6967
51	6968
51	6969
51	6971
51	6972
51	6973
51	6978
51	6986
51	6987
51	6988
51	6999
51	7003
51	7010
51	7015
51	7017
51	7019
51	7020
51	7023
51	7028
51	7037
51	7039
51	7040
51	7045
51	7048
51	7054
51	7056
51	7061
51	7065
51	7067
51	7069
51	7071
51	7073
51	7074
51	7076
51	7080
51	7090
51	7093
51	7100
51	7102
51	7104
51	7108
51	7110
51	7116
51	7122
51	7125
51	7132
51	7133
51	7134
51	7135
51	7138
51	7140
51	7143
51	7144
51	7145
51	7146
51	7152
51	7160
51	7161
51	7165
51	7170
51	7177
51	7178
51	7181
51	7183
51	7188
51	7190
51	7191
51	7200
51	7203
51	7205
51	7206
51	7210
51	7211
51	7215
51	7216
51	7218
51	7225
51	7227
51	7228
51	7232
51	7234
51	7237
51	7241
51	7247
51	7256
51	7259
51	7263
51	7264
51	7268
51	7274
51	7277
51	7281
51	7284
51	7285
51	7287
51	7298
51	7299
51	7303
51	7304
51	7305
51	7306
51	7307
51	7311
51	7313
51	7322
51	7323
51	7329
51	7330
51	7331
51	7335
51	7343
51	7344
51	7346
51	7350
51	7351
51	7352
51	7354
51	7355
51	7357
51	7367
51	7369
51	7371
51	7372
51	7374
51	7377
51	7378
51	7380
51	7393
51	7398
51	7399
51	7402
51	7403
51	7410
51	7413
51	7414
51	7419
51	7427
51	7435
51	7437
51	7443
51	7446
51	7453
51	7455
51	7458
51	7460
51	7462
51	7463
51	7471
51	7474
51	7476
51	7477
51	7481
51	7483
51	7485
51	7486
51	7491
51	7495
51	7496
51	7499
51	7502
51	7505
51	7508
51	7509
51	7515
51	7516
51	7519
51	7526
51	7532
51	7534
51	7539
51	7546
51	7547
51	7550
51	7554
51	7557
51	7561
51	7563
51	7567
51	7568
51	7582
51	7589
51	7595
51	7609
51	7615
51	7619
51	7624
51	7630
51	7632
51	7635
51	7636
51	7639
51	7643
51	7644
51	7650
51	7651
51	7653
51	7654
51	7656
51	7660
51	7664
51	7666
51	7667
51	7670
51	7675
51	7679
51	7680
51	7686
51	7689
51	7690
51	7692
51	7695
51	7697
51	7701
51	7706
51	7708
51	7712
51	7718
51	7719
51	7721
51	7734
51	7736
51	7743
51	7751
51	7754
51	7755
51	7757
51	7758
51	7759
51	7761
51	7763
51	7766
51	7769
51	7770
51	7771
51	7774
51	7775
51	7778
51	7781
51	7782
51	7785
51	7787
51	7788
51	7791
51	7792
51	7794
51	7803
51	7804
51	7808
51	7813
51	7814
51	7818
51	7823
51	7824
51	7827
51	7830
51	7832
51	7835
51	7836
51	7838
51	7858
51	7876
51	7877
51	7878
51	7881
51	7886
51	7898
51	7902
51	7904
51	7911
51	7913
51	7914
51	7915
51	7919
51	7923
51	7924
51	7927
51	7937
51	7938
51	7942
51	7944
51	7945
51	7948
51	7949
51	7950
51	7952
51	7954
51	7956
51	7959
51	7966
51	7967
51	7970
51	7974
51	7975
51	7978
51	7981
51	7986
51	8005
51	8009
51	8010
51	8013
51	8014
51	8016
51	8018
51	8019
51	8021
51	8028
51	8030
51	8032
51	8033
51	8034
51	8036
51	8042
51	8043
51	8047
51	8051
51	8052
51	8054
51	8055
51	8056
51	8057
51	8061
51	8062
51	8064
51	8066
51	8070
51	8072
51	8074
51	8075
51	8081
51	8082
51	8089
51	8090
51	8091
51	8093
51	8101
51	8104
51	8106
51	8107
51	8108
51	8113
51	8116
51	8119
51	8122
51	8123
51	8124
51	8127
51	8135
51	8139
51	8142
51	8144
51	8145
51	8149
51	8154
51	8155
51	8157
51	8169
51	8171
51	8173
51	8177
51	8179
51	8181
51	8182
51	8198
51	8201
51	8202
51	8206
51	8213
51	8219
51	8221
51	8223
51	8224
51	8227
51	8236
51	8239
51	8241
51	8245
51	8246
51	8247
51	8251
51	8252
51	8255
51	8257
51	8258
51	8260
51	8261
51	8264
51	8273
51	8275
51	8280
51	8281
51	8283
51	8292
51	8294
51	8295
51	8296
51	8297
51	8304
51	8306
51	8309
51	8313
51	8316
51	8323
51	8330
51	8334
51	8336
51	8344
51	8347
51	8354
51	8360
51	8366
51	8375
51	8380
51	8390
51	8393
51	8395
51	8396
51	8399
51	8404
51	8416
51	8417
51	8418
51	8420
51	8421
51	8427
51	8428
51	8431
51	8433
51	8434
51	8437
51	8439
51	8442
51	8448
51	8453
51	8462
51	8471
51	8473
51	8474
51	8483
51	8485
51	8486
51	8491
51	8492
51	8495
51	8497
51	8505
51	8506
51	8511
51	8512
51	8513
51	8515
51	8521
51	8524
51	8527
51	8529
51	8533
51	8534
51	8537
51	8538
51	8540
51	8547
51	8549
51	8553
51	8559
51	8561
51	8562
51	8566
51	8567
51	8582
51	8584
51	8586
51	8587
51	8588
51	8595
51	8597
51	8598
51	8602
51	8604
51	8607
51	8617
51	8620
51	8621
51	8625
51	8626
51	8630
51	8632
51	8642
51	8647
51	8649
51	8650
51	8660
51	8672
51	8673
51	8679
51	8680
51	8695
51	8697
51	8699
51	8703
51	8704
51	8705
51	8710
51	8712
51	8720
51	8725
51	8733
51	8735
51	8742
51	8743
51	8745
51	8746
51	8747
51	8750
51	8751
51	8754
51	8758
51	8768
51	8782
51	8783
51	8791
51	8793
51	8802
51	8804
51	8815
51	8816
51	8818
51	8822
51	8825
51	8830
51	8835
51	8837
51	8840
51	8842
51	8843
51	8856
51	8859
51	8864
51	8866
51	8869
51	8870
51	8872
51	8876
51	8882
51	8889
51	8892
51	8896
51	8898
51	8902
51	8908
51	8909
51	8911
51	8912
51	8918
51	8922
51	8925
51	8927
51	8928
51	8931
51	8933
51	8938
51	8939
51	8942
51	8943
51	8948
51	8949
51	8950
51	8952
51	8953
51	8959
51	8966
51	8972
51	8974
51	8987
51	8995
51	9002
51	9005
51	9008
51	9012
51	9014
51	9017
51	9023
51	9024
51	9033
51	9034
51	9035
51	9036
51	9038
51	9044
51	9052
51	9054
51	9059
51	9060
51	9064
51	9072
51	9073
51	9078
51	9088
51	9089
51	9092
51	9095
51	9098
51	9103
51	9108
51	9113
51	9126
51	9128
51	9136
51	9139
51	9142
51	9146
51	9148
51	9151
51	9154
51	9160
51	9164
51	9167
51	9169
51	9171
51	9172
51	9174
51	9178
51	9179
51	9184
51	9188
51	9192
51	9193
51	9194
51	9195
51	9197
51	9198
51	9200
51	9202
51	9207
51	9211
51	9215
51	9222
51	9224
51	9235
51	9236
51	9240
51	9253
51	9256
51	9257
51	9260
51	9264
51	9266
51	9268
51	9271
51	9272
51	9273
51	9275
51	9276
51	9277
51	9279
51	9280
51	9282
51	9284
51	9285
51	9288
51	9298
51	9301
51	9302
51	9305
51	9309
51	9310
51	9315
51	9317
51	9320
51	9323
51	9329
51	9330
51	9336
51	9342
51	9344
51	9346
51	9348
51	9352
51	9355
51	9362
51	9366
51	9367
51	9368
51	9369
51	9371
51	9376
51	9382
51	9388
51	9391
51	9393
51	9399
51	9402
51	9405
51	9406
51	9415
51	9416
51	9418
51	9426
51	9435
51	9440
51	9448
51	9450
51	9451
51	9452
51	9457
51	9458
51	9468
51	9469
51	9470
51	9472
51	9475
51	9478
51	9479
51	9480
51	9483
51	9485
51	9491
51	9493
51	9501
51	9502
51	9514
51	9517
51	9520
51	9521
51	9524
51	9534
51	9537
51	9541
51	9544
51	9547
51	9559
51	9566
51	9570
51	9573
51	9578
51	9580
51	9584
51	9587
51	9589
51	9590
51	9595
51	9600
51	9602
51	9604
51	9609
51	9611
51	9612
51	9613
51	9614
51	9616
51	9620
51	9622
51	9623
51	9624
51	9628
51	9633
51	9641
51	9644
51	9646
51	9647
51	9652
51	9656
51	9658
51	9662
51	9665
51	9668
51	9670
51	9674
51	9675
51	9676
51	9677
51	9679
51	9684
51	9685
51	9691
51	9697
51	9699
51	9701
51	9703
51	9705
51	9711
51	9716
51	9719
51	9720
51	9723
51	9738
51	9740
51	9742
51	9743
51	9745
51	9748
51	9751
51	9760
51	9761
51	9762
51	9772
51	9775
51	9781
51	9782
51	9790
51	9791
51	9794
51	9795
51	9807
51	9815
51	9819
51	9838
51	9844
51	9846
51	9847
51	9849
51	9851
51	9852
51	9855
51	9857
51	9859
51	9860
51	9861
51	9872
51	9874
51	9876
51	9882
51	9883
51	9887
51	9888
51	9892
51	9893
51	9897
51	9901
51	9903
51	9905
51	9908
51	9910
51	9915
51	9922
51	9926
51	9929
51	9935
51	9946
51	9948
51	9952
51	9960
51	9963
51	9965
51	9966
51	9968
51	9971
51	9977
51	9979
51	9983
51	9987
51	9991
51	9994
52	1
52	4
52	8
52	10
52	15
52	17
52	18
52	23
52	26
52	27
52	28
52	29
52	30
52	31
52	34
52	36
52	42
52	44
52	46
52	47
52	49
52	51
52	52
52	61
52	65
52	77
52	79
52	81
52	83
52	89
52	91
52	94
52	103
52	104
52	106
52	107
52	108
52	109
52	110
52	115
52	120
52	121
52	122
52	125
52	127
52	132
52	133
52	134
52	138
52	140
52	141
52	142
52	145
52	147
52	148
52	149
52	153
52	157
52	160
52	163
52	165
52	170
52	172
52	177
52	179
52	183
52	184
52	188
52	191
52	196
52	198
52	199
52	202
52	203
52	206
52	207
52	219
52	224
52	225
52	226
52	228
52	230
52	235
52	237
52	241
52	242
52	247
52	251
52	252
52	255
52	257
52	258
52	266
52	270
52	272
52	280
52	285
52	287
52	288
52	289
52	291
52	294
52	297
52	299
52	300
52	302
52	304
52	307
52	311
52	312
52	314
52	316
52	318
52	319
52	322
52	323
52	326
52	327
52	329
52	330
52	331
52	334
52	335
52	336
52	337
52	340
52	343
52	345
52	349
52	352
52	354
52	355
52	359
52	362
52	365
52	366
52	367
52	370
52	371
52	373
52	374
52	376
52	378
52	380
52	386
52	387
52	389
52	393
52	398
52	403
52	407
52	411
52	412
52	413
52	416
52	418
52	419
52	425
52	427
52	434
52	436
52	445
52	452
52	454
52	458
52	460
52	461
52	463
52	464
52	465
52	466
52	470
52	471
52	472
52	474
52	475
52	476
52	478
52	479
52	484
52	486
52	494
52	495
52	497
52	499
52	506
52	507
52	508
52	509
52	513
52	514
52	515
52	518
52	520
52	521
52	524
52	527
52	528
52	529
52	532
52	535
52	542
52	543
52	544
52	548
52	552
52	553
52	556
52	557
52	558
52	559
52	560
52	561
52	562
52	566
52	569
52	573
52	574
52	575
52	577
52	581
52	582
52	585
52	589
52	590
52	591
52	598
52	602
52	604
52	605
52	606
52	607
52	608
52	609
52	612
52	613
52	615
52	617
52	622
52	625
52	626
52	629
52	630
52	631
52	632
52	635
52	638
52	646
52	653
52	655
52	658
52	660
52	663
52	665
52	666
52	669
52	675
52	677
52	680
52	690
52	692
52	693
52	694
52	695
52	696
52	701
52	703
52	704
52	705
52	713
52	714
52	715
52	718
52	725
52	726
52	730
52	731
52	737
52	742
52	743
52	745
52	748
52	751
52	757
52	758
52	763
52	764
52	766
52	769
52	770
52	774
52	776
52	778
52	780
52	783
52	784
52	786
52	787
52	788
52	789
52	790
52	795
52	796
52	800
52	805
52	811
52	812
52	813
52	819
52	822
52	824
52	829
52	833
52	837
52	838
52	840
52	843
52	844
52	846
52	847
52	848
52	849
52	854
52	856
52	858
52	862
52	865
52	866
52	867
52	870
52	871
52	873
52	876
52	882
52	891
52	895
52	896
52	897
52	898
52	903
52	904
52	905
52	906
52	907
52	908
52	911
52	912
52	914
52	917
52	921
52	922
52	923
52	925
52	928
52	929
52	932
52	941
52	942
52	947
52	948
52	952
52	953
52	958
52	959
52	963
52	964
52	965
52	966
52	967
52	969
52	972
52	975
52	982
52	984
52	988
52	989
52	992
52	993
52	995
52	998
52	1000
52	1006
52	1007
52	1009
52	1012
52	1014
52	1018
52	1022
52	1023
52	1030
52	1036
52	1038
52	1039
52	1049
52	1050
52	1051
52	1053
52	1054
52	1056
52	1057
52	1060
52	1063
52	1064
52	1067
52	1075
52	1077
52	1078
52	1084
52	1088
52	1094
52	1097
52	1101
52	1105
52	1107
52	1108
52	1109
52	1114
52	1116
52	1119
52	1120
52	1123
52	1127
52	1130
52	1131
52	1133
52	1134
52	1136
52	1137
52	1140
52	1141
52	1142
52	1144
52	1145
52	1152
52	1157
52	1159
52	1161
52	1163
52	1169
52	1175
52	1180
52	1181
52	1184
52	1188
52	1190
52	1193
52	1194
52	1198
52	1200
52	1201
52	1202
52	1205
52	1208
52	1211
52	1215
52	1217
52	1218
52	1219
52	1222
52	1224
52	1226
52	1227
52	1230
52	1232
52	1237
52	1239
52	1242
52	1243
52	1245
52	1254
52	1258
52	1259
52	1261
52	1263
52	1264
52	1273
52	1275
52	1276
52	1279
52	1281
52	1285
52	1292
52	1293
52	1295
52	1300
52	1301
52	1305
52	1311
52	1313
52	1314
52	1317
52	1319
52	1320
52	1322
52	1329
52	1330
52	1331
52	1332
52	1333
52	1340
52	1341
52	1342
52	1345
52	1346
52	1348
52	1350
52	1361
52	1363
52	1366
52	1369
52	1373
52	1379
52	1381
52	1382
52	1383
52	1385
52	1387
52	1393
52	1394
52	1397
52	1399
52	1400
52	1409
52	1412
52	1413
52	1415
52	1416
52	1420
52	1424
52	1426
52	1430
52	1432
52	1440
52	1445
52	1448
52	1454
52	1459
52	1460
52	1463
52	1466
52	1469
52	1470
52	1471
52	1473
52	1474
52	1475
52	1476
52	1485
52	1488
52	1492
52	1499
52	1502
52	1508
52	1510
52	1511
52	1513
52	1522
52	1526
52	1527
52	1535
52	1536
52	1537
52	1540
52	1543
52	1545
52	1547
52	1549
52	1551
52	1554
52	1555
52	1556
52	1559
52	1560
52	1562
52	1567
52	1568
52	1570
52	1571
52	1572
52	1574
52	1575
52	1576
52	1577
52	1580
52	1581
52	1583
52	1585
52	1587
52	1591
52	1594
52	1598
52	1603
52	1605
52	1606
52	1608
52	1610
52	1615
52	1618
52	1622
52	1626
52	1628
52	1630
52	1631
52	1633
52	1641
52	1643
52	1644
52	1645
52	1646
52	1647
52	1648
52	1649
52	1658
52	1660
52	1661
52	1662
52	1664
52	1665
52	1672
52	1674
52	1677
52	1678
52	1679
52	1682
52	1684
52	1686
52	1687
52	1688
52	1694
52	1697
52	1700
52	1701
52	1705
52	1706
52	1707
52	1708
52	1710
52	1715
52	1716
52	1718
52	1719
52	1725
52	1726
52	1728
52	1732
52	1733
52	1734
52	1736
52	1739
52	1742
52	1746
52	1750
52	1752
52	1753
52	1755
52	1758
52	1759
52	1760
52	1761
52	1762
52	1763
52	1766
52	1769
52	1770
52	1771
52	1779
52	1780
52	1782
52	1784
52	1787
52	1791
52	1794
52	1797
52	1799
52	1802
52	1804
52	1807
52	1808
52	1810
52	1811
52	1813
52	1816
52	1821
52	1823
52	1825
52	1827
52	1828
52	1832
52	1837
52	1841
52	1843
52	1845
52	1847
52	1848
52	1850
52	1853
52	1854
52	1856
52	1857
52	1859
52	1864
52	1871
52	1872
52	1875
52	1876
52	1877
52	1878
52	1879
52	1883
52	1885
52	1888
52	1891
52	1892
52	1894
52	1896
52	1899
52	1900
52	1903
52	1914
52	1917
52	1924
52	1928
52	1930
52	1934
52	1937
52	1940
52	1942
52	1944
52	1948
52	1950
52	1954
52	1959
52	1964
52	1965
52	1966
52	1968
52	1970
52	1975
52	1978
52	1984
52	1988
52	1989
52	1993
52	1994
52	2000
52	2003
52	2007
52	2008
52	2010
52	2014
52	2021
52	2022
52	2026
52	2029
52	2033
52	2037
52	2038
52	2040
52	2045
52	2050
52	2051
52	2056
52	2058
52	2060
52	2063
52	2067
52	2069
52	2070
52	2075
52	2076
52	2079
52	2080
52	2085
52	2086
52	2089
52	2093
52	2095
52	2097
52	2099
52	2104
52	2106
52	2114
52	2117
52	2118
52	2119
52	2122
52	2123
52	2127
52	2128
52	2129
52	2133
52	2137
52	2141
52	2142
52	2147
52	2152
52	2155
52	2170
52	2171
52	2173
52	2174
52	2177
52	2178
52	2184
52	2189
52	2190
52	2203
52	2204
52	2206
52	2208
52	2210
52	2211
52	2212
52	2218
52	2222
52	2223
52	2229
52	2230
52	2232
52	2237
52	2239
52	2240
52	2243
52	2247
52	2264
52	2266
52	2268
52	2269
52	2274
52	2275
52	2278
52	2279
52	2281
52	2284
52	2286
52	2287
52	2291
52	2292
52	2294
52	2298
52	2301
52	2306
52	2308
52	2310
52	2311
52	2313
52	2314
52	2315
52	2318
52	2319
52	2320
52	2321
52	2323
52	2325
52	2328
52	2331
52	2333
52	2342
52	2348
52	2352
52	2353
52	2357
52	2358
52	2364
52	2368
52	2369
52	2373
52	2377
52	2379
52	2383
52	2388
52	2394
52	2396
52	2400
52	2401
52	2404
52	2410
52	2411
52	2414
52	2418
52	2419
52	2422
52	2423
52	2426
52	2428
52	2430
52	2433
52	2436
52	2438
52	2439
52	2444
52	2447
52	2448
52	2451
52	2453
52	2457
52	2458
52	2460
52	2462
52	2467
52	2474
52	2479
52	2480
52	2483
52	2484
52	2485
52	2488
52	2493
52	2497
52	2499
52	2501
52	2505
52	2506
52	2508
52	2510
52	2512
52	2513
52	2514
52	2516
52	2518
52	2519
52	2520
52	2522
52	2523
52	2527
52	2529
52	2530
52	2531
52	2536
52	2540
52	2541
52	2542
52	2544
52	2550
52	2551
52	2552
52	2554
52	2556
52	2558
52	2560
52	2562
52	2567
52	2568
52	2570
52	2572
52	2577
52	2579
52	2581
52	2583
52	2584
52	2586
52	2589
52	2592
52	2594
52	2595
52	2596
52	2597
52	2598
52	2599
52	2603
52	2605
52	2614
52	2615
52	2617
52	2619
52	2620
52	2624
52	2627
52	2633
52	2635
52	2637
52	2642
52	2644
52	2645
52	2646
52	2647
52	2648
52	2650
52	2651
52	2652
52	2661
52	2662
52	2663
52	2665
52	2668
52	2670
52	2677
52	2679
52	2681
52	2685
52	2689
52	2690
52	2693
52	2694
52	2695
52	2696
52	2699
52	2700
52	2703
52	2706
52	2707
52	2713
52	2714
52	2715
52	2720
52	2727
52	2729
52	2731
52	2737
52	2738
52	2751
52	2755
52	2759
52	2761
52	2762
52	2763
52	2768
52	2769
52	2771
52	2772
52	2773
52	2774
52	2776
52	2785
52	2786
52	2788
52	2789
52	2792
52	2796
52	2797
52	2798
52	2799
52	2802
52	2803
52	2807
52	2808
52	2812
52	2819
52	2820
52	2821
52	2827
52	2829
52	2833
52	2835
52	2836
52	2841
52	2842
52	2844
52	2851
52	2852
52	2854
52	2855
52	2857
52	2858
52	2861
52	2862
52	2863
52	2864
52	2866
52	2868
52	2872
52	2874
52	2875
52	2877
52	2878
52	2881
52	2885
52	2886
52	2890
52	2892
52	2894
52	2897
52	2899
52	2900
52	2904
52	2905
52	2907
52	2914
52	2915
52	2919
52	2923
52	2925
52	2929
52	2934
52	2935
52	2937
52	2942
52	2943
52	2945
52	2956
52	2958
52	2965
52	2967
52	2969
52	2971
52	2975
52	2977
52	2981
52	2982
52	2983
52	2985
52	2987
52	2988
52	2990
52	2994
52	2995
52	2996
52	3000
52	3002
52	3008
52	3009
52	3011
52	3016
52	3019
52	3022
52	3023
52	3024
52	3026
52	3029
52	3032
52	3035
52	3036
52	3039
52	3040
52	3041
52	3043
52	3048
52	3049
52	3050
52	3052
52	3057
52	3063
52	3064
52	3065
52	3066
52	3067
52	3074
52	3080
52	3085
52	3089
52	3092
52	3106
52	3109
52	3110
52	3113
52	3115
52	3116
52	3120
52	3121
52	3123
52	3126
52	3127
52	3128
52	3133
52	3138
52	3139
52	3141
52	3143
52	3146
52	3150
52	3151
52	3152
52	3153
52	3155
52	3156
52	3159
52	3165
52	3166
52	3167
52	3172
52	3173
52	3174
52	3176
52	3180
52	3182
52	3184
52	3185
52	3191
52	3192
52	3194
52	3196
52	3197
52	3201
52	3206
52	3218
52	3220
52	3223
52	3224
52	3225
52	3226
52	3228
52	3229
52	3233
52	3238
52	3244
52	3245
52	3249
52	3253
52	3254
52	3260
52	3263
52	3271
52	3272
52	3276
52	3280
52	3285
52	3286
52	3287
52	3290
52	3291
52	3297
52	3298
52	3299
52	3304
52	3306
52	3307
52	3313
52	3316
52	3321
52	3322
52	3323
52	3328
52	3329
52	3330
52	3332
52	3340
52	3344
52	3345
52	3346
52	3347
52	3348
52	3349
52	3351
52	3353
52	3355
52	3356
52	3359
52	3362
52	3364
52	3366
52	3368
52	3370
52	3372
52	3373
52	3376
52	3381
52	3390
52	3391
52	3392
52	3395
52	3396
52	3399
52	3401
52	3403
52	3404
52	3407
52	3409
52	3412
52	3423
52	3424
52	3427
52	3428
52	3435
52	3436
52	3442
52	3443
52	3447
52	3448
52	3449
52	3451
52	3452
52	3454
52	3455
52	3457
52	3459
52	3462
52	3463
52	3464
52	3469
52	3473
52	3474
52	3475
52	3480
52	3483
52	3484
52	3486
52	3487
52	3495
52	3496
52	3498
52	3501
52	3502
52	3507
52	3509
52	3510
52	3514
52	3524
52	3532
52	3536
52	3539
52	3540
52	3549
52	3550
52	3551
52	3558
52	3562
52	3563
52	3566
52	3567
52	3572
52	3575
52	3577
52	3579
52	3582
52	3587
52	3590
52	3591
52	3598
52	3604
52	3605
52	3607
52	3608
52	3609
52	3611
52	3612
52	3618
52	3619
52	3623
52	3624
52	3630
52	3633
52	3634
52	3636
52	3638
52	3639
52	3640
52	3643
52	3646
52	3648
52	3651
52	3657
52	3658
52	3660
52	3663
52	3666
52	3672
52	3673
52	3675
52	3677
52	3678
52	3680
52	3684
52	3687
52	3688
52	3690
52	3693
52	3694
52	3701
52	3702
52	3705
52	3706
52	3708
52	3710
52	3713
52	3714
52	3716
52	3718
52	3719
52	3723
52	3725
52	3726
52	3727
52	3728
52	3734
52	3741
52	3742
52	3744
52	3749
52	3751
52	3752
52	3753
52	3754
52	3756
52	3757
52	3763
52	3765
52	3766
52	3768
52	3774
52	3783
52	3785
52	3786
52	3787
52	3790
52	3794
52	3800
52	3802
52	3803
52	3809
52	3815
52	3816
52	3820
52	3821
52	3827
52	3834
52	3835
52	3837
52	3838
52	3841
52	3843
52	3844
52	3852
52	3854
52	3856
52	3859
52	3861
52	3863
52	3865
52	3867
52	3869
52	3871
52	3873
52	3877
52	3878
52	3881
52	3883
52	3886
52	3893
52	3898
52	3901
52	3902
52	3903
52	3907
52	3909
52	3915
52	3916
52	3917
52	3918
52	3919
52	3924
52	3929
52	3930
52	3933
52	3934
52	3938
52	3942
52	3946
52	3947
52	3948
52	3950
52	3951
52	3954
52	3955
52	3957
52	3959
52	3960
52	3965
52	3968
52	3971
52	3972
52	3978
52	3983
52	3984
52	3985
52	3987
52	3989
52	3992
52	3993
52	3994
52	4003
52	4004
52	4005
52	4007
52	4008
52	4010
52	4012
52	4015
52	4019
52	4022
52	4023
52	4026
52	4029
52	4031
52	4035
52	4040
52	4042
52	4043
52	4044
52	4045
52	4047
52	4048
52	4052
52	4053
52	4059
52	4060
52	4063
52	4067
52	4070
52	4074
52	4075
52	4079
52	4082
52	4091
52	4094
52	4098
52	4099
52	4100
52	4109
52	4110
52	4111
52	4113
52	4119
52	4122
52	4123
52	4124
52	4125
52	4126
52	4127
52	4128
52	4132
52	4138
52	4143
52	4145
52	4148
52	4149
52	4151
52	4159
52	4168
52	4169
52	4171
52	4172
52	4173
52	4180
52	4182
52	4183
52	4185
52	4189
52	4190
52	4192
52	4203
52	4212
52	4213
52	4216
52	4218
52	4226
52	4229
52	4232
52	4233
52	4235
52	4237
52	4241
52	4244
52	4247
52	4253
52	4254
52	4258
52	4259
52	4260
52	4263
52	4264
52	4274
52	4275
52	4277
52	4279
52	4280
52	4282
52	4283
52	4290
52	4292
52	4294
52	4296
52	4300
52	4301
52	4303
52	4305
52	4306
52	4309
52	4310
52	4312
52	4314
52	4315
52	4316
52	4321
52	4322
52	4325
52	4326
52	4338
52	4341
52	4342
52	4346
52	4348
52	4350
52	4351
52	4354
52	4355
52	4359
52	4365
52	4367
52	4368
52	4370
52	4375
52	4379
52	4381
52	4384
52	4387
52	4394
52	4395
52	4398
52	4401
52	4403
52	4406
52	4411
52	4414
52	4423
52	4425
52	4428
52	4431
52	4435
52	4437
52	4439
52	4440
52	4449
52	4452
52	4454
52	4456
52	4465
52	4466
52	4472
52	4476
52	4478
52	4483
52	4487
52	4488
52	4493
52	4495
52	4497
52	4499
52	4500
52	4501
52	4504
52	4509
52	4513
52	4521
52	4531
52	4533
52	4537
52	4541
52	4542
52	4543
52	4547
52	4551
52	4555
52	4561
52	4563
52	4569
52	4574
52	4585
52	4590
52	4591
52	4592
52	4593
52	4596
52	4597
52	4601
52	4603
52	4607
52	4608
52	4610
52	4612
52	4613
52	4614
52	4616
52	4638
52	4639
52	4644
52	4645
52	4646
52	4647
52	4648
52	4649
52	4652
52	4653
52	4657
52	4659
52	4662
52	4671
52	4672
52	4674
52	4677
52	4678
52	4681
52	4682
52	4685
52	4686
52	4687
52	4691
52	4694
52	4697
52	4698
52	4699
52	4705
52	4706
52	4709
52	4710
52	4716
52	4720
52	4724
52	4728
52	4730
52	4732
52	4733
52	4735
52	4738
52	4739
52	4740
52	4742
52	4744
52	4745
52	4746
52	4750
52	4753
52	4754
52	4761
52	4762
52	4765
52	4766
52	4768
52	4770
52	4773
52	4777
52	4778
52	4780
52	4781
52	4782
52	4785
52	4787
52	4788
52	4789
52	4790
52	4791
52	4798
52	4799
52	4803
52	4806
52	4814
52	4815
52	4820
52	4821
52	4823
52	4825
52	4826
52	4832
52	4833
52	4839
52	4842
52	4844
52	4846
52	4850
52	4851
52	4855
52	4857
52	4858
52	4861
52	4862
52	4867
52	4869
52	4871
52	4872
52	4874
52	4877
52	4879
52	4880
52	4881
52	4882
52	4885
52	4886
52	4889
52	4892
52	4895
52	4896
52	4897
52	4903
52	4905
52	4906
52	4908
52	4909
52	4912
52	4915
52	4919
52	4920
52	4923
52	4924
52	4925
52	4926
52	4927
52	4928
52	4929
52	4930
52	4931
52	4934
52	4936
52	4937
52	4942
52	4946
52	4947
52	4949
52	4952
52	4956
52	4958
52	4962
52	4963
52	4964
52	4966
52	4969
52	4970
52	4972
52	4974
52	4977
52	4979
52	4985
52	4986
52	4992
52	4997
52	5001
52	5003
52	5005
52	5006
52	5009
52	5013
52	5014
52	5015
52	5019
52	5020
52	5021
52	5028
52	5035
52	5038
52	5042
52	5043
52	5046
52	5049
52	5052
52	5054
52	5056
52	5063
52	5065
52	5066
52	5068
52	5070
52	5071
52	5072
52	5074
52	5075
52	5076
52	5077
52	5079
52	5082
52	5083
52	5089
52	5091
52	5093
52	5094
52	5102
52	5103
52	5106
52	5108
52	5120
52	5122
52	5123
52	5124
52	5128
52	5130
52	5131
52	5132
52	5133
52	5136
52	5144
52	5146
52	5147
52	5162
52	5165
52	5170
52	5171
52	5176
52	5180
52	5183
52	5184
52	5185
52	5186
52	5188
52	5190
52	5192
52	5194
52	5195
52	5199
52	5204
52	5206
52	5211
52	5213
52	5217
52	5224
52	5225
52	5226
52	5228
52	5230
52	5232
52	5233
52	5235
52	5238
52	5241
52	5243
52	5248
52	5252
52	5254
52	5256
52	5257
52	5259
52	5260
52	5264
52	5271
52	5273
52	5277
52	5280
52	5282
52	5290
52	5293
52	5295
52	5297
52	5298
52	5300
52	5302
52	5303
52	5305
52	5312
52	5314
52	5315
52	5317
52	5322
52	5323
52	5328
52	5331
52	5338
52	5340
52	5341
52	5342
52	5343
52	5344
52	5348
52	5354
52	5355
52	5356
52	5357
52	5360
52	5361
52	5364
52	5366
52	5374
52	5375
52	5379
52	5385
52	5386
52	5387
52	5389
52	5395
52	5398
52	5401
52	5402
52	5409
52	5411
52	5417
52	5418
52	5426
52	5428
52	5430
52	5431
52	5433
52	5434
52	5437
52	5439
52	5442
52	5443
52	5444
52	5445
52	5447
52	5449
52	5450
52	5453
52	5454
52	5455
52	5458
52	5459
52	5462
52	5466
52	5467
52	5468
52	5471
52	5473
52	5476
52	5477
52	5479
52	5482
52	5486
52	5487
52	5488
52	5489
52	5490
52	5497
52	5501
52	5503
52	5505
52	5506
52	5507
52	5508
52	5510
52	5514
52	5517
52	5520
52	5521
52	5522
52	5523
52	5528
52	5529
52	5531
52	5532
52	5534
52	5535
52	5537
52	5539
52	5542
52	5547
52	5548
52	5550
52	5554
52	5556
52	5558
52	5560
52	5562
52	5564
52	5567
52	5568
52	5569
52	5570
52	5571
52	5576
52	5577
52	5579
52	5582
52	5584
52	5586
52	5597
52	5598
52	5600
52	5601
52	5603
52	5606
52	5616
52	5618
52	5622
52	5628
52	5630
52	5633
52	5635
52	5636
52	5637
52	5638
52	5639
52	5643
52	5646
52	5648
52	5651
52	5652
52	5654
52	5655
52	5657
52	5658
52	5660
52	5661
52	5662
52	5667
52	5668
52	5669
52	5670
52	5672
52	5674
52	5678
52	5689
52	5690
52	5691
52	5692
52	5694
52	5699
52	5701
52	5706
52	5708
52	5710
52	5714
52	5720
52	5725
52	5726
52	5727
52	5728
52	5730
52	5737
52	5744
52	5745
52	5746
52	5750
52	5755
52	5757
52	5760
52	5767
52	5769
52	5773
52	5776
52	5781
52	5782
52	5787
52	5788
52	5791
52	5792
52	5795
52	5800
52	5802
52	5806
52	5813
52	5820
52	5821
52	5822
52	5830
52	5831
52	5832
52	5837
52	5842
52	5844
52	5845
52	5850
52	5851
52	5854
52	5857
52	5858
52	5859
52	5865
52	5870
52	5871
52	5872
52	5875
52	5876
52	5878
52	5879
52	5880
52	5881
52	5883
52	5886
52	5891
52	5892
52	5895
52	5896
52	5898
52	5899
52	5901
52	5902
52	5905
52	5906
52	5909
52	5920
52	5922
52	5924
52	5925
52	5928
52	5933
52	5934
52	5938
52	5939
52	5940
52	5942
52	5943
52	5944
52	5945
52	5948
52	5951
52	5953
52	5959
52	5961
52	5964
52	5967
52	5974
52	5975
52	5979
52	5983
52	5984
52	5985
52	5987
52	5989
52	5991
52	5993
52	5998
52	5999
52	6001
52	6003
52	6007
52	6012
52	6016
52	6017
52	6019
52	6024
52	6027
52	6028
52	6032
52	6040
52	6041
52	6042
52	6044
52	6047
52	6049
52	6051
52	6053
52	6055
52	6057
52	6059
52	6060
52	6066
52	6068
52	6069
52	6070
52	6072
52	6076
52	6078
52	6082
52	6083
52	6085
52	6086
52	6091
52	6092
52	6093
52	6097
52	6098
52	6099
52	6101
52	6103
52	6104
52	6105
52	6107
52	6108
52	6110
52	6113
52	6114
52	6115
52	6116
52	6121
52	6122
52	6128
52	6130
52	6136
52	6137
52	6138
52	6140
52	6149
52	6150
52	6151
52	6153
52	6154
52	6156
52	6157
52	6161
52	6163
52	6168
52	6169
52	6171
52	6174
52	6176
52	6177
52	6178
52	6179
52	6185
52	6190
52	6191
52	6192
52	6194
52	6196
52	6198
52	6199
52	6204
52	6206
52	6209
52	6210
52	6211
52	6216
52	6219
52	6224
52	6227
52	6241
52	6244
52	6245
52	6246
52	6247
52	6248
52	6249
52	6252
52	6262
52	6267
52	6269
52	6280
52	6281
52	6284
52	6291
52	6293
52	6300
52	6301
52	6304
52	6305
52	6307
52	6309
52	6310
52	6316
52	6319
52	6320
52	6321
52	6323
52	6325
52	6327
52	6330
52	6331
52	6336
52	6342
52	6343
52	6344
52	6345
52	6347
52	6348
52	6350
52	6355
52	6360
52	6369
52	6370
52	6372
52	6376
52	6377
52	6378
52	6379
52	6380
52	6381
52	6387
52	6391
52	6395
52	6397
52	6401
52	6402
52	6404
52	6405
52	6406
52	6408
52	6409
52	6412
52	6423
52	6429
52	6431
52	6432
52	6434
52	6436
52	6437
52	6440
52	6442
52	6446
52	6450
52	6453
52	6457
52	6458
52	6459
52	6460
52	6468
52	6472
52	6474
52	6475
52	6476
52	6478
52	6480
52	6483
52	6484
52	6485
52	6487
52	6488
52	6493
52	6494
52	6499
52	6504
52	6505
52	6506
52	6517
52	6518
52	6519
52	6520
52	6522
52	6524
52	6525
52	6526
52	6528
52	6529
52	6531
52	6535
52	6536
52	6537
52	6539
52	6540
52	6542
52	6544
52	6552
52	6553
52	6554
52	6555
52	6556
52	6558
52	6559
52	6562
52	6564
52	6565
52	6566
52	6573
52	6574
52	6576
52	6577
52	6579
52	6580
52	6581
52	6583
52	6586
52	6589
52	6591
52	6592
52	6593
52	6595
52	6598
52	6602
52	6603
52	6607
52	6608
52	6611
52	6622
52	6623
52	6625
52	6626
52	6628
52	6629
52	6630
52	6633
52	6635
52	6636
52	6640
52	6642
52	6645
52	6651
52	6656
52	6660
52	6662
52	6664
52	6667
52	6671
52	6674
52	6678
52	6679
52	6687
52	6689
52	6691
52	6694
52	6697
52	6699
52	6704
52	6707
52	6708
52	6711
52	6712
52	6713
52	6715
52	6718
52	6726
52	6730
52	6731
52	6733
52	6735
52	6741
52	6742
52	6744
52	6745
52	6746
52	6749
52	6753
52	6754
52	6755
52	6758
52	6759
52	6761
52	6762
52	6764
52	6767
52	6770
52	6776
52	6778
52	6779
52	6784
52	6786
52	6787
52	6789
52	6792
52	6793
52	6794
52	6795
52	6796
52	6800
52	6802
52	6804
52	6809
52	6811
52	6813
52	6824
52	6827
52	6831
52	6833
52	6834
52	6842
52	6843
52	6844
52	6845
52	6846
52	6848
52	6852
52	6853
52	6858
52	6861
52	6872
52	6873
52	6874
52	6875
52	6876
52	6877
52	6878
52	6880
52	6886
52	6887
52	6888
52	6891
52	6892
52	6895
52	6898
52	6904
52	6907
52	6910
52	6911
52	6912
52	6916
52	6919
52	6923
52	6924
52	6926
52	6930
52	6932
52	6940
52	6941
52	6948
52	6950
52	6951
52	6952
52	6955
52	6956
52	6959
52	6960
52	6970
52	6976
52	6979
52	6980
52	6983
52	6984
52	6989
52	6991
52	6993
52	6995
52	7000
52	7001
52	7004
52	7005
52	7007
52	7009
52	7014
52	7021
52	7024
52	7025
52	7027
52	7030
52	7035
52	7038
52	7042
52	7044
52	7049
52	7050
52	7058
52	7060
52	7062
52	7072
52	7079
52	7081
52	7085
52	7089
52	7091
52	7094
52	7095
52	7097
52	7099
52	7103
52	7105
52	7106
52	7107
52	7111
52	7112
52	7117
52	7120
52	7121
52	7124
52	7126
52	7128
52	7129
52	7130
52	7141
52	7158
52	7171
52	7172
52	7173
52	7174
52	7175
52	7179
52	7180
52	7182
52	7185
52	7187
52	7189
52	7194
52	7195
52	7197
52	7198
52	7201
52	7212
52	7214
52	7220
52	7221
52	7222
52	7231
52	7233
52	7235
52	7240
52	7242
52	7244
52	7246
52	7249
52	7250
52	7254
52	7255
52	7258
52	7262
52	7266
52	7270
52	7271
52	7275
52	7276
52	7279
52	7280
52	7282
52	7286
52	7288
52	7289
52	7290
52	7291
52	7292
52	7294
52	7295
52	7302
52	7310
52	7312
52	7314
52	7316
52	7317
52	7318
52	7319
52	7326
52	7328
52	7332
52	7333
52	7334
52	7336
52	7338
52	7339
52	7340
52	7353
52	7356
52	7358
52	7361
52	7362
52	7368
52	7370
52	7373
52	7376
52	7381
52	7385
52	7390
52	7392
52	7395
52	7396
52	7401
52	7407
52	7409
52	7411
52	7415
52	7420
52	7426
52	7428
52	7429
52	7432
52	7434
52	7436
52	7438
52	7439
52	7440
52	7441
52	7444
52	7447
52	7448
52	7450
52	7451
52	7456
52	7457
52	7464
52	7465
52	7466
52	7467
52	7468
52	7470
52	7472
52	7478
52	7480
52	7493
52	7494
52	7501
52	7503
52	7506
52	7510
52	7513
52	7521
52	7522
52	7523
52	7524
52	7528
52	7530
52	7533
52	7535
52	7537
52	7538
52	7540
52	7543
52	7544
52	7548
52	7549
52	7553
52	7556
52	7558
52	7560
52	7562
52	7564
52	7566
52	7572
52	7574
52	7579
52	7580
52	7585
52	7586
52	7587
52	7588
52	7590
52	7591
52	7594
52	7597
52	7598
52	7599
52	7600
52	7602
52	7604
52	7605
52	7606
52	7610
52	7618
52	7621
52	7622
52	7625
52	7629
52	7631
52	7637
52	7638
52	7646
52	7647
52	7648
52	7649
52	7657
52	7659
52	7661
52	7669
52	7674
52	7678
52	7687
52	7688
52	7693
52	7694
52	7696
52	7698
52	7700
52	7702
52	7709
52	7715
52	7716
52	7723
52	7725
52	7726
52	7729
52	7732
52	7733
52	7735
52	7738
52	7739
52	7742
52	7748
52	7749
52	7750
52	7760
52	7762
52	7764
52	7772
52	7773
52	7776
52	7777
52	7780
52	7783
52	7786
52	7789
52	7797
52	7799
52	7802
52	7805
52	7815
52	7819
52	7820
52	7821
52	7825
52	7826
52	7828
52	7829
52	7833
52	7834
52	7840
52	7841
52	7842
52	7844
52	7849
52	7850
52	7852
52	7855
52	7859
52	7861
52	7862
52	7863
52	7864
52	7866
52	7871
52	7873
52	7874
52	7880
52	7882
52	7883
52	7884
52	7885
52	7896
52	7899
52	7903
52	7905
52	7906
52	7908
52	7909
52	7916
52	7920
52	7925
52	7926
52	7928
52	7929
52	7930
52	7932
52	7933
52	7939
52	7943
52	7947
52	7953
52	7957
52	7958
52	7960
52	7962
52	7964
52	7965
52	7969
52	7971
52	7972
52	7973
52	7977
52	7982
52	7984
52	7985
52	7987
52	7991
52	7995
52	7996
52	7998
52	7999
52	8002
52	8004
52	8007
52	8008
52	8011
52	8012
52	8017
52	8024
52	8025
52	8026
52	8029
52	8035
52	8038
52	8044
52	8045
52	8046
52	8049
52	8058
52	8059
52	8060
52	8067
52	8068
52	8069
52	8077
52	8078
52	8079
52	8086
52	8087
52	8088
52	8092
52	8095
52	8097
52	8105
52	8109
52	8110
52	8114
52	8118
52	8120
52	8125
52	8126
52	8128
52	8131
52	8137
52	8138
52	8140
52	8141
52	8143
52	8146
52	8147
52	8148
52	8150
52	8151
52	8152
52	8159
52	8161
52	8164
52	8167
52	8168
52	8175
52	8180
52	8183
52	8186
52	8189
52	8190
52	8191
52	8195
52	8199
52	8200
52	8208
52	8212
52	8214
52	8217
52	8222
52	8225
52	8226
52	8231
52	8232
52	8234
52	8237
52	8238
52	8240
52	8248
52	8250
52	8253
52	8256
52	8259
52	8262
52	8263
52	8268
52	8270
52	8271
52	8278
52	8282
52	8285
52	8289
52	8290
52	8291
52	8308
52	8310
52	8311
52	8312
52	8315
52	8318
52	8319
52	8320
52	8324
52	8326
52	8329
52	8331
52	8332
52	8339
52	8340
52	8342
52	8343
52	8346
52	8348
52	8349
52	8351
52	8352
52	8353
52	8355
52	8357
52	8358
52	8359
52	8361
52	8362
52	8364
52	8365
52	8368
52	8369
52	8371
52	8373
52	8377
52	8379
52	8381
52	8382
52	8383
52	8386
52	8387
52	8388
52	8389
52	8394
52	8397
52	8398
52	8400
52	8401
52	8406
52	8407
52	8409
52	8410
52	8411
52	8412
52	8413
52	8414
52	8415
52	8422
52	8423
52	8424
52	8425
52	8426
52	8429
52	8441
52	8450
52	8451
52	8452
52	8455
52	8458
52	8459
52	8472
52	8475
52	8476
52	8479
52	8480
52	8488
52	8489
52	8490
52	8493
52	8496
52	8498
52	8499
52	8502
52	8504
52	8514
52	8518
52	8525
52	8528
52	8530
52	8531
52	8535
52	8539
52	8541
52	8542
52	8544
52	8545
52	8551
52	8552
52	8556
52	8558
52	8565
52	8569
52	8570
52	8574
52	8575
52	8577
52	8579
52	8580
52	8581
52	8589
52	8591
52	8592
52	8593
52	8599
52	8608
52	8609
52	8611
52	8613
52	8615
52	8616
52	8618
52	8619
52	8622
52	8623
52	8624
52	8628
52	8633
52	8634
52	8639
52	8640
52	8643
52	8644
52	8645
52	8646
52	8648
52	8652
52	8654
52	8655
52	8656
52	8663
52	8665
52	8667
52	8669
52	8670
52	8674
52	8677
52	8678
52	8681
52	8682
52	8684
52	8685
52	8687
52	8690
52	8691
52	8693
52	8698
52	8702
52	8709
52	8711
52	8714
52	8715
52	8717
52	8718
52	8722
52	8724
52	8726
52	8727
52	8728
52	8731
52	8732
52	8736
52	8739
52	8740
52	8744
52	8748
52	8749
52	8756
52	8757
52	8759
52	8760
52	8763
52	8764
52	8765
52	8766
52	8769
52	8770
52	8775
52	8779
52	8780
52	8785
52	8786
52	8789
52	8790
52	8792
52	8794
52	8796
52	8797
52	8798
52	8800
52	8805
52	8807
52	8809
52	8812
52	8813
52	8814
52	8817
52	8823
52	8826
52	8829
52	8831
52	8833
52	8836
52	8844
52	8846
52	8848
52	8849
52	8850
52	8853
52	8854
52	8855
52	8858
52	8860
52	8863
52	8865
52	8868
52	8873
52	8878
52	8879
52	8880
52	8883
52	8885
52	8886
52	8887
52	8888
52	8890
52	8891
52	8897
52	8900
52	8904
52	8905
52	8906
52	8917
52	8919
52	8920
52	8923
52	8924
52	8929
52	8930
52	8932
52	8934
52	8936
52	8941
52	8944
52	8945
52	8947
52	8951
52	8956
52	8957
52	8958
52	8960
52	8961
52	8962
52	8963
52	8965
52	8968
52	8969
52	8973
52	8975
52	8976
52	8977
52	8980
52	8981
52	8984
52	8985
52	8988
52	8990
52	8993
52	8996
52	8997
52	8999
52	9003
52	9006
52	9007
52	9011
52	9015
52	9016
52	9018
52	9020
52	9025
52	9028
52	9031
52	9037
52	9039
52	9041
52	9045
52	9046
52	9047
52	9048
52	9050
52	9051
52	9058
52	9061
52	9062
52	9063
52	9068
52	9069
52	9075
52	9076
52	9077
52	9082
52	9083
52	9084
52	9085
52	9086
52	9087
52	9093
52	9097
52	9099
52	9100
52	9101
52	9104
52	9105
52	9106
52	9107
52	9114
52	9119
52	9120
52	9121
52	9123
52	9124
52	9125
52	9129
52	9131
52	9132
52	9133
52	9134
52	9140
52	9143
52	9149
52	9153
52	9158
52	9165
52	9170
52	9173
52	9175
52	9176
52	9180
52	9181
52	9183
52	9185
52	9186
52	9189
52	9201
52	9203
52	9204
52	9210
52	9212
52	9214
52	9216
52	9218
52	9220
52	9221
52	9225
52	9226
52	9227
52	9228
52	9229
52	9230
52	9233
52	9234
52	9239
52	9244
52	9245
52	9247
52	9248
52	9250
52	9255
52	9258
52	9259
52	9261
52	9263
52	9265
52	9267
52	9270
52	9278
52	9283
52	9286
52	9289
52	9290
52	9292
52	9294
52	9295
52	9297
52	9300
52	9303
52	9304
52	9306
52	9308
52	9311
52	9313
52	9316
52	9318
52	9324
52	9327
52	9328
52	9331
52	9333
52	9334
52	9335
52	9337
52	9339
52	9341
52	9343
52	9347
52	9350
52	9353
52	9354
52	9358
52	9360
52	9370
52	9372
52	9374
52	9375
52	9377
52	9378
52	9380
52	9386
52	9387
52	9394
52	9395
52	9397
52	9398
52	9400
52	9403
52	9407
52	9411
52	9413
52	9414
52	9417
52	9419
52	9420
52	9421
52	9422
52	9424
52	9430
52	9437
52	9438
52	9439
52	9442
52	9444
52	9446
52	9449
52	9456
52	9460
52	9461
52	9462
52	9463
52	9471
52	9473
52	9476
52	9477
52	9481
52	9482
52	9487
52	9488
52	9489
52	9496
52	9498
52	9499
52	9507
52	9509
52	9511
52	9513
52	9515
52	9519
52	9523
52	9525
52	9526
52	9527
52	9528
52	9529
52	9530
52	9531
52	9535
52	9536
52	9539
52	9540
52	9542
52	9545
52	9548
52	9550
52	9551
52	9552
52	9553
52	9556
52	9557
52	9558
52	9560
52	9561
52	9562
52	9563
52	9568
52	9569
52	9579
52	9581
52	9582
52	9583
52	9585
52	9586
52	9593
52	9597
52	9605
52	9625
52	9626
52	9627
52	9630
52	9631
52	9632
52	9642
52	9648
52	9649
52	9650
52	9651
52	9655
52	9657
52	9659
52	9660
52	9663
52	9666
52	9667
52	9669
52	9671
52	9678
52	9680
52	9681
52	9682
52	9683
52	9686
52	9688
52	9689
52	9690
52	9692
52	9695
52	9696
52	9698
52	9704
52	9707
52	9709
52	9712
52	9713
52	9714
52	9717
52	9721
52	9722
52	9728
52	9731
52	9733
52	9735
52	9739
52	9741
52	9746
52	9750
52	9752
52	9753
52	9754
52	9756
52	9763
52	9766
52	9768
52	9771
52	9773
52	9776
52	9779
52	9786
52	9789
52	9796
52	9798
52	9800
52	9801
52	9802
52	9803
52	9809
52	9810
52	9812
52	9813
52	9814
52	9816
52	9817
52	9820
52	9822
52	9825
52	9827
52	9828
52	9829
52	9833
52	9834
52	9835
52	9837
52	9843
52	9848
52	9850
52	9853
52	9854
52	9856
52	9858
52	9863
52	9865
52	9866
52	9868
52	9869
52	9873
52	9875
52	9877
52	9880
52	9881
52	9884
52	9885
52	9889
52	9890
52	9894
52	9896
52	9900
52	9902
52	9911
52	9912
52	9916
52	9917
52	9920
52	9924
52	9928
52	9931
52	9933
52	9934
52	9936
52	9939
52	9941
52	9942
52	9943
52	9945
52	9954
52	9955
52	9957
52	9958
52	9961
52	9962
52	9964
52	9972
52	9973
52	9974
52	9976
52	9989
52	9992
52	9993
52	9995
52	9996
52	9997
53	2
53	9
53	12
53	13
53	16
53	20
53	21
53	32
53	43
53	48
53	50
53	56
53	67
53	70
53	85
53	86
53	87
53	95
53	102
53	111
53	116
53	118
53	128
53	129
53	139
53	144
53	151
53	154
53	156
53	159
53	171
53	173
53	175
53	180
53	181
53	182
53	187
53	189
53	201
53	210
53	218
53	222
53	227
53	232
53	236
53	239
53	246
53	261
53	263
53	267
53	273
53	274
53	278
53	283
53	290
53	298
53	303
53	305
53	310
53	324
53	332
53	342
53	346
53	348
53	350
53	357
53	392
53	396
53	402
53	408
53	409
53	410
53	415
53	420
53	421
53	429
53	432
53	438
53	444
53	446
53	457
53	459
53	462
53	469
53	477
53	482
53	483
53	485
53	519
53	534
53	538
53	539
53	540
53	541
53	546
53	563
53	565
53	568
53	570
53	571
53	580
53	586
53	588
53	592
53	597
53	600
53	616
53	618
53	624
53	634
53	640
53	648
53	651
53	668
53	670
53	671
53	674
53	678
53	681
53	682
53	683
53	687
53	688
53	721
53	727
53	732
53	735
53	740
53	741
53	750
53	753
53	755
53	761
53	765
53	768
53	772
53	775
53	782
53	785
53	803
53	814
53	815
53	816
53	825
53	826
53	831
53	834
53	839
53	857
53	861
53	863
53	864
53	868
53	874
53	878
53	890
53	902
53	910
53	924
53	927
53	930
53	933
53	934
53	944
53	951
53	955
53	968
53	976
53	979
53	986
53	994
53	1004
53	1008
53	1013
53	1020
53	1024
53	1026
53	1035
53	1037
53	1040
53	1047
53	1052
53	1061
53	1062
53	1065
53	1070
53	1071
53	1072
53	1073
53	1079
53	1080
53	1085
53	1086
53	1089
53	1091
53	1096
53	1098
53	1110
53	1111
53	1113
53	1122
53	1124
53	1125
53	1128
53	1129
53	1139
53	1143
53	1146
53	1155
53	1158
53	1164
53	1172
53	1173
53	1178
53	1179
53	1182
53	1183
53	1207
53	1214
53	1238
53	1244
53	1246
53	1247
53	1249
53	1251
53	1260
53	1268
53	1284
53	1298
53	1299
53	1302
53	1312
53	1323
53	1325
53	1336
53	1337
53	1347
53	1349
53	1353
53	1354
53	1372
53	1374
53	1377
53	1380
53	1390
53	1398
53	1401
53	1402
53	1408
53	1411
53	1423
53	1425
53	1427
53	1434
53	1439
53	1441
53	1442
53	1444
53	1461
53	1467
53	1468
53	1486
53	1490
53	1505
53	1506
53	1519
53	1523
53	1531
53	1539
53	1544
53	1553
53	1561
53	1565
53	1566
53	1569
53	1578
53	1589
53	1596
53	1607
53	1611
53	1616
53	1619
53	1620
53	1621
53	1623
53	1629
53	1637
53	1652
53	1653
53	1656
53	1663
53	1668
53	1669
53	1670
53	1691
53	1695
53	1711
53	1712
53	1713
53	1717
53	1731
53	1735
53	1744
53	1747
53	1751
53	1754
53	1772
53	1775
53	1785
53	1786
53	1790
53	1793
53	1796
53	1801
53	1803
53	1805
53	1812
53	1814
53	1815
53	1817
53	1818
53	1820
53	1822
53	1824
53	1833
53	1836
53	1839
53	1855
53	1863
53	1866
53	1867
53	1869
53	1873
53	1881
53	1882
53	1884
53	1886
53	1898
53	1901
53	1902
53	1904
53	1907
53	1908
53	1911
53	1912
53	1913
53	1923
53	1925
53	1926
53	1927
53	1935
53	1936
53	1946
53	1952
53	1953
53	1955
53	1957
53	1958
53	1972
53	1974
53	1981
53	1982
53	1987
53	1991
53	1997
53	2031
53	2032
53	2039
53	2041
53	2042
53	2049
53	2053
53	2057
53	2061
53	2065
53	2068
53	2081
53	2084
53	2087
53	2091
53	2092
53	2094
53	2107
53	2108
53	2110
53	2111
53	2113
53	2115
53	2126
53	2130
53	2132
53	2135
53	2144
53	2145
53	2146
53	2156
53	2158
53	2175
53	2181
53	2186
53	2191
53	2194
53	2196
53	2200
53	2201
53	2217
53	2227
53	2238
53	2242
53	2249
53	2250
53	2255
53	2258
53	2260
53	2271
53	2273
53	2276
53	2285
53	2288
53	2295
53	2304
53	2305
53	2309
53	2334
53	2344
53	2345
53	2365
53	2367
53	2384
53	2387
53	2390
53	2391
53	2395
53	2398
53	2420
53	2427
53	2429
53	2434
53	2441
53	2450
53	2465
53	2468
53	2469
53	2478
53	2481
53	2486
53	2487
53	2490
53	2491
53	2495
53	2500
53	2503
53	2509
53	2511
53	2526
53	2539
53	2545
53	2548
53	2553
53	2555
53	2559
53	2563
53	2571
53	2573
53	2576
53	2582
53	2602
53	2604
53	2606
53	2608
53	2609
53	2622
53	2623
53	2638
53	2641
53	2643
53	2649
53	2656
53	2659
53	2664
53	2667
53	2674
53	2678
53	2682
53	2688
53	2691
53	2698
53	2705
53	2708
53	2709
53	2716
53	2723
53	2730
53	2733
53	2735
53	2736
53	2739
53	2740
53	2741
53	2749
53	2750
53	2753
53	2757
53	2758
53	2760
53	2770
53	2775
53	2780
53	2781
53	2784
53	2791
53	2801
53	2805
53	2809
53	2813
53	2839
53	2840
53	2843
53	2850
53	2853
53	2869
53	2879
53	2880
53	2883
53	2887
53	2888
53	2891
53	2893
53	2895
53	2896
53	2901
53	2902
53	2903
53	2912
53	2916
53	2917
53	2920
53	2926
53	2930
53	2931
53	2932
53	2948
53	2950
53	2957
53	2961
53	2963
53	2966
53	2973
53	2976
53	2978
53	2979
53	2980
53	2989
53	2993
53	2999
53	3003
53	3005
53	3007
53	3010
53	3013
53	3031
53	3044
53	3046
53	3056
53	3068
53	3069
53	3070
53	3071
53	3072
53	3075
53	3081
53	3086
53	3087
53	3090
53	3111
53	3125
53	3130
53	3132
53	3136
53	3137
53	3147
53	3148
53	3154
53	3157
53	3158
53	3160
53	3161
53	3181
53	3186
53	3188
53	3189
53	3190
53	3193
53	3195
53	3199
53	3205
53	3214
53	3216
53	3217
53	3221
53	3230
53	3236
53	3237
53	3242
53	3243
53	3252
53	3262
53	3266
53	3270
53	3281
53	3283
53	3303
53	3309
53	3312
53	3331
53	3335
53	3337
53	3341
53	3343
53	3354
53	3358
53	3363
53	3369
53	3371
53	3374
53	3375
53	3382
53	3387
53	3388
53	3410
53	3411
53	3414
53	3418
53	3425
53	3426
53	3429
53	3430
53	3433
53	3437
53	3445
53	3450
53	3456
53	3460
53	3461
53	3465
53	3466
53	3471
53	3485
53	3491
53	3492
53	3493
53	3497
53	3506
53	3508
53	3513
53	3515
53	3516
53	3523
53	3530
53	3533
53	3538
53	3544
53	3546
53	3547
53	3548
53	3554
53	3564
53	3569
53	3573
53	3576
53	3578
53	3586
53	3588
53	3589
53	3593
53	3597
53	3599
53	3600
53	3602
53	3603
53	3616
53	3617
53	3620
53	3632
53	3637
53	3642
53	3653
53	3662
53	3670
53	3671
53	3676
53	3695
53	3711
53	3717
53	3722
53	3724
53	3729
53	3732
53	3733
53	3736
53	3737
53	3738
53	3745
53	3746
53	3750
53	3758
53	3760
53	3762
53	3764
53	3769
53	3778
53	3782
53	3798
53	3799
53	3805
53	3807
53	3811
53	3812
53	3823
53	3824
53	3830
53	3831
53	3836
53	3840
53	3848
53	3850
53	3858
53	3866
53	3882
53	3887
53	3889
53	3890
53	3891
53	3896
53	3899
53	3906
53	3912
53	3913
53	3914
53	3923
53	3927
53	3936
53	3937
53	3940
53	3962
53	3964
53	3970
53	3975
53	3976
53	3977
53	3979
53	3981
53	3982
53	3997
53	4000
53	4001
53	4009
53	4016
53	4032
53	4041
53	4049
53	4056
53	4058
53	4061
53	4068
53	4073
53	4077
53	4083
53	4086
53	4087
53	4092
53	4096
53	4097
53	4105
53	4114
53	4120
53	4129
53	4130
53	4136
53	4146
53	4153
53	4160
53	4170
53	4176
53	4184
53	4186
53	4187
53	4193
53	4194
53	4199
53	4204
53	4207
53	4209
53	4220
53	4224
53	4234
53	4236
53	4245
53	4249
53	4251
53	4257
53	4268
53	4271
53	4281
53	4285
53	4308
53	4318
53	4319
53	4324
53	4327
53	4328
53	4330
53	4336
53	4344
53	4347
53	4358
53	4362
53	4371
53	4373
53	4374
53	4378
53	4386
53	4393
53	4400
53	4421
53	4422
53	4424
53	4430
53	4438
53	4442
53	4445
53	4446
53	4450
53	4451
53	4453
53	4457
53	4458
53	4463
53	4468
53	4469
53	4474
53	4475
53	4479
53	4480
53	4486
53	4491
53	4492
53	4496
53	4498
53	4502
53	4511
53	4514
53	4515
53	4522
53	4528
53	4529
53	4530
53	4534
53	4538
53	4540
53	4544
53	4550
53	4559
53	4560
53	4564
53	4571
53	4576
53	4581
53	4588
53	4599
53	4604
53	4609
53	4615
53	4619
53	4620
53	4621
53	4629
53	4632
53	4634
53	4635
53	4637
53	4656
53	4658
53	4660
53	4663
53	4666
53	4667
53	4669
53	4673
53	4679
53	4701
53	4702
53	4708
53	4711
53	4712
53	4714
53	4717
53	4723
53	4727
53	4731
53	4748
53	4749
53	4752
53	4760
53	4764
53	4769
53	4772
53	4776
53	4784
53	4792
53	4793
53	4807
53	4808
53	4818
53	4843
53	4848
53	4856
53	4864
53	4878
53	4883
53	4888
53	4891
53	4899
53	4900
53	4913
53	4921
53	4922
53	4932
53	4933
53	4940
53	4953
53	4954
53	4955
53	4959
53	4980
53	4988
53	4991
53	5010
53	5011
53	5017
53	5023
53	5024
53	5026
53	5027
53	5030
53	5031
53	5032
53	5033
53	5037
53	5058
53	5060
53	5061
53	5064
53	5088
53	5096
53	5098
53	5099
53	5101
53	5110
53	5111
53	5114
53	5116
53	5117
53	5119
53	5121
53	5127
53	5140
53	5149
53	5150
53	5151
53	5153
53	5154
53	5155
53	5169
53	5172
53	5175
53	5178
53	5179
53	5196
53	5197
53	5198
53	5200
53	5203
53	5210
53	5219
53	5231
53	5236
53	5237
53	5242
53	5251
53	5255
53	5261
53	5262
53	5263
53	5266
53	5272
53	5275
53	5278
53	5284
53	5285
53	5286
53	5287
53	5292
53	5304
53	5307
53	5309
53	5310
53	5311
53	5313
53	5318
53	5319
53	5321
53	5324
53	5326
53	5329
53	5333
53	5335
53	5337
53	5345
53	5346
53	5347
53	5358
53	5367
53	5378
53	5382
53	5383
53	5384
53	5388
53	5391
53	5394
53	5397
53	5403
53	5404
53	5405
53	5410
53	5415
53	5416
53	5427
53	5436
53	5452
53	5456
53	5457
53	5465
53	5472
53	5474
53	5483
53	5500
53	5512
53	5513
53	5518
53	5538
53	5541
53	5543
53	5544
53	5549
53	5557
53	5559
53	5574
53	5575
53	5578
53	5580
53	5589
53	5590
53	5593
53	5594
53	5596
53	5607
53	5610
53	5614
53	5617
53	5620
53	5621
53	5623
53	5624
53	5632
53	5653
53	5664
53	5675
53	5679
53	5683
53	5688
53	5695
53	5697
53	5698
53	5705
53	5712
53	5713
53	5716
53	5717
53	5718
53	5723
53	5735
53	5742
53	5748
53	5756
53	5764
53	5766
53	5768
53	5770
53	5771
53	5772
53	5783
53	5803
53	5812
53	5817
53	5819
53	5824
53	5826
53	5828
53	5835
53	5838
53	5839
53	5840
53	5846
53	5861
53	5863
53	5869
53	5884
53	5885
53	5889
53	5890
53	5894
53	5897
53	5911
53	5918
53	5932
53	5937
53	5949
53	5952
53	5957
53	5960
53	5965
53	5968
53	5969
53	5972
53	5978
53	5988
53	5990
53	5997
53	6002
53	6005
53	6006
53	6008
53	6011
53	6023
53	6026
53	6029
53	6030
53	6052
53	6056
53	6058
53	6062
53	6063
53	6067
53	6087
53	6089
53	6100
53	6106
53	6111
53	6120
53	6124
53	6126
53	6127
53	6132
53	6135
53	6142
53	6155
53	6166
53	6170
53	6173
53	6175
53	6180
53	6184
53	6186
53	6187
53	6200
53	6213
53	6218
53	6221
53	6229
53	6231
53	6235
53	6239
53	6240
53	6242
53	6243
53	6255
53	6258
53	6268
53	6276
53	6285
53	6286
53	6288
53	6292
53	6294
53	6295
53	6297
53	6303
53	6306
53	6311
53	6337
53	6338
53	6340
53	6352
53	6357
53	6359
53	6361
53	6362
53	6367
53	6373
53	6386
53	6388
53	6389
53	6393
53	6399
53	6414
53	6415
53	6416
53	6417
53	6419
53	6422
53	6424
53	6425
53	6426
53	6439
53	6441
53	6449
53	6451
53	6452
53	6466
53	6497
53	6501
53	6508
53	6527
53	6533
53	6534
53	6546
53	6575
53	6578
53	6585
53	6587
53	6588
53	6590
53	6596
53	6599
53	6609
53	6610
53	6612
53	6621
53	6624
53	6637
53	6638
53	6639
53	6647
53	6657
53	6658
53	6663
53	6665
53	6666
53	6670
53	6682
53	6690
53	6695
53	6700
53	6701
53	6702
53	6709
53	6710
53	6719
53	6720
53	6722
53	6724
53	6727
53	6729
53	6738
53	6740
53	6748
53	6751
53	6757
53	6760
53	6763
53	6769
53	6771
53	6772
53	6773
53	6775
53	6783
53	6791
53	6797
53	6806
53	6814
53	6817
53	6820
53	6821
53	6829
53	6832
53	6837
53	6849
53	6850
53	6851
53	6855
53	6856
53	6860
53	6862
53	6866
53	6867
53	6879
53	6881
53	6885
53	6890
53	6893
53	6894
53	6899
53	6905
53	6906
53	6920
53	6927
53	6928
53	6931
53	6936
53	6937
53	6942
53	6949
53	6953
53	6957
53	6958
53	6974
53	6975
53	6985
53	6990
53	6994
53	6997
53	6998
53	7002
53	7008
53	7013
53	7016
53	7018
53	7032
53	7033
53	7036
53	7043
53	7046
53	7051
53	7052
53	7059
53	7064
53	7066
53	7077
53	7078
53	7082
53	7083
53	7086
53	7088
53	7092
53	7101
53	7113
53	7114
53	7115
53	7123
53	7127
53	7142
53	7147
53	7149
53	7153
53	7155
53	7156
53	7157
53	7159
53	7162
53	7163
53	7164
53	7167
53	7176
53	7186
53	7192
53	7193
53	7196
53	7204
53	7207
53	7209
53	7217
53	7223
53	7229
53	7230
53	7236
53	7239
53	7245
53	7248
53	7251
53	7252
53	7265
53	7269
53	7272
53	7273
53	7278
53	7293
53	7296
53	7297
53	7309
53	7315
53	7320
53	7321
53	7324
53	7325
53	7327
53	7347
53	7349
53	7359
53	7363
53	7365
53	7382
53	7384
53	7387
53	7388
53	7391
53	7394
53	7404
53	7405
53	7408
53	7416
53	7417
53	7421
53	7424
53	7430
53	7431
53	7433
53	7449
53	7454
53	7459
53	7479
53	7484
53	7487
53	7488
53	7489
53	7492
53	7497
53	7507
53	7511
53	7517
53	7520
53	7541
53	7545
53	7551
53	7552
53	7559
53	7565
53	7569
53	7570
53	7571
53	7576
53	7581
53	7583
53	7592
53	7596
53	7603
53	7607
53	7608
53	7614
53	7617
53	7620
53	7626
53	7634
53	7640
53	7641
53	7655
53	7668
53	7672
53	7676
53	7677
53	7682
53	7691
53	7703
53	7704
53	7705
53	7707
53	7710
53	7711
53	7720
53	7724
53	7728
53	7730
53	7731
53	7737
53	7741
53	7744
53	7745
53	7747
53	7752
53	7753
53	7756
53	7765
53	7768
53	7784
53	7790
53	7795
53	7796
53	7800
53	7809
53	7810
53	7812
53	7816
53	7817
53	7831
53	7837
53	7839
53	7843
53	7845
53	7851
53	7856
53	7857
53	7860
53	7868
53	7875
53	7889
53	7890
53	7891
53	7892
53	7893
53	7897
53	7900
53	7901
53	7910
53	7917
53	7918
53	7921
53	7934
53	7936
53	7946
53	7951
53	7955
53	7961
53	7963
53	7968
53	7979
53	7980
53	7988
53	7990
53	7993
53	7994
53	7997
53	8003
53	8020
53	8023
53	8027
53	8039
53	8040
53	8041
53	8065
53	8071
53	8073
53	8076
53	8084
53	8085
53	8096
53	8098
53	8099
53	8100
53	8102
53	8111
53	8112
53	8115
53	8117
53	8132
53	8134
53	8136
53	8156
53	8160
53	8162
53	8165
53	8166
53	8172
53	8178
53	8184
53	8185
53	8192
53	8196
53	8197
53	8204
53	8205
53	8207
53	8210
53	8216
53	8218
53	8228
53	8235
53	8242
53	8243
53	8244
53	8249
53	8265
53	8269
53	8272
53	8274
53	8276
53	8284
53	8288
53	8293
53	8299
53	8300
53	8302
53	8303
53	8314
53	8317
53	8325
53	8327
53	8328
53	8335
53	8337
53	8338
53	8341
53	8363
53	8370
53	8374
53	8378
53	8384
53	8385
53	8391
53	8392
53	8408
53	8436
53	8440
53	8443
53	8447
53	8449
53	8456
53	8457
53	8460
53	8461
53	8467
53	8469
53	8470
53	8477
53	8478
53	8481
53	8487
53	8500
53	8501
53	8503
53	8507
53	8508
53	8509
53	8519
53	8522
53	8526
53	8532
53	8546
53	8554
53	8557
53	8564
53	8568
53	8572
53	8578
53	8585
53	8596
53	8600
53	8601
53	8603
53	8605
53	8610
53	8614
53	8631
53	8635
53	8636
53	8637
53	8638
53	8641
53	8651
53	8657
53	8659
53	8661
53	8664
53	8671
53	8676
53	8686
53	8688
53	8689
53	8692
53	8694
53	8696
53	8700
53	8701
53	8706
53	8707
53	8713
53	8723
53	8729
53	8730
53	8753
53	8755
53	8767
53	8771
53	8773
53	8777
53	8784
53	8788
53	8799
53	8801
53	8808
53	8810
53	8811
53	8819
53	8820
53	8827
53	8828
53	8857
53	8861
53	8862
53	8867
53	8871
53	8874
53	8875
53	8877
53	8881
53	8894
53	8899
53	8903
53	8910
53	8913
53	8915
53	8921
53	8926
53	8935
53	8940
53	8954
53	8955
53	8971
53	8978
53	8983
53	8989
53	8992
53	8994
53	8998
53	9001
53	9004
53	9009
53	9013
53	9019
53	9021
53	9022
53	9026
53	9029
53	9030
53	9032
53	9040
53	9042
53	9043
53	9049
53	9057
53	9065
53	9079
53	9090
53	9091
53	9094
53	9110
53	9111
53	9112
53	9117
53	9118
53	9122
53	9127
53	9141
53	9144
53	9145
53	9152
53	9155
53	9156
53	9157
53	9159
53	9161
53	9162
53	9163
53	9166
53	9177
53	9182
53	9187
53	9196
53	9199
53	9205
53	9208
53	9213
53	9223
53	9238
53	9242
53	9249
53	9252
53	9254
53	9269
53	9281
53	9293
53	9296
53	9299
53	9307
53	9312
53	9325
53	9326
53	9338
53	9349
53	9359
53	9363
53	9373
53	9381
53	9384
53	9389
53	9390
53	9401
53	9408
53	9423
53	9425
53	9429
53	9432
53	9434
53	9436
53	9443
53	9445
53	9447
53	9453
53	9454
53	9459
53	9464
53	9465
53	9467
53	9474
53	9484
53	9486
53	9490
53	9494
53	9495
53	9500
53	9503
53	9504
53	9508
53	9510
53	9516
53	9518
53	9532
53	9533
53	9543
53	9549
53	9554
53	9565
53	9567
53	9575
53	9588
53	9591
53	9592
53	9594
53	9598
53	9599
53	9603
53	9606
53	9607
53	9610
53	9617
53	9621
53	9629
53	9634
53	9637
53	9643
53	9664
53	9672
53	9673
53	9687
53	9700
53	9706
53	9710
53	9718
53	9726
53	9727
53	9729
53	9736
53	9737
53	9744
53	9755
53	9758
53	9759
53	9764
53	9769
53	9777
53	9778
53	9780
53	9783
53	9785
53	9787
53	9792
53	9793
53	9804
53	9806
53	9818
53	9823
53	9826
53	9830
53	9831
53	9841
53	9845
53	9864
53	9870
53	9871
53	9878
53	9879
53	9886
53	9891
53	9906
53	9907
53	9909
53	9914
53	9919
53	9921
53	9923
53	9925
53	9932
53	9938
53	9940
53	9947
53	9950
53	9953
53	9956
53	9970
53	9975
53	9980
53	9986
53	9998
53	9999
54	25
54	33
54	37
54	38
54	39
54	63
54	73
54	80
54	97
54	105
54	117
54	155
54	161
54	212
54	214
54	243
54	245
54	264
54	344
54	414
54	491
54	500
54	502
54	537
54	554
54	583
54	584
54	593
54	596
54	614
54	642
54	667
54	697
54	700
54	706
54	749
54	759
54	779
54	781
54	792
54	808
54	817
54	875
54	879
54	892
54	901
54	916
54	920
54	938
54	950
54	957
54	974
54	985
54	1055
54	1058
54	1068
54	1135
54	1154
54	1233
54	1262
54	1274
54	1278
54	1309
54	1315
54	1339
54	1367
54	1370
54	1388
54	1418
54	1437
54	1491
54	1503
54	1524
54	1530
54	1600
54	1650
54	1657
54	1685
54	1730
54	1765
54	1776
54	1781
54	1789
54	1887
54	1918
54	1969
54	1971
54	1977
54	1990
54	2019
54	2059
54	2073
54	2096
54	2120
54	2131
54	2165
54	2166
54	2183
54	2197
54	2231
54	2234
54	2236
54	2280
54	2289
54	2332
54	2335
54	2349
54	2351
54	2356
54	2360
54	2362
54	2381
54	2406
54	2432
54	2449
54	2515
54	2521
54	2528
54	2533
54	2546
54	2575
54	2616
54	2653
54	2657
54	2660
54	2673
54	2687
54	2830
54	2906
54	2908
54	2974
54	3059
54	3076
54	3088
54	3134
54	3169
54	3200
54	3213
54	3215
54	3227
54	3241
54	3257
54	3268
54	3308
54	3415
54	3441
54	3481
54	3488
54	3489
54	3541
54	3543
54	3656
54	3743
54	3747
54	3759
54	3771
54	3833
54	3864
54	3880
54	3892
54	3911
54	4024
54	4057
54	4078
54	4085
54	4134
54	4144
54	4150
54	4163
54	4174
54	4175
54	4206
54	4223
54	4252
54	4276
54	4304
54	4313
54	4320
54	4334
54	4361
54	4366
54	4369
54	4390
54	4407
54	4455
54	4473
54	4485
54	4516
54	4524
54	4545
54	4617
54	4628
54	4642
54	4661
54	4700
54	4737
54	4743
54	4763
54	4794
54	4804
54	4810
54	4841
54	4868
54	4887
54	4894
54	4898
54	4902
54	4957
54	4961
54	4996
54	5022
54	5045
54	5078
54	5081
54	5126
54	5139
54	5143
54	5148
54	5159
54	5189
54	5202
54	5222
54	5239
54	5279
54	5283
54	5291
54	5330
54	5362
54	5370
54	5376
54	5399
54	5425
54	5494
54	5499
54	5540
54	5563
54	5604
54	5626
54	5629
54	5645
54	5665
54	5680
54	5696
54	5743
54	5785
54	5790
54	5793
54	5825
54	5827
54	5856
54	5867
54	5887
54	5903
54	5927
54	5966
54	5982
54	6038
54	6073
54	6096
54	6139
54	6144
54	6158
54	6160
54	6167
54	6181
54	6183
54	6193
54	6195
54	6215
54	6220
54	6250
54	6260
54	6263
54	6265
54	6270
54	6277
54	6296
54	6298
54	6313
54	6322
54	6324
54	6329
54	6335
54	6346
54	6403
54	6413
54	6420
54	6464
54	6469
54	6471
54	6486
54	6502
54	6567
54	6604
54	6631
54	6644
54	6649
54	6669
54	6680
54	6716
54	6747
54	6765
54	6766
54	6801
54	6810
54	6838
54	6864
54	6868
54	6870
54	6908
54	6981
54	6982
54	7006
54	7022
54	7055
54	7063
54	7068
54	7075
54	7084
54	7087
54	7109
54	7168
54	7202
54	7208
54	7219
54	7238
54	7243
54	7253
54	7337
54	7364
54	7366
54	7383
54	7400
54	7452
54	7469
54	7473
54	7475
54	7490
54	7512
54	7514
54	7518
54	7536
54	7555
54	7577
54	7578
54	7593
54	7613
54	7616
54	7623
54	7652
54	7671
54	7683
54	7684
54	7699
54	7717
54	7798
54	7806
54	7811
54	7846
54	7869
54	7870
54	7931
54	7940
54	7941
54	7976
54	7989
54	7992
54	8001
54	8015
54	8022
54	8048
54	8050
54	8129
54	8163
54	8193
54	8194
54	8220
54	8229
54	8254
54	8287
54	8402
54	8430
54	8444
54	8446
54	8463
54	8523
54	8555
54	8563
54	8573
54	8590
54	8612
54	8627
54	8658
54	8719
54	8721
54	8738
54	8752
54	8772
54	8776
54	8795
54	8806
54	8832
54	8834
54	8841
54	8845
54	8847
54	8914
54	8937
54	8946
54	8964
54	8982
54	9053
54	9081
54	9130
54	9206
54	9287
54	9291
54	9321
54	9322
54	9340
54	9361
54	9396
54	9409
54	9412
54	9455
54	9466
54	9546
54	9576
54	9577
54	9601
54	9608
54	9635
54	9638
54	9702
54	9730
54	9747
54	9765
54	9784
54	9788
54	9824
54	9867
54	9930
54	9951
54	9967
54	9982
54	9988
54	9990
55	328
55	869
55	915
55	918
55	1029
55	1357
55	1406
55	1481
55	1638
55	1931
55	1963
55	2023
55	2241
55	2272
55	2455
55	2471
55	2532
55	3417
55	3477
55	3704
55	3818
55	4239
55	4273
55	4297
55	4577
55	5016
55	5112
55	5182
55	5545
55	5900
55	6143
55	6202
55	6462
55	6627
55	6929
55	7137
55	7301
55	7611
55	7628
55	7779
55	7888
55	7907
55	8133
55	8345
55	8372
55	8516
55	8762
55	9237
55	9243
55	9262
55	9356
55	9555
55	9572
55	9944
56	2848
56	2870
56	4415
56	9694
