Minimo	Corrida
190	636
190	1985
190	6066
190	6800
190	8499
190	9568
191	1525
191	1579
191	2189
191	3985
191	5335
191	5447
191	5823
191	6824
191	9717
192	282
192	494
192	569
192	1532
192	1639
192	1795
192	1931
192	1942
192	2024
192	2159
192	2164
192	2251
192	2523
192	2541
192	2629
192	2998
192	3071
192	3240
192	3330
192	3344
192	3714
192	3902
192	4108
192	4135
192	4510
192	4841
192	4901
192	4973
192	5116
192	5265
192	5344
192	5720
192	5842
192	6704
192	7045
192	7137
192	7182
192	7398
192	7399
192	7513
192	8108
192	8185
192	8673
192	8739
192	8948
192	9752
193	239
193	273
193	345
193	372
193	500
193	507
193	517
193	626
193	651
193	719
193	735
193	804
193	944
193	984
193	999
193	1041
193	1070
193	1155
193	1295
193	1326
193	1327
193	1356
193	1499
193	1524
193	1581
193	1652
193	1697
193	1736
193	1866
193	1983
193	2025
193	2111
193	2118
193	2126
193	2135
193	2136
193	2173
193	2184
193	2292
193	2298
193	2398
193	2467
193	2574
193	2679
193	2713
193	2755
193	2762
193	2779
193	2841
193	2903
193	2917
193	3009
193	3101
193	3102
193	3117
193	3139
193	3147
193	3169
193	3212
193	3290
193	3371
193	3395
193	3470
193	3516
193	3754
193	3962
193	4104
193	4168
193	4284
193	4340
193	4351
193	4418
193	4554
193	4586
193	4644
193	4694
193	4732
193	4852
193	4895
193	4917
193	5059
193	5142
193	5212
193	5340
193	5504
193	5565
193	5587
193	5608
193	5656
193	5804
193	5810
193	5816
193	5869
193	5893
193	5915
193	5926
193	5997
193	6021
193	6057
193	6133
193	6142
193	6151
193	6248
193	6312
193	6325
193	6395
193	6442
193	6540
193	6622
193	6684
193	6743
193	6807
193	6910
193	6996
193	7025
193	7145
193	7183
193	7213
193	7548
193	7572
193	7576
193	7620
193	7630
193	7688
193	7713
193	7715
193	7716
193	7792
193	7799
193	7827
193	8067
193	8180
193	8276
193	8460
193	8483
193	8498
193	8528
193	8529
193	8558
193	8667
193	8684
193	8715
193	8772
193	8818
193	8856
193	8867
193	8898
193	8913
193	9079
193	9167
193	9226
193	9229
193	9317
193	9358
193	9408
193	9442
193	9551
193	9605
193	9802
193	9852
193	9974
194	8
194	81
194	112
194	119
194	163
194	208
194	266
194	291
194	292
194	302
194	317
194	324
194	335
194	444
194	459
194	483
194	492
194	510
194	540
194	561
194	570
194	585
194	611
194	613
194	644
194	672
194	689
194	704
194	722
194	766
194	780
194	814
194	817
194	839
194	891
194	913
194	934
194	936
194	989
194	1003
194	1026
194	1073
194	1102
194	1125
194	1133
194	1148
194	1181
194	1228
194	1233
194	1258
194	1268
194	1282
194	1284
194	1310
194	1359
194	1402
194	1417
194	1425
194	1454
194	1466
194	1473
194	1489
194	1503
194	1528
194	1534
194	1538
194	1580
194	1585
194	1594
194	1612
194	1642
194	1778
194	1814
194	1821
194	1852
194	1862
194	1869
194	1877
194	1893
194	1922
194	1943
194	1949
194	1997
194	2006
194	2010
194	2032
194	2035
194	2093
194	2154
194	2193
194	2257
194	2259
194	2296
194	2313
194	2323
194	2331
194	2341
194	2344
194	2459
194	2463
194	2492
194	2510
194	2581
194	2589
194	2592
194	2603
194	2619
194	2657
194	2686
194	2704
194	2716
194	2752
194	2754
194	2791
194	2811
194	2820
194	2821
194	2927
194	2967
194	2971
194	2972
194	2996
194	3010
194	3091
194	3093
194	3095
194	3132
194	3136
194	3144
194	3163
194	3270
194	3299
194	3301
194	3332
194	3353
194	3375
194	3394
194	3397
194	3416
194	3433
194	3448
194	3474
194	3490
194	3505
194	3547
194	3548
194	3581
194	3615
194	3677
194	3694
194	3704
194	3718
194	3721
194	3772
194	3780
194	3785
194	3810
194	3821
194	3825
194	3826
194	3836
194	3893
194	4018
194	4082
194	4087
194	4212
194	4218
194	4382
194	4391
194	4403
194	4410
194	4415
194	4421
194	4441
194	4444
194	4521
194	4558
194	4632
194	4656
194	4687
194	4765
194	4792
194	4834
194	4863
194	4864
194	4893
194	4903
194	4915
194	4965
194	5005
194	5052
194	5135
194	5146
194	5195
194	5207
194	5221
194	5240
194	5285
194	5317
194	5323
194	5356
194	5361
194	5372
194	5410
194	5418
194	5438
194	5464
194	5484
194	5518
194	5600
194	5643
194	5680
194	5695
194	5724
194	5726
194	5728
194	5782
194	5795
194	5809
194	5921
194	5935
194	5940
194	5949
194	5967
194	5981
194	6005
194	6035
194	6051
194	6078
194	6082
194	6207
194	6216
194	6222
194	6234
194	6332
194	6350
194	6373
194	6374
194	6413
194	6421
194	6448
194	6511
194	6520
194	6579
194	6596
194	6611
194	6613
194	6629
194	6720
194	6728
194	6817
194	6826
194	6855
194	6911
194	6917
194	6957
194	6970
194	6973
194	6980
194	6987
194	7010
194	7022
194	7024
194	7050
194	7054
194	7160
194	7163
194	7180
194	7186
194	7218
194	7252
194	7255
194	7318
194	7321
194	7327
194	7368
194	7390
194	7408
194	7460
194	7475
194	7520
194	7523
194	7534
194	7575
194	7597
194	7608
194	7680
194	7707
194	7743
194	7774
194	7807
194	7809
194	7858
194	7876
194	7880
194	7910
194	7919
194	7921
194	7925
194	8037
194	8051
194	8052
194	8147
194	8187
194	8189
194	8201
194	8210
194	8212
194	8232
194	8245
194	8255
194	8323
194	8340
194	8359
194	8368
194	8380
194	8392
194	8398
194	8405
194	8429
194	8453
194	8466
194	8512
194	8520
194	8534
194	8595
194	8599
194	8637
194	8674
194	8680
194	8685
194	8711
194	8745
194	8748
194	8765
194	8789
194	8823
194	8831
194	8834
194	8949
194	8977
194	9001
194	9078
194	9087
194	9163
194	9195
194	9207
194	9269
194	9293
194	9308
194	9319
194	9373
194	9436
194	9475
194	9485
194	9501
194	9537
194	9544
194	9555
194	9589
194	9594
194	9614
194	9674
194	9683
194	9704
194	9746
194	9774
194	9780
194	9887
194	9908
194	9954
195	11
195	26
195	32
195	37
195	77
195	97
195	113
195	121
195	122
195	129
195	141
195	144
195	151
195	195
195	196
195	206
195	216
195	219
195	252
195	285
195	290
195	299
195	313
195	325
195	328
195	334
195	359
195	363
195	365
195	386
195	394
195	399
195	402
195	406
195	454
195	469
195	474
195	480
195	495
195	516
195	521
195	522
195	532
195	559
195	579
195	590
195	602
195	622
195	628
195	661
195	687
195	730
195	739
195	748
195	750
195	756
195	764
195	770
195	772
195	782
195	803
195	824
195	847
195	856
195	863
195	869
195	873
195	877
195	903
195	910
195	938
195	957
195	975
195	979
195	995
195	998
195	1010
195	1012
195	1030
195	1045
195	1069
195	1079
195	1122
195	1131
195	1141
195	1177
195	1188
195	1214
195	1218
195	1222
195	1229
195	1239
195	1242
195	1251
195	1271
195	1273
195	1277
195	1297
195	1298
195	1312
195	1333
195	1344
195	1346
195	1351
195	1372
195	1378
195	1380
195	1386
195	1424
195	1429
195	1436
195	1438
195	1450
195	1451
195	1490
195	1504
195	1542
195	1549
195	1559
195	1569
195	1586
195	1595
195	1609
195	1624
195	1640
195	1643
195	1646
195	1654
195	1658
195	1671
195	1674
195	1683
195	1687
195	1701
195	1704
195	1720
195	1721
195	1723
195	1727
195	1754
195	1759
195	1768
195	1769
195	1773
195	1780
195	1853
195	1864
195	1871
195	1876
195	1892
195	1909
195	1915
195	1937
195	1957
195	1975
195	1982
195	2037
195	2045
195	2067
195	2070
195	2081
195	2085
195	2110
195	2125
195	2127
195	2129
195	2130
195	2131
195	2139
195	2166
195	2191
195	2200
195	2214
195	2227
195	2234
195	2241
195	2247
195	2256
195	2261
195	2288
195	2317
195	2330
195	2339
195	2370
195	2373
195	2384
195	2393
195	2395
195	2406
195	2419
195	2422
195	2429
195	2441
195	2455
195	2468
195	2476
195	2490
195	2525
195	2566
195	2588
195	2638
195	2660
195	2667
195	2671
195	2673
195	2674
195	2717
195	2734
195	2739
195	2758
195	2775
195	2783
195	2796
195	2825
195	2826
195	2842
195	2845
195	2854
195	2885
195	2886
195	2887
195	2897
195	2898
195	2902
195	2910
195	2928
195	2933
195	2934
195	2938
195	2944
195	3006
195	3013
195	3020
195	3021
195	3022
195	3028
195	3069
195	3081
195	3103
195	3127
195	3140
195	3145
195	3158
195	3162
195	3205
195	3216
195	3238
195	3261
195	3280
195	3289
195	3297
195	3345
195	3417
195	3427
195	3450
195	3451
195	3463
195	3509
195	3521
195	3551
195	3578
195	3580
195	3607
195	3610
195	3612
195	3620
195	3623
195	3640
195	3642
195	3655
195	3657
195	3661
195	3673
195	3692
195	3699
195	3730
195	3732
195	3735
195	3737
195	3742
195	3749
195	3779
195	3809
195	3880
195	3881
195	3884
195	3895
195	3899
195	3909
195	3913
195	3917
195	3920
195	3935
195	3936
195	3970
195	3971
195	3978
195	4020
195	4023
195	4056
195	4065
195	4068
195	4096
195	4101
195	4118
195	4119
195	4122
195	4125
195	4126
195	4148
195	4150
195	4161
195	4171
195	4188
195	4209
195	4216
195	4226
195	4227
195	4251
195	4254
195	4260
195	4282
195	4283
195	4312
195	4315
195	4319
195	4320
195	4342
195	4347
195	4352
195	4362
195	4432
195	4464
195	4468
195	4502
195	4513
195	4519
195	4531
195	4572
195	4583
195	4585
195	4626
195	4629
195	4633
195	4634
195	4637
195	4645
195	4660
195	4661
195	4665
195	4666
195	4692
195	4708
195	4769
195	4781
195	4810
195	4815
195	4867
195	4869
195	4883
195	4913
195	4938
195	4945
195	4977
195	4992
195	5019
195	5044
195	5058
195	5077
195	5086
195	5096
195	5123
195	5131
195	5152
195	5163
195	5173
195	5174
195	5219
195	5223
195	5253
195	5271
195	5274
195	5278
195	5281
195	5288
195	5341
195	5379
195	5404
195	5421
195	5425
195	5436
195	5442
195	5460
195	5463
195	5465
195	5468
195	5469
195	5475
195	5482
195	5495
195	5527
195	5552
195	5575
195	5602
195	5604
195	5613
195	5615
195	5631
195	5653
195	5655
195	5662
195	5677
195	5700
195	5702
195	5713
195	5752
195	5760
195	5771
195	5806
195	5808
195	5835
195	5845
195	5846
195	5849
195	5850
195	5853
195	5855
195	5871
195	5874
195	5883
195	5925
195	5936
195	5937
195	5969
195	5986
195	5992
195	6022
195	6038
195	6042
195	6048
195	6064
195	6068
195	6088
195	6092
195	6103
195	6106
195	6118
195	6131
195	6138
195	6143
195	6164
195	6167
195	6205
195	6223
195	6267
195	6270
195	6301
195	6304
195	6345
195	6351
195	6354
195	6360
195	6378
195	6399
195	6400
195	6406
195	6426
195	6450
195	6451
195	6459
195	6479
195	6494
195	6495
195	6503
195	6509
195	6510
195	6519
195	6526
195	6567
195	6568
195	6585
195	6603
195	6634
195	6643
195	6660
195	6673
195	6691
195	6694
195	6731
195	6791
195	6795
195	6853
195	6856
195	6871
195	6883
195	6904
195	6915
195	6916
195	6942
195	6961
195	6979
195	6984
195	7005
195	7036
195	7041
195	7042
195	7074
195	7102
195	7117
195	7119
195	7164
195	7176
195	7210
195	7219
195	7230
195	7239
195	7242
195	7243
195	7248
195	7283
195	7306
195	7317
195	7322
195	7347
195	7361
195	7392
195	7394
195	7407
195	7432
195	7451
195	7463
195	7472
195	7486
195	7499
195	7514
195	7526
195	7544
195	7581
195	7590
195	7591
195	7601
195	7602
195	7603
195	7604
195	7617
195	7626
195	7640
195	7648
195	7663
195	7674
195	7684
195	7697
195	7721
195	7761
195	7768
195	7778
195	7779
195	7781
195	7790
195	7791
195	7834
195	7871
195	7874
195	7877
195	7884
195	7893
195	7901
195	7904
195	7905
195	7945
195	7952
195	7966
195	7977
195	7978
195	7999
195	8020
195	8042
195	8047
195	8060
195	8069
195	8077
195	8118
195	8140
195	8142
195	8150
195	8161
195	8194
195	8215
195	8217
195	8225
195	8261
195	8268
195	8294
195	8297
195	8327
195	8332
195	8348
195	8353
195	8399
195	8403
195	8410
195	8422
195	8450
195	8513
195	8540
195	8543
195	8571
195	8589
195	8615
195	8626
195	8627
195	8639
195	8655
195	8672
195	8679
195	8687
195	8722
195	8730
195	8753
195	8757
195	8770
195	8776
195	8780
195	8787
195	8793
195	8827
195	8833
195	8835
195	8877
195	8880
195	8886
195	8890
195	8892
195	8903
195	8904
195	8908
195	8917
195	8923
195	8981
195	8985
195	9031
195	9040
195	9041
195	9050
195	9057
195	9058
195	9065
195	9068
195	9074
195	9075
195	9084
195	9092
195	9111
195	9117
195	9119
195	9130
195	9161
195	9189
195	9210
195	9224
195	9243
195	9249
195	9265
195	9270
195	9271
195	9273
195	9280
195	9310
195	9314
195	9376
195	9378
195	9379
195	9390
195	9395
195	9398
195	9406
195	9411
195	9420
195	9425
195	9453
195	9458
195	9468
195	9488
195	9499
195	9507
195	9511
195	9529
195	9535
195	9542
195	9546
195	9559
195	9562
195	9579
195	9585
195	9616
195	9617
195	9618
195	9628
195	9634
195	9638
195	9662
195	9669
195	9672
195	9678
195	9681
195	9682
195	9688
195	9700
195	9701
195	9719
195	9761
195	9763
195	9769
195	9779
195	9781
195	9793
195	9797
195	9812
195	9813
195	9829
195	9872
195	9890
195	9901
195	9902
195	9911
195	9913
195	9914
195	9915
195	9919
195	9920
195	9922
195	9936
195	9949
195	9972
195	9985
195	9993
196	22
196	31
196	39
196	46
196	62
196	83
196	89
196	99
196	107
196	115
196	131
196	132
196	156
196	160
196	161
196	167
196	172
196	184
196	185
196	189
196	193
196	232
196	242
196	245
196	247
196	249
196	254
196	258
196	269
196	274
196	278
196	279
196	280
196	283
196	294
196	296
196	310
196	332
196	338
196	347
196	353
196	354
196	368
196	381
196	384
196	387
196	389
196	391
196	397
196	407
196	409
196	412
196	426
196	434
196	439
196	440
196	457
196	460
196	463
196	464
196	467
196	491
196	498
196	505
196	513
196	526
196	546
196	547
196	550
196	551
196	552
196	563
196	568
196	582
196	604
196	605
196	630
196	642
196	675
196	681
196	696
196	714
196	731
196	734
196	744
196	752
196	754
196	765
196	784
196	793
196	795
196	812
196	813
196	826
196	833
196	840
196	841
196	853
196	870
196	886
196	907
196	915
196	935
196	946
196	948
196	961
196	963
196	964
196	971
196	985
196	990
196	993
196	1002
196	1020
196	1034
196	1039
196	1040
196	1048
196	1063
196	1064
196	1068
196	1088
196	1095
196	1105
196	1108
196	1112
196	1118
196	1121
196	1132
196	1151
196	1156
196	1166
196	1169
196	1179
196	1192
196	1193
196	1232
196	1241
196	1255
196	1259
196	1270
196	1306
196	1308
196	1309
196	1318
196	1328
196	1332
196	1345
196	1361
196	1381
196	1383
196	1394
196	1405
196	1411
196	1430
196	1439
196	1440
196	1453
196	1455
196	1457
196	1460
196	1468
196	1479
196	1483
196	1487
196	1506
196	1520
196	1522
196	1544
196	1550
196	1558
196	1582
196	1583
196	1607
196	1618
196	1627
196	1651
196	1665
196	1678
196	1692
196	1714
196	1724
196	1732
196	1739
196	1745
196	1750
196	1772
196	1798
196	1806
196	1807
196	1810
196	1817
196	1831
196	1838
196	1846
196	1873
196	1874
196	1878
196	1885
196	1887
196	1890
196	1897
196	1916
196	1918
196	1926
196	1930
196	1933
196	1934
196	1941
196	1945
196	1962
196	1966
196	1990
196	2003
196	2012
196	2021
196	2022
196	2023
196	2030
196	2036
196	2044
196	2051
196	2052
196	2059
196	2088
196	2113
196	2116
196	2124
196	2142
196	2143
196	2148
196	2149
196	2171
196	2181
196	2196
196	2208
196	2211
196	2228
196	2229
196	2250
196	2252
196	2286
196	2291
196	2293
196	2297
196	2299
196	2300
196	2302
196	2304
196	2318
196	2320
196	2328
196	2336
196	2340
196	2351
196	2354
196	2357
196	2368
196	2375
196	2389
196	2400
196	2401
196	2413
196	2414
196	2418
196	2425
196	2445
196	2448
196	2470
196	2472
196	2480
196	2498
196	2506
196	2515
196	2519
196	2524
196	2538
196	2542
196	2543
196	2546
196	2556
196	2571
196	2577
196	2585
196	2608
196	2622
196	2623
196	2627
196	2641
196	2643
196	2682
196	2685
196	2695
196	2697
196	2703
196	2715
196	2750
196	2768
196	2780
196	2785
196	2792
196	2793
196	2806
196	2809
196	2813
196	2814
196	2817
196	2819
196	2824
196	2835
196	2836
196	2838
196	2839
196	2852
196	2861
196	2862
196	2863
196	2866
196	2875
196	2878
196	2889
196	2895
196	2915
196	2925
196	2946
196	2948
196	2949
196	2954
196	2957
196	2965
196	2982
196	2990
196	3024
196	3031
196	3036
196	3057
196	3063
196	3075
196	3077
196	3099
196	3105
196	3110
196	3122
196	3131
196	3133
196	3134
196	3135
196	3142
196	3154
196	3161
196	3168
196	3173
196	3175
196	3179
196	3222
196	3223
196	3231
196	3234
196	3237
196	3248
196	3253
196	3255
196	3259
196	3271
196	3275
196	3326
196	3347
196	3351
196	3354
196	3365
196	3378
196	3380
196	3402
196	3408
196	3414
196	3423
196	3424
196	3425
196	3432
196	3437
196	3455
196	3457
196	3460
196	3467
196	3468
196	3473
196	3491
196	3496
196	3498
196	3507
196	3517
196	3533
196	3536
196	3541
196	3554
196	3568
196	3573
196	3579
196	3590
196	3594
196	3597
196	3598
196	3613
196	3627
196	3644
196	3647
196	3672
196	3690
196	3701
196	3706
196	3707
196	3713
196	3716
196	3722
196	3724
196	3725
196	3748
196	3750
196	3753
196	3760
196	3775
196	3786
196	3791
196	3792
196	3801
196	3842
196	3843
196	3844
196	3854
196	3858
196	3862
196	3866
196	3867
196	3872
196	3877
196	3883
196	3886
196	3892
196	3896
196	3907
196	3910
196	3925
196	3928
196	3931
196	3950
196	3955
196	3958
196	3963
196	3977
196	3981
196	3988
196	3993
196	3994
196	4011
196	4017
196	4030
196	4034
196	4037
196	4043
196	4045
196	4057
196	4071
196	4080
196	4091
196	4121
196	4129
196	4143
196	4158
196	4166
196	4181
196	4186
196	4189
196	4192
196	4199
196	4213
196	4215
196	4228
196	4261
196	4262
196	4270
196	4271
196	4286
196	4292
196	4296
196	4311
196	4314
196	4334
196	4345
196	4356
196	4364
196	4368
196	4372
196	4377
196	4378
196	4381
196	4384
196	4388
196	4392
196	4398
196	4399
196	4404
196	4405
196	4412
196	4413
196	4414
196	4419
196	4425
196	4428
196	4433
196	4436
196	4438
196	4454
196	4467
196	4489
196	4500
196	4501
196	4508
196	4511
196	4517
196	4529
196	4536
196	4543
196	4546
196	4551
196	4577
196	4580
196	4581
196	4594
196	4595
196	4596
196	4598
196	4603
196	4617
196	4618
196	4619
196	4620
196	4638
196	4646
196	4664
196	4676
196	4693
196	4710
196	4716
196	4717
196	4724
196	4725
196	4739
196	4741
196	4746
196	4748
196	4750
196	4759
196	4763
196	4768
196	4782
196	4783
196	4787
196	4793
196	4798
196	4813
196	4832
196	4845
196	4848
196	4851
196	4865
196	4874
196	4892
196	4900
196	4925
196	4928
196	4929
196	4934
196	4949
196	4952
196	4955
196	4956
196	4964
196	4975
196	4993
196	5000
196	5006
196	5013
196	5014
196	5025
196	5036
196	5038
196	5070
196	5073
196	5094
196	5104
196	5117
196	5126
196	5132
196	5138
196	5143
196	5148
196	5151
196	5154
196	5161
196	5183
196	5187
196	5192
196	5196
196	5202
196	5213
196	5220
196	5230
196	5231
196	5235
196	5266
196	5273
196	5282
196	5295
196	5297
196	5299
196	5307
196	5329
196	5330
196	5337
196	5338
196	5339
196	5347
196	5348
196	5354
196	5357
196	5384
196	5388
196	5397
196	5424
196	5437
196	5439
196	5440
196	5445
196	5467
196	5490
196	5502
196	5506
196	5507
196	5510
196	5513
196	5517
196	5539
196	5544
196	5550
196	5563
196	5569
196	5582
196	5583
196	5588
196	5599
196	5605
196	5611
196	5614
196	5618
196	5637
196	5644
196	5661
196	5669
196	5674
196	5678
196	5688
196	5708
196	5734
196	5736
196	5748
196	5751
196	5767
196	5776
196	5794
196	5805
196	5820
196	5826
196	5827
196	5828
196	5833
196	5836
196	5837
196	5847
196	5852
196	5854
196	5858
196	5861
196	5866
196	5885
196	5895
196	5898
196	5911
196	5912
196	5914
196	5919
196	5927
196	5928
196	5934
196	5941
196	5943
196	5968
196	5970
196	5983
196	6004
196	6012
196	6013
196	6014
196	6016
196	6017
196	6018
196	6019
196	6027
196	6040
196	6041
196	6052
196	6058
196	6069
196	6074
196	6084
196	6089
196	6098
196	6108
196	6109
196	6113
196	6114
196	6115
196	6120
196	6125
196	6163
196	6168
196	6190
196	6196
196	6200
196	6217
196	6232
196	6245
196	6255
196	6258
196	6272
196	6275
196	6289
196	6291
196	6296
196	6303
196	6306
196	6326
196	6335
196	6358
196	6369
196	6386
196	6387
196	6401
196	6405
196	6415
196	6416
196	6431
196	6434
196	6438
196	6439
196	6452
196	6456
196	6472
196	6480
196	6486
196	6499
196	6500
196	6517
196	6535
196	6542
196	6544
196	6550
196	6572
196	6580
196	6612
196	6615
196	6620
196	6623
196	6633
196	6637
196	6654
196	6662
196	6672
196	6675
196	6679
196	6689
196	6706
196	6710
196	6714
196	6718
196	6729
196	6737
196	6742
196	6761
196	6762
196	6764
196	6772
196	6778
196	6782
196	6805
196	6813
196	6840
196	6844
196	6858
196	6864
196	6881
196	6901
196	6906
196	6912
196	6948
196	6952
196	6965
196	6997
196	7006
196	7015
196	7018
196	7034
196	7038
196	7065
196	7075
196	7080
196	7089
196	7094
196	7096
196	7101
196	7109
196	7112
196	7116
196	7118
196	7133
196	7171
196	7179
196	7190
196	7197
196	7200
196	7222
196	7249
196	7253
196	7256
196	7267
196	7278
196	7281
196	7285
196	7289
196	7313
196	7315
196	7325
196	7328
196	7331
196	7337
196	7341
196	7356
196	7377
196	7387
196	7395
196	7414
196	7424
196	7435
196	7449
196	7450
196	7453
196	7458
196	7462
196	7474
196	7477
196	7485
196	7489
196	7491
196	7495
196	7509
196	7510
196	7551
196	7555
196	7558
196	7560
196	7569
196	7584
196	7592
196	7595
196	7638
196	7643
196	7651
196	7652
196	7662
196	7670
196	7675
196	7686
196	7694
196	7705
196	7706
196	7723
196	7726
196	7734
196	7744
196	7746
196	7747
196	7749
196	7786
196	7811
196	7817
196	7823
196	7829
196	7840
196	7875
196	7878
196	7936
196	7942
196	7947
196	7950
196	7951
196	7956
196	7958
196	7961
196	7963
196	7971
196	7972
196	7974
196	7993
196	7997
196	7998
196	8012
196	8016
196	8017
196	8021
196	8022
196	8032
196	8035
196	8045
196	8048
196	8050
196	8057
196	8068
196	8071
196	8078
196	8081
196	8082
196	8095
196	8097
196	8102
196	8113
196	8128
196	8156
196	8158
196	8160
196	8168
196	8175
196	8178
196	8193
196	8200
196	8213
196	8222
196	8223
196	8224
196	8266
196	8275
196	8284
196	8286
196	8296
196	8299
196	8329
196	8337
196	8342
196	8345
196	8354
196	8362
196	8364
196	8367
196	8370
196	8375
196	8391
196	8395
196	8401
196	8448
196	8468
196	8485
196	8506
196	8508
196	8526
196	8531
196	8536
196	8548
196	8552
196	8562
196	8566
196	8582
196	8591
196	8594
196	8597
196	8608
196	8612
196	8623
196	8625
196	8628
196	8633
196	8649
196	8676
196	8677
196	8678
196	8691
196	8696
196	8701
196	8708
196	8721
196	8738
196	8740
196	8754
196	8777
196	8783
196	8788
196	8792
196	8799
196	8813
196	8824
196	8845
196	8872
196	8883
196	8887
196	8895
196	8896
196	8905
196	8921
196	8926
196	8930
196	8951
196	8957
196	8969
196	8972
196	8973
196	8978
196	8979
196	8983
196	8989
196	8994
196	9009
196	9013
196	9016
196	9037
196	9043
196	9056
196	9061
196	9083
196	9085
196	9090
196	9101
196	9110
196	9135
196	9142
196	9146
196	9158
196	9165
196	9166
196	9174
196	9192
196	9206
196	9213
196	9223
196	9234
196	9251
196	9290
196	9292
196	9295
196	9301
196	9323
196	9326
196	9330
196	9336
196	9343
196	9349
196	9353
196	9354
196	9371
196	9382
196	9401
196	9404
196	9410
196	9427
196	9435
196	9438
196	9441
196	9447
196	9464
196	9465
196	9478
196	9489
196	9495
196	9498
196	9504
196	9525
196	9526
196	9545
196	9549
196	9584
196	9590
196	9593
196	9603
196	9607
196	9609
196	9622
196	9623
196	9626
196	9630
196	9645
196	9653
196	9670
196	9706
196	9710
196	9720
196	9730
196	9739
196	9743
196	9750
196	9762
196	9771
196	9792
196	9811
196	9820
196	9836
196	9843
196	9847
196	9857
196	9858
196	9861
196	9864
196	9868
196	9875
196	9880
196	9882
196	9895
196	9905
196	9935
196	9950
196	9966
196	9971
196	9975
196	9977
196	9979
196	9983
196	9986
196	9988
196	9997
197	4
197	13
197	15
197	19
197	42
197	48
197	55
197	63
197	64
197	66
197	67
197	68
197	74
197	82
197	96
197	109
197	118
197	124
197	134
197	138
197	140
197	148
197	149
197	152
197	155
197	158
197	168
197	170
197	171
197	173
197	174
197	186
197	190
197	192
197	199
197	213
197	214
197	218
197	223
197	236
197	246
197	248
197	255
197	259
197	261
197	262
197	267
197	270
197	287
197	289
197	301
197	309
197	314
197	315
197	322
197	329
197	330
197	336
197	342
197	348
197	352
197	360
197	369
197	370
197	373
197	400
197	401
197	408
197	413
197	418
197	425
197	430
197	435
197	436
197	443
197	446
197	450
197	455
197	475
197	476
197	479
197	501
197	504
197	508
197	509
197	520
197	527
197	529
197	534
197	538
197	574
197	588
197	594
197	596
197	615
197	620
197	621
197	627
197	634
197	635
197	637
197	643
197	646
197	652
197	656
197	662
197	664
197	669
197	670
197	673
197	677
197	682
197	685
197	694
197	695
197	706
197	711
197	728
197	733
197	740
197	745
197	757
197	767
197	778
197	786
197	796
197	806
197	810
197	819
197	831
197	832
197	834
197	835
197	838
197	846
197	849
197	850
197	861
197	865
197	866
197	868
197	880
197	902
197	909
197	919
197	930
197	941
197	949
197	953
197	959
197	973
197	976
197	980
197	991
197	1008
197	1009
197	1011
197	1017
197	1022
197	1023
197	1027
197	1031
197	1033
197	1038
197	1042
197	1043
197	1044
197	1047
197	1052
197	1053
197	1055
197	1056
197	1057
197	1058
197	1062
197	1067
197	1074
197	1076
197	1078
197	1080
197	1081
197	1082
197	1090
197	1093
197	1094
197	1096
197	1110
197	1124
197	1129
197	1140
197	1150
197	1160
197	1170
197	1178
197	1186
197	1190
197	1191
197	1194
197	1204
197	1208
197	1213
197	1223
197	1230
197	1234
197	1243
197	1249
197	1267
197	1269
197	1272
197	1287
197	1307
197	1313
197	1317
197	1339
197	1341
197	1355
197	1370
197	1376
197	1388
197	1393
197	1395
197	1398
197	1413
197	1416
197	1432
197	1433
197	1441
197	1443
197	1462
197	1475
197	1476
197	1478
197	1491
197	1494
197	1495
197	1507
197	1514
197	1516
197	1518
197	1526
197	1529
197	1551
197	1560
197	1562
197	1566
197	1567
197	1577
197	1584
197	1591
197	1592
197	1597
197	1598
197	1601
197	1605
197	1621
197	1623
197	1634
197	1653
197	1662
197	1664
197	1684
197	1689
197	1693
197	1698
197	1715
197	1731
197	1742
197	1744
197	1748
197	1751
197	1756
197	1758
197	1763
197	1765
197	1766
197	1770
197	1774
197	1797
197	1799
197	1802
197	1803
197	1824
197	1834
197	1835
197	1837
197	1848
197	1849
197	1863
197	1867
197	1880
197	1883
197	1888
197	1901
197	1904
197	1905
197	1911
197	1912
197	1913
197	1927
197	1958
197	1959
197	1960
197	1973
197	1978
197	1980
197	1991
197	1995
197	2001
197	2011
197	2028
197	2043
197	2047
197	2053
197	2056
197	2066
197	2076
197	2079
197	2082
197	2083
197	2084
197	2095
197	2115
197	2121
197	2123
197	2133
197	2137
197	2152
197	2163
197	2168
197	2169
197	2170
197	2174
197	2175
197	2178
197	2204
197	2209
197	2219
197	2220
197	2221
197	2222
197	2243
197	2254
197	2264
197	2265
197	2266
197	2268
197	2270
197	2278
197	2290
197	2307
197	2310
197	2342
197	2353
197	2356
197	2366
197	2369
197	2371
197	2379
197	2385
197	2386
197	2404
197	2423
197	2428
197	2433
197	2434
197	2437
197	2444
197	2446
197	2456
197	2458
197	2464
197	2465
197	2469
197	2477
197	2484
197	2488
197	2495
197	2497
197	2516
197	2517
197	2526
197	2530
197	2531
197	2550
197	2570
197	2572
197	2582
197	2586
197	2587
197	2597
197	2600
197	2602
197	2607
197	2617
197	2620
197	2650
197	2655
197	2661
197	2664
197	2665
197	2672
197	2677
197	2690
197	2699
197	2702
197	2708
197	2710
197	2721
197	2727
197	2728
197	2730
197	2733
197	2740
197	2742
197	2747
197	2748
197	2753
197	2760
197	2767
197	2773
197	2778
197	2781
197	2784
197	2788
197	2801
197	2802
197	2808
197	2815
197	2818
197	2828
197	2831
197	2834
197	2849
197	2850
197	2859
197	2869
197	2879
197	2880
197	2890
197	2891
197	2907
197	2909
197	2935
197	2937
197	2939
197	2964
197	2974
197	2977
197	2984
197	2986
197	2987
197	2993
197	3000
197	3004
197	3007
197	3015
197	3023
197	3025
197	3027
197	3032
197	3035
197	3044
197	3053
197	3055
197	3064
197	3065
197	3079
197	3082
197	3090
197	3092
197	3094
197	3109
197	3126
197	3148
197	3153
197	3160
197	3170
197	3174
197	3176
197	3187
197	3188
197	3190
197	3192
197	3193
197	3199
197	3202
197	3208
197	3210
197	3217
197	3221
197	3227
197	3228
197	3229
197	3232
197	3244
197	3246
197	3262
197	3274
197	3276
197	3282
197	3284
197	3286
197	3287
197	3294
197	3300
197	3306
197	3312
197	3315
197	3317
197	3322
197	3331
197	3346
197	3366
197	3370
197	3382
197	3385
197	3387
197	3392
197	3403
197	3405
197	3419
197	3430
197	3438
197	3439
197	3472
197	3475
197	3478
197	3479
197	3481
197	3484
197	3511
197	3515
197	3518
197	3520
197	3532
197	3540
197	3544
197	3549
197	3552
197	3556
197	3559
197	3561
197	3567
197	3584
197	3587
197	3589
197	3591
197	3630
197	3631
197	3641
197	3643
197	3651
197	3667
197	3674
197	3678
197	3683
197	3688
197	3689
197	3705
197	3710
197	3712
197	3723
197	3731
197	3734
197	3736
197	3740
197	3743
197	3746
197	3752
197	3758
197	3765
197	3766
197	3776
197	3782
197	3793
197	3794
197	3798
197	3808
197	3815
197	3822
197	3829
197	3830
197	3834
197	3840
197	3841
197	3847
197	3853
197	3856
197	3857
197	3863
197	3865
197	3870
197	3882
197	3890
197	3891
197	3894
197	3914
197	3919
197	3923
197	3927
197	3929
197	3932
197	3937
197	3944
197	3956
197	3960
197	3968
197	3973
197	3974
197	3975
197	3976
197	3980
197	3982
197	3991
197	3992
197	3998
197	4003
197	4006
197	4009
197	4013
197	4014
197	4022
197	4025
197	4038
197	4041
197	4047
197	4048
197	4051
197	4052
197	4067
197	4069
197	4070
197	4072
197	4076
197	4085
197	4090
197	4109
197	4114
197	4117
197	4130
197	4142
197	4155
197	4162
197	4179
197	4183
197	4207
197	4214
197	4225
197	4232
197	4237
197	4241
197	4243
197	4246
197	4255
197	4267
197	4268
197	4272
197	4275
197	4277
197	4278
197	4305
197	4308
197	4317
197	4318
197	4326
197	4328
197	4329
197	4338
197	4348
197	4349
197	4353
197	4357
197	4360
197	4365
197	4374
197	4402
197	4408
197	4431
197	4439
197	4445
197	4446
197	4452
197	4463
197	4469
197	4471
197	4472
197	4474
197	4485
197	4493
197	4498
197	4507
197	4520
197	4532
197	4539
197	4542
197	4545
197	4548
197	4552
197	4555
197	4557
197	4559
197	4567
197	4576
197	4579
197	4582
197	4587
197	4589
197	4600
197	4602
197	4611
197	4625
197	4635
197	4640
197	4663
197	4669
197	4670
197	4672
197	4679
197	4680
197	4683
197	4706
197	4709
197	4712
197	4715
197	4721
197	4727
197	4735
197	4743
197	4757
197	4761
197	4762
197	4775
197	4785
197	4801
197	4806
197	4812
197	4814
197	4823
197	4836
197	4839
197	4846
197	4859
197	4861
197	4876
197	4884
197	4896
197	4904
197	4923
197	4926
197	4927
197	4930
197	4931
197	4963
197	4972
197	4988
197	4996
197	5003
197	5010
197	5020
197	5021
197	5022
197	5031
197	5039
197	5043
197	5046
197	5063
197	5064
197	5067
197	5079
197	5080
197	5081
197	5085
197	5089
197	5090
197	5092
197	5113
197	5124
197	5129
197	5140
197	5153
197	5156
197	5167
197	5170
197	5172
197	5175
197	5178
197	5182
197	5185
197	5191
197	5193
197	5200
197	5201
197	5204
197	5205
197	5210
197	5211
197	5215
197	5216
197	5218
197	5254
197	5255
197	5258
197	5259
197	5264
197	5283
197	5286
197	5292
197	5294
197	5306
197	5311
197	5315
197	5331
197	5336
197	5350
197	5353
197	5363
197	5369
197	5373
197	5377
197	5391
197	5403
197	5407
197	5422
197	5433
197	5434
197	5443
197	5453
197	5458
197	5473
197	5476
197	5493
197	5499
197	5505
197	5511
197	5514
197	5521
197	5523
197	5524
197	5525
197	5542
197	5543
197	5545
197	5549
197	5554
197	5578
197	5579
197	5585
197	5586
197	5591
197	5601
197	5606
197	5619
197	5621
197	5633
197	5636
197	5638
197	5651
197	5652
197	5657
197	5671
197	5679
197	5683
197	5698
197	5727
197	5731
197	5738
197	5740
197	5749
197	5754
197	5758
197	5759
197	5768
197	5770
197	5785
197	5788
197	5791
197	5793
197	5798
197	5799
197	5800
197	5801
197	5813
197	5814
197	5821
197	5840
197	5841
197	5851
197	5857
197	5867
197	5882
197	5884
197	5886
197	5887
197	5888
197	5890
197	5899
197	5904
197	5908
197	5910
197	5917
197	5931
197	5938
197	5939
197	5947
197	5951
197	5959
197	5960
197	5971
197	5984
197	5990
197	5998
197	6001
197	6024
197	6025
197	6026
197	6029
197	6046
197	6047
197	6053
197	6054
197	6055
197	6065
197	6072
197	6079
197	6093
197	6101
197	6121
197	6122
197	6127
197	6129
197	6134
197	6137
197	6144
197	6148
197	6152
197	6156
197	6158
197	6161
197	6169
197	6176
197	6178
197	6195
197	6197
197	6204
197	6209
197	6226
197	6228
197	6229
197	6236
197	6240
197	6241
197	6244
197	6249
197	6256
197	6257
197	6261
197	6262
197	6265
197	6273
197	6279
197	6281
197	6288
197	6290
197	6300
197	6309
197	6317
197	6329
197	6340
197	6341
197	6346
197	6361
197	6366
197	6368
197	6372
197	6375
197	6389
197	6402
197	6404
197	6408
197	6425
197	6427
197	6429
197	6437
197	6441
197	6446
197	6453
197	6457
197	6460
197	6473
197	6482
197	6488
197	6507
197	6522
197	6528
197	6531
197	6543
197	6549
197	6555
197	6556
197	6558
197	6564
197	6565
197	6576
197	6583
197	6590
197	6594
197	6601
197	6602
197	6630
197	6631
197	6638
197	6651
197	6656
197	6663
197	6667
197	6674
197	6678
197	6693
197	6699
197	6705
197	6712
197	6713
197	6715
197	6717
197	6722
197	6726
197	6727
197	6733
197	6735
197	6736
197	6744
197	6747
197	6749
197	6752
197	6753
197	6758
197	6763
197	6767
197	6771
197	6788
197	6789
197	6793
197	6801
197	6818
197	6828
197	6831
197	6837
197	6838
197	6843
197	6846
197	6857
197	6863
197	6873
197	6876
197	6880
197	6891
197	6892
197	6908
197	6914
197	6921
197	6922
197	6931
197	6933
197	6935
197	6936
197	6937
197	6940
197	6945
197	6947
197	6950
197	6960
197	6966
197	6967
197	6974
197	6985
197	7013
197	7017
197	7026
197	7037
197	7049
197	7051
197	7053
197	7055
197	7058
197	7064
197	7068
197	7069
197	7077
197	7090
197	7120
197	7123
197	7135
197	7139
197	7147
197	7150
197	7151
197	7157
197	7161
197	7166
197	7169
197	7174
197	7194
197	7195
197	7207
197	7208
197	7224
197	7228
197	7231
197	7235
197	7240
197	7259
197	7265
197	7273
197	7275
197	7282
197	7290
197	7294
197	7297
197	7303
197	7308
197	7309
197	7319
197	7324
197	7329
197	7330
197	7336
197	7338
197	7342
197	7343
197	7345
197	7351
197	7352
197	7354
197	7357
197	7358
197	7360
197	7364
197	7365
197	7376
197	7381
197	7382
197	7384
197	7388
197	7400
197	7401
197	7402
197	7404
197	7412
197	7413
197	7437
197	7438
197	7440
197	7455
197	7464
197	7476
197	7481
197	7484
197	7487
197	7504
197	7507
197	7511
197	7516
197	7531
197	7570
197	7578
197	7582
197	7585
197	7598
197	7599
197	7636
197	7645
197	7647
197	7655
197	7661
197	7666
197	7667
197	7671
197	7672
197	7679
197	7681
197	7682
197	7687
197	7696
197	7700
197	7708
197	7732
197	7738
197	7741
197	7750
197	7762
197	7767
197	7770
197	7772
197	7780
197	7782
197	7793
197	7796
197	7797
197	7808
197	7810
197	7815
197	7825
197	7826
197	7831
197	7833
197	7837
197	7841
197	7854
197	7855
197	7866
197	7867
197	7873
197	7882
197	7883
197	7889
197	7895
197	7897
197	7899
197	7908
197	7913
197	7917
197	7923
197	7934
197	7939
197	7953
197	7964
197	7967
197	7970
197	7980
197	7985
197	7988
197	8001
197	8003
197	8008
197	8026
197	8027
197	8029
197	8030
197	8031
197	8043
197	8055
197	8062
197	8064
197	8070
197	8073
197	8088
197	8089
197	8091
197	8092
197	8103
197	8117
197	8120
197	8123
197	8125
197	8130
197	8132
197	8139
197	8141
197	8146
197	8152
197	8163
197	8165
197	8174
197	8177
197	8179
197	8181
197	8190
197	8195
197	8196
197	8203
197	8208
197	8209
197	8219
197	8221
197	8226
197	8235
197	8238
197	8247
197	8252
197	8253
197	8254
197	8262
197	8264
197	8270
197	8282
197	8298
197	8308
197	8319
197	8320
197	8325
197	8330
197	8333
197	8334
197	8343
197	8357
197	8361
197	8385
197	8408
197	8420
197	8423
197	8424
197	8430
197	8434
197	8440
197	8446
197	8456
197	8458
197	8461
197	8470
197	8472
197	8477
197	8479
197	8486
197	8487
197	8491
197	8500
197	8501
197	8502
197	8509
197	8511
197	8546
197	8559
197	8573
197	8574
197	8576
197	8577
197	8578
197	8586
197	8604
197	8609
197	8611
197	8622
197	8624
197	8629
197	8644
197	8645
197	8646
197	8653
197	8657
197	8659
197	8665
197	8669
197	8671
197	8686
197	8688
197	8690
197	8698
197	8699
197	8703
197	8704
197	8705
197	8723
197	8727
197	8737
197	8746
197	8763
197	8766
197	8771
197	8779
197	8785
197	8798
197	8800
197	8801
197	8802
197	8826
197	8832
197	8840
197	8842
197	8843
197	8847
197	8849
197	8853
197	8861
197	8865
197	8878
197	8884
197	8891
197	8899
197	8902
197	8916
197	8925
197	8954
197	8966
197	8997
197	9017
197	9025
197	9027
197	9028
197	9032
197	9035
197	9044
197	9048
197	9051
197	9066
197	9067
197	9069
197	9082
197	9091
197	9097
197	9100
197	9103
197	9108
197	9109
197	9148
197	9156
197	9160
197	9170
197	9171
197	9172
197	9176
197	9177
197	9180
197	9186
197	9191
197	9199
197	9212
197	9220
197	9225
197	9240
197	9252
197	9266
197	9275
197	9279
197	9284
197	9291
197	9294
197	9300
197	9304
197	9311
197	9327
197	9340
197	9345
197	9352
197	9359
197	9363
197	9375
197	9387
197	9396
197	9402
197	9403
197	9415
197	9416
197	9423
197	9428
197	9430
197	9448
197	9449
197	9455
197	9469
197	9471
197	9474
197	9484
197	9494
197	9496
197	9509
197	9516
197	9521
197	9532
197	9543
197	9567
197	9588
197	9591
197	9596
197	9597
197	9600
197	9610
197	9611
197	9624
197	9629
197	9641
197	9644
197	9650
197	9664
197	9673
197	9677
197	9680
197	9685
197	9696
197	9697
197	9702
197	9703
197	9711
197	9712
197	9713
197	9744
197	9747
197	9749
197	9757
197	9764
197	9768
197	9775
197	9778
197	9784
197	9788
197	9807
197	9817
197	9824
197	9830
197	9839
197	9844
197	9848
197	9853
197	9876
197	9883
197	9891
197	9896
197	9897
197	9927
197	9931
197	9934
197	9945
197	9955
197	9957
197	9958
197	9963
197	9969
197	9970
197	9984
197	9989
197	9992
198	9
198	10
198	14
198	16
198	30
198	50
198	52
198	56
198	58
198	59
198	73
198	79
198	80
198	90
198	91
198	100
198	103
198	104
198	105
198	106
198	110
198	125
198	136
198	137
198	142
198	143
198	145
198	146
198	153
198	157
198	159
198	181
198	194
198	198
198	200
198	201
198	207
198	212
198	227
198	230
198	237
198	240
198	250
198	256
198	257
198	271
198	275
198	281
198	295
198	304
198	308
198	312
198	321
198	327
198	340
198	349
198	355
198	358
198	366
198	377
198	379
198	382
198	390
198	393
198	395
198	396
198	398
198	404
198	410
198	414
198	421
198	428
198	433
198	442
198	448
198	451
198	452
198	453
198	468
198	470
198	471
198	472
198	478
198	482
198	487
198	488
198	489
198	503
198	506
198	514
198	523
198	525
198	531
198	533
198	535
198	539
198	541
198	545
198	548
198	554
198	562
198	564
198	566
198	571
198	578
198	581
198	583
198	586
198	591
198	619
198	623
198	631
198	633
198	638
198	640
198	648
198	650
198	654
198	666
198	667
198	674
198	678
198	679
198	691
198	708
198	716
198	717
198	720
198	721
198	724
198	726
198	742
198	751
198	755
198	762
198	769
198	776
198	785
198	790
198	794
198	798
198	799
198	801
198	816
198	820
198	829
198	836
198	842
198	843
198	859
198	867
198	872
198	876
198	878
198	881
198	882
198	885
198	895
198	900
198	901
198	906
198	908
198	916
198	917
198	928
198	929
198	942
198	943
198	945
198	947
198	955
198	960
198	966
198	987
198	992
198	1000
198	1001
198	1007
198	1013
198	1014
198	1015
198	1037
198	1046
198	1050
198	1059
198	1061
198	1072
198	1099
198	1103
198	1116
198	1123
198	1138
198	1142
198	1143
198	1149
198	1152
198	1159
198	1174
198	1180
198	1189
198	1198
198	1206
198	1211
198	1215
198	1221
198	1224
198	1240
198	1248
198	1252
198	1257
198	1261
198	1265
198	1283
198	1289
198	1302
198	1303
198	1315
198	1319
198	1323
198	1325
198	1330
198	1335
198	1338
198	1340
198	1358
198	1368
198	1369
198	1371
198	1387
198	1389
198	1401
198	1408
198	1409
198	1412
198	1415
198	1418
198	1420
198	1426
198	1427
198	1437
198	1442
198	1444
198	1447
198	1458
198	1465
198	1481
198	1497
198	1498
198	1500
198	1502
198	1509
198	1515
198	1537
198	1545
198	1553
198	1555
198	1556
198	1568
198	1570
198	1571
198	1573
198	1578
198	1590
198	1593
198	1608
198	1610
198	1613
198	1614
198	1620
198	1626
198	1633
198	1636
198	1656
198	1659
198	1663
198	1668
198	1670
198	1681
198	1700
198	1702
198	1703
198	1707
198	1708
198	1711
198	1716
198	1718
198	1726
198	1729
198	1730
198	1734
198	1741
198	1752
198	1761
198	1775
198	1779
198	1784
198	1786
198	1789
198	1800
198	1801
198	1804
198	1805
198	1808
198	1812
198	1816
198	1818
198	1820
198	1823
198	1826
198	1829
198	1833
198	1844
198	1847
198	1855
198	1882
198	1896
198	1898
198	1900
198	1903
198	1908
198	1910
198	1923
198	1925
198	1936
198	1939
198	1944
198	1946
198	1947
198	1950
198	1951
198	1964
198	1965
198	1967
198	1969
198	1971
198	1974
198	1979
198	1981
198	1987
198	1989
198	1999
198	2007
198	2016
198	2026
198	2038
198	2055
198	2061
198	2072
198	2078
198	2087
198	2094
198	2099
198	2103
198	2107
198	2108
198	2109
198	2120
198	2141
198	2150
198	2151
198	2158
198	2176
198	2179
198	2180
198	2182
198	2185
198	2188
198	2192
198	2194
198	2197
198	2206
198	2216
198	2242
198	2248
198	2255
198	2269
198	2276
198	2279
198	2280
198	2294
198	2295
198	2309
198	2324
198	2326
198	2327
198	2329
198	2332
198	2347
198	2349
198	2359
198	2362
198	2364
198	2367
198	2378
198	2381
198	2390
198	2391
198	2396
198	2399
198	2402
198	2407
198	2410
198	2411
198	2412
198	2426
198	2430
198	2439
198	2440
198	2443
198	2451
198	2454
198	2461
198	2462
198	2466
198	2471
198	2474
198	2483
198	2486
198	2487
198	2496
198	2499
198	2500
198	2504
198	2505
198	2507
198	2508
198	2511
198	2520
198	2528
198	2534
198	2535
198	2536
198	2545
198	2548
198	2552
198	2561
198	2564
198	2565
198	2575
198	2579
198	2584
198	2599
198	2611
198	2624
198	2634
198	2636
198	2637
198	2639
198	2642
198	2653
198	2659
198	2663
198	2675
198	2676
198	2681
198	2687
198	2691
198	2692
198	2706
198	2718
198	2720
198	2725
198	2732
198	2743
198	2745
198	2757
198	2764
198	2765
198	2786
198	2789
198	2797
198	2798
198	2810
198	2822
198	2830
198	2832
198	2840
198	2851
198	2853
198	2857
198	2858
198	2864
198	2867
198	2870
198	2873
198	2874
198	2877
198	2881
198	2882
198	2883
198	2894
198	2896
198	2899
198	2901
198	2906
198	2912
198	2921
198	2923
198	2926
198	2952
198	2955
198	2956
198	2960
198	2963
198	2976
198	2983
198	2985
198	2997
198	3001
198	3011
198	3018
198	3033
198	3039
198	3041
198	3054
198	3056
198	3060
198	3066
198	3107
198	3112
198	3113
198	3121
198	3124
198	3128
198	3129
198	3137
198	3143
198	3152
198	3155
198	3165
198	3171
198	3183
198	3195
198	3198
198	3201
198	3207
198	3215
198	3218
198	3220
198	3233
198	3239
198	3241
198	3249
198	3250
198	3264
198	3291
198	3302
198	3308
198	3309
198	3313
198	3314
198	3318
198	3327
198	3329
198	3338
198	3340
198	3356
198	3362
198	3379
198	3384
198	3386
198	3389
198	3390
198	3404
198	3412
198	3413
198	3418
198	3428
198	3434
198	3436
198	3440
198	3443
198	3446
198	3447
198	3454
198	3456
198	3464
198	3482
198	3486
198	3487
198	3488
198	3494
198	3500
198	3502
198	3506
198	3514
198	3525
198	3534
198	3535
198	3538
198	3546
198	3560
198	3569
198	3576
198	3577
198	3588
198	3596
198	3602
198	3621
198	3624
198	3634
198	3635
198	3646
198	3648
198	3652
198	3654
198	3659
198	3660
198	3663
198	3666
198	3670
198	3675
198	3676
198	3681
198	3693
198	3695
198	3700
198	3702
198	3703
198	3709
198	3719
198	3720
198	3729
198	3745
198	3751
198	3759
198	3767
198	3768
198	3769
198	3784
198	3789
198	3795
198	3803
198	3805
198	3812
198	3814
198	3820
198	3837
198	3838
198	3839
198	3845
198	3849
198	3851
198	3859
198	3861
198	3871
198	3874
198	3875
198	3878
198	3879
198	3885
198	3889
198	3897
198	3905
198	3908
198	3915
198	3930
198	3942
198	3943
198	3945
198	3951
198	3953
198	3957
198	3966
198	3969
198	3984
198	4000
198	4001
198	4005
198	4007
198	4010
198	4012
198	4016
198	4021
198	4024
198	4027
198	4031
198	4032
198	4060
198	4061
198	4077
198	4081
198	4083
198	4088
198	4089
198	4095
198	4097
198	4102
198	4103
198	4105
198	4106
198	4107
198	4112
198	4115
198	4123
198	4124
198	4128
198	4132
198	4134
198	4137
198	4138
198	4139
198	4141
198	4149
198	4151
198	4156
198	4159
198	4165
198	4175
198	4194
198	4202
198	4205
198	4208
198	4211
198	4217
198	4229
198	4236
198	4238
198	4248
198	4249
198	4257
198	4265
198	4285
198	4288
198	4291
198	4293
198	4301
198	4306
198	4324
198	4325
198	4327
198	4344
198	4354
198	4358
198	4359
198	4371
198	4385
198	4401
198	4426
198	4427
198	4429
198	4434
198	4437
198	4456
198	4457
198	4459
198	4462
198	4465
198	4470
198	4473
198	4478
198	4483
198	4492
198	4494
198	4496
198	4497
198	4503
198	4506
198	4512
198	4523
198	4525
198	4528
198	4541
198	4560
198	4562
198	4563
198	4571
198	4575
198	4584
198	4588
198	4591
198	4592
198	4593
198	4599
198	4601
198	4605
198	4607
198	4614
198	4631
198	4639
198	4648
198	4653
198	4654
198	4655
198	4671
198	4674
198	4675
198	4677
198	4682
198	4684
198	4688
198	4691
198	4695
198	4697
198	4700
198	4701
198	4714
198	4718
198	4722
198	4729
198	4733
198	4737
198	4742
198	4744
198	4745
198	4747
198	4754
198	4755
198	4756
198	4766
198	4767
198	4772
198	4774
198	4777
198	4778
198	4779
198	4780
198	4790
198	4794
198	4799
198	4803
198	4809
198	4818
198	4829
198	4831
198	4833
198	4847
198	4855
198	4856
198	4862
198	4866
198	4872
198	4875
198	4878
198	4879
198	4880
198	4882
198	4888
198	4894
198	4898
198	4899
198	4907
198	4911
198	4912
198	4914
198	4919
198	4922
198	4935
198	4942
198	4946
198	4948
198	4951
198	4953
198	4954
198	4957
198	4961
198	4962
198	4967
198	4970
198	4971
198	4976
198	4983
198	5009
198	5012
198	5026
198	5030
198	5033
198	5034
198	5037
198	5041
198	5056
198	5057
198	5065
198	5066
198	5072
198	5076
198	5082
198	5100
198	5110
198	5112
198	5118
198	5120
198	5122
198	5125
198	5127
198	5133
198	5136
198	5139
198	5145
198	5147
198	5150
198	5158
198	5159
198	5164
198	5169
198	5177
198	5179
198	5180
198	5181
198	5184
198	5198
198	5222
198	5226
198	5238
198	5244
198	5245
198	5250
198	5252
198	5261
198	5269
198	5296
198	5298
198	5301
198	5309
198	5310
198	5312
198	5313
198	5321
198	5324
198	5325
198	5327
198	5349
198	5360
198	5364
198	5366
198	5368
198	5375
198	5386
198	5387
198	5390
198	5392
198	5393
198	5394
198	5395
198	5398
198	5406
198	5408
198	5409
198	5413
198	5414
198	5420
198	5427
198	5430
198	5444
198	5446
198	5451
198	5455
198	5461
198	5477
198	5480
198	5481
198	5485
198	5489
198	5498
198	5503
198	5519
198	5526
198	5534
198	5553
198	5555
198	5557
198	5571
198	5572
198	5573
198	5574
198	5577
198	5580
198	5584
198	5589
198	5612
198	5616
198	5617
198	5625
198	5626
198	5639
198	5640
198	5641
198	5645
198	5648
198	5659
198	5660
198	5663
198	5665
198	5668
198	5672
198	5684
198	5686
198	5696
198	5704
198	5709
198	5711
198	5715
198	5722
198	5730
198	5733
198	5737
198	5741
198	5746
198	5755
198	5761
198	5773
198	5779
198	5789
198	5792
198	5802
198	5803
198	5815
198	5824
198	5829
198	5830
198	5832
198	5873
198	5876
198	5880
198	5897
198	5900
198	5907
198	5913
198	5953
198	5955
198	5956
198	5957
198	5962
198	5964
198	5975
198	5977
198	5979
198	5980
198	5982
198	5987
198	5988
198	5989
198	5991
198	5993
198	6002
198	6003
198	6007
198	6009
198	6023
198	6049
198	6056
198	6062
198	6076
198	6080
198	6090
198	6091
198	6095
198	6099
198	6102
198	6107
198	6123
198	6126
198	6128
198	6130
198	6139
198	6147
198	6153
198	6154
198	6160
198	6173
198	6186
198	6189
198	6193
198	6202
198	6203
198	6206
198	6219
198	6224
198	6230
198	6231
198	6237
198	6238
198	6242
198	6251
198	6260
198	6268
198	6274
198	6276
198	6277
198	6284
198	6285
198	6292
198	6311
198	6314
198	6330
198	6331
198	6333
198	6337
198	6343
198	6349
198	6353
198	6356
198	6382
198	6384
198	6390
198	6392
198	6393
198	6394
198	6403
198	6409
198	6411
198	6412
198	6414
198	6419
198	6430
198	6436
198	6455
198	6462
198	6468
198	6469
198	6474
198	6476
198	6477
198	6481
198	6489
198	6496
198	6498
198	6506
198	6521
198	6529
198	6536
198	6539
198	6541
198	6560
198	6569
198	6571
198	6574
198	6582
198	6584
198	6586
198	6587
198	6592
198	6593
198	6598
198	6600
198	6621
198	6626
198	6635
198	6645
198	6648
198	6652
198	6653
198	6658
198	6659
198	6661
198	6665
198	6666
198	6669
198	6688
198	6690
198	6695
198	6697
198	6700
198	6701
198	6703
198	6711
198	6724
198	6725
198	6730
198	6738
198	6754
198	6759
198	6765
198	6766
198	6770
198	6773
198	6779
198	6780
198	6783
198	6784
198	6786
198	6787
198	6792
198	6794
198	6796
198	6816
198	6819
198	6825
198	6827
198	6830
198	6832
198	6849
198	6850
198	6851
198	6854
198	6868
198	6893
198	6894
198	6895
198	6898
198	6902
198	6905
198	6913
198	6930
198	6953
198	6955
198	6956
198	6962
198	6963
198	6972
198	6981
198	6982
198	6988
198	6991
198	6993
198	6998
198	7000
198	7002
198	7004
198	7016
198	7019
198	7020
198	7029
198	7039
198	7040
198	7046
198	7052
198	7057
198	7059
198	7060
198	7063
198	7070
198	7072
198	7078
198	7079
198	7084
198	7085
198	7088
198	7092
198	7095
198	7097
198	7106
198	7108
198	7113
198	7115
198	7121
198	7142
198	7144
198	7156
198	7159
198	7162
198	7170
198	7187
198	7188
198	7189
198	7191
198	7192
198	7199
198	7205
198	7209
198	7211
198	7216
198	7225
198	7226
198	7237
198	7238
198	7247
198	7251
198	7254
198	7262
198	7266
198	7268
198	7276
198	7280
198	7284
198	7293
198	7295
198	7301
198	7304
198	7314
198	7339
198	7363
198	7369
198	7370
198	7371
198	7375
198	7380
198	7385
198	7389
198	7391
198	7403
198	7406
198	7410
198	7411
198	7421
198	7423
198	7425
198	7429
198	7430
198	7431
198	7434
198	7443
198	7448
198	7456
198	7461
198	7467
198	7468
198	7471
198	7473
198	7480
198	7483
198	7488
198	7490
198	7492
198	7502
198	7506
198	7515
198	7517
198	7522
198	7530
198	7536
198	7537
198	7538
198	7543
198	7546
198	7552
198	7564
198	7568
198	7586
198	7593
198	7594
198	7605
198	7609
198	7613
198	7615
198	7616
198	7622
198	7627
198	7628
198	7629
198	7633
198	7639
198	7646
198	7654
198	7659
198	7678
198	7683
198	7685
198	7689
198	7693
198	7710
198	7717
198	7719
198	7736
198	7740
198	7755
198	7756
198	7757
198	7758
198	7775
198	7776
198	7777
198	7784
198	7787
198	7788
198	7801
198	7803
198	7805
198	7813
198	7819
198	7821
198	7828
198	7832
198	7836
198	7842
198	7848
198	7856
198	7864
198	7872
198	7879
198	7881
198	7886
198	7887
198	7890
198	7898
198	7900
198	7906
198	7909
198	7912
198	7914
198	7924
198	7927
198	7937
198	7943
198	7948
198	7949
198	7962
198	7965
198	7969
198	7973
198	7979
198	7983
198	7986
198	7990
198	7992
198	7994
198	8002
198	8004
198	8005
198	8009
198	8013
198	8014
198	8019
198	8023
198	8036
198	8041
198	8046
198	8053
198	8058
198	8063
198	8065
198	8075
198	8080
198	8083
198	8084
198	8085
198	8093
198	8094
198	8099
198	8107
198	8111
198	8116
198	8121
198	8124
198	8126
198	8129
198	8131
198	8133
198	8134
198	8136
198	8159
198	8171
198	8173
198	8188
198	8191
198	8197
198	8205
198	8227
198	8229
198	8240
198	8250
198	8251
198	8258
198	8259
198	8263
198	8265
198	8272
198	8273
198	8274
198	8278
198	8283
198	8288
198	8290
198	8300
198	8301
198	8305
198	8306
198	8310
198	8314
198	8318
198	8356
198	8363
198	8365
198	8366
198	8381
198	8384
198	8387
198	8393
198	8402
198	8413
198	8414
198	8416
198	8418
198	8425
198	8428
198	8433
198	8437
198	8441
198	8442
198	8443
198	8452
198	8462
198	8467
198	8484
198	8488
198	8497
198	8515
198	8518
198	8519
198	8521
198	8535
198	8538
198	8539
198	8541
198	8544
198	8557
198	8561
198	8567
198	8581
198	8584
198	8593
198	8596
198	8598
198	8601
198	8602
198	8606
198	8618
198	8621
198	8634
198	8638
198	8643
198	8647
198	8650
198	8651
198	8668
198	8670
198	8681
198	8682
198	8707
198	8716
198	8726
198	8732
198	8733
198	8735
198	8736
198	8742
198	8751
198	8760
198	8762
198	8767
198	8769
198	8774
198	8791
198	8794
198	8795
198	8806
198	8807
198	8811
198	8812
198	8816
198	8817
198	8819
198	8821
198	8825
198	8828
198	8836
198	8848
198	8852
198	8885
198	8888
198	8894
198	8906
198	8909
198	8919
198	8924
198	8939
198	8947
198	8953
198	8959
198	8961
198	8963
198	8964
198	8970
198	8974
198	8975
198	8987
198	9000
198	9003
198	9014
198	9015
198	9022
198	9023
198	9024
198	9033
198	9038
198	9045
198	9047
198	9053
198	9055
198	9060
198	9063
198	9073
198	9096
198	9107
198	9114
198	9116
198	9123
198	9124
198	9131
198	9137
198	9141
198	9149
198	9151
198	9152
198	9155
198	9162
198	9164
198	9169
198	9173
198	9183
198	9185
198	9187
198	9198
198	9202
198	9203
198	9204
198	9205
198	9209
198	9218
198	9241
198	9242
198	9245
198	9248
198	9255
198	9260
198	9261
198	9262
198	9264
198	9274
198	9277
198	9282
198	9287
198	9288
198	9289
198	9296
198	9297
198	9298
198	9305
198	9315
198	9316
198	9324
198	9331
198	9332
198	9338
198	9348
198	9355
198	9356
198	9361
198	9365
198	9368
198	9377
198	9386
198	9389
198	9391
198	9400
198	9405
198	9409
198	9412
198	9418
198	9426
198	9429
198	9431
198	9440
198	9444
198	9450
198	9451
198	9452
198	9459
198	9462
198	9466
198	9470
198	9486
198	9487
198	9505
198	9506
198	9517
198	9519
198	9527
198	9528
198	9547
198	9548
198	9552
198	9554
198	9556
198	9560
198	9564
198	9565
198	9566
198	9573
198	9577
198	9581
198	9582
198	9598
198	9604
198	9620
198	9621
198	9627
198	9631
198	9633
198	9636
198	9637
198	9643
198	9648
198	9649
198	9652
198	9656
198	9671
198	9675
198	9684
198	9690
198	9693
198	9698
198	9707
198	9715
198	9722
198	9727
198	9729
198	9733
198	9745
198	9748
198	9751
198	9753
198	9754
198	9766
198	9770
198	9773
198	9777
198	9785
198	9786
198	9795
198	9804
198	9834
198	9838
198	9840
198	9846
198	9856
198	9859
198	9878
198	9879
198	9885
198	9904
198	9907
198	9909
198	9916
198	9918
198	9921
198	9924
198	9937
198	9938
198	9952
198	9961
198	9973
198	9976
198	9995
199	0
199	2
199	5
199	12
199	24
199	25
199	29
199	34
199	38
199	41
199	44
199	49
199	53
199	57
199	61
199	70
199	71
199	72
199	87
199	102
199	108
199	116
199	126
199	127
199	128
199	133
199	139
199	150
199	166
199	175
199	177
199	187
199	197
199	203
199	209
199	210
199	220
199	221
199	224
199	226
199	228
199	235
199	241
199	253
199	265
199	268
199	272
199	276
199	284
199	298
199	306
199	307
199	311
199	319
199	320
199	333
199	339
199	343
199	346
199	351
199	356
199	361
199	362
199	364
199	367
199	371
199	374
199	375
199	380
199	383
199	392
199	417
199	419
199	422
199	447
199	456
199	465
199	477
199	481
199	485
199	497
199	502
199	512
199	519
199	524
199	536
199	537
199	556
199	557
199	558
199	560
199	565
199	572
199	587
199	595
199	597
199	599
199	601
199	603
199	609
199	614
199	616
199	617
199	618
199	624
199	625
199	629
199	632
199	645
199	653
199	658
199	660
199	663
199	680
199	683
199	686
199	693
199	699
199	710
199	713
199	715
199	718
199	727
199	729
199	732
199	736
199	737
199	743
199	746
199	747
199	749
199	758
199	759
199	761
199	763
199	768
199	773
199	775
199	787
199	788
199	809
199	811
199	815
199	830
199	844
199	845
199	851
199	854
199	857
199	860
199	864
199	888
199	890
199	892
199	897
199	899
199	922
199	927
199	932
199	939
199	940
199	951
199	952
199	962
199	965
199	970
199	974
199	986
199	988
199	996
199	1004
199	1006
199	1016
199	1018
199	1021
199	1036
199	1051
199	1065
199	1066
199	1071
199	1077
199	1085
199	1086
199	1097
199	1104
199	1106
199	1107
199	1109
199	1111
199	1113
199	1114
199	1115
199	1117
199	1130
199	1134
199	1135
199	1139
199	1145
199	1146
199	1162
199	1184
199	1187
199	1201
199	1205
199	1209
199	1219
199	1220
199	1225
199	1226
199	1227
199	1237
199	1244
199	1245
199	1256
199	1262
199	1264
199	1266
199	1275
199	1276
199	1281
199	1285
199	1288
199	1291
199	1293
199	1294
199	1305
199	1311
199	1314
199	1329
199	1337
199	1342
199	1348
199	1349
199	1350
199	1360
199	1363
199	1366
199	1375
199	1379
199	1382
199	1385
199	1390
199	1391
199	1397
199	1400
199	1407
199	1414
199	1422
199	1428
199	1431
199	1435
199	1452
199	1463
199	1464
199	1467
199	1484
199	1486
199	1488
199	1496
199	1501
199	1519
199	1521
199	1527
199	1536
199	1539
199	1540
199	1541
199	1547
199	1552
199	1554
199	1561
199	1565
199	1589
199	1599
199	1604
199	1611
199	1616
199	1617
199	1619
199	1629
199	1637
199	1641
199	1644
199	1648
199	1655
199	1666
199	1672
199	1673
199	1675
199	1679
199	1682
199	1699
199	1706
199	1709
199	1712
199	1725
199	1737
199	1740
199	1749
199	1753
199	1755
199	1757
199	1760
199	1764
199	1782
199	1785
199	1790
199	1794
199	1809
199	1811
199	1822
199	1827
199	1830
199	1832
199	1841
199	1857
199	1859
199	1868
199	1886
199	1894
199	1899
199	1902
199	1920
199	1928
199	1929
199	1932
199	1938
199	1940
199	1954
199	1961
199	1963
199	1972
199	1984
199	1992
199	1994
199	2000
199	2004
199	2017
199	2027
199	2039
199	2042
199	2046
199	2050
199	2057
199	2063
199	2068
199	2077
199	2089
199	2091
199	2092
199	2097
199	2100
199	2102
199	2104
199	2112
199	2122
199	2128
199	2134
199	2138
199	2147
199	2156
199	2167
199	2183
199	2187
199	2198
199	2201
199	2202
199	2203
199	2207
199	2212
199	2223
199	2230
199	2232
199	2235
199	2236
199	2239
199	2240
199	2244
199	2246
199	2249
199	2253
199	2258
199	2260
199	2262
199	2267
199	2273
199	2281
199	2282
199	2284
199	2287
199	2289
199	2303
199	2306
199	2314
199	2321
199	2322
199	2325
199	2335
199	2343
199	2345
199	2352
199	2355
199	2365
199	2372
199	2377
199	2387
199	2388
199	2397
199	2409
199	2415
199	2416
199	2427
199	2442
199	2450
199	2457
199	2475
199	2478
199	2493
199	2494
199	2503
199	2509
199	2512
199	2514
199	2522
199	2532
199	2537
199	2544
199	2559
199	2562
199	2567
199	2578
199	2580
199	2583
199	2595
199	2604
199	2606
199	2613
199	2615
199	2621
199	2631
199	2632
199	2633
199	2635
199	2645
199	2649
199	2658
199	2666
199	2670
199	2680
199	2688
199	2689
199	2694
199	2700
199	2701
199	2705
199	2707
199	2714
199	2726
199	2729
199	2744
199	2749
199	2751
199	2766
199	2769
199	2770
199	2794
199	2795
199	2804
199	2812
199	2816
199	2844
199	2846
199	2847
199	2848
199	2865
199	2876
199	2884
199	2908
199	2911
199	2913
199	2914
199	2918
199	2922
199	2924
199	2930
199	2931
199	2932
199	2941
199	2942
199	2943
199	2945
199	2950
199	2951
199	2953
199	2959
199	2961
199	2962
199	2973
199	2975
199	2979
199	2980
199	2981
199	2988
199	2994
199	2995
199	2999
199	3012
199	3026
199	3029
199	3034
199	3038
199	3045
199	3046
199	3048
199	3051
199	3052
199	3058
199	3067
199	3068
199	3070
199	3072
199	3076
199	3080
199	3096
199	3097
199	3100
199	3104
199	3111
199	3115
199	3116
199	3119
199	3123
199	3130
199	3146
199	3149
199	3157
199	3172
199	3178
199	3184
199	3186
199	3194
199	3200
199	3203
199	3211
199	3213
199	3214
199	3219
199	3224
199	3225
199	3236
199	3257
199	3265
199	3272
199	3277
199	3278
199	3279
199	3293
199	3303
199	3305
199	3307
199	3319
199	3341
199	3349
199	3355
199	3358
199	3376
199	3377
199	3388
199	3396
199	3421
199	3422
199	3426
199	3431
199	3435
199	3444
199	3445
199	3458
199	3461
199	3469
199	3483
199	3493
199	3497
199	3499
199	3504
199	3508
199	3510
199	3512
199	3513
199	3522
199	3526
199	3530
199	3542
199	3553
199	3564
199	3566
199	3570
199	3571
199	3574
199	3575
199	3585
199	3586
199	3601
199	3603
199	3606
199	3609
199	3614
199	3619
199	3622
199	3629
199	3632
199	3637
199	3650
199	3653
199	3656
199	3662
199	3665
199	3671
199	3687
199	3691
199	3696
199	3726
199	3741
199	3744
199	3757
199	3762
199	3774
199	3777
199	3781
199	3788
199	3804
199	3811
199	3813
199	3816
199	3818
199	3827
199	3831
199	3835
199	3846
199	3848
199	3850
199	3855
199	3864
199	3868
199	3898
199	3906
199	3912
199	3921
199	3922
199	3926
199	3933
199	3934
199	3948
199	3954
199	3986
199	3989
199	3995
199	3997
199	4002
199	4028
199	4029
199	4036
199	4049
199	4050
199	4053
199	4058
199	4079
199	4084
199	4086
199	4092
199	4110
199	4111
199	4120
199	4131
199	4144
199	4157
199	4164
199	4170
199	4174
199	4177
199	4184
199	4187
199	4190
199	4196
199	4203
199	4204
199	4219
199	4222
199	4223
199	4233
199	4234
199	4244
199	4250
199	4273
199	4281
199	4298
199	4299
199	4302
199	4307
199	4310
199	4316
199	4323
199	4330
199	4333
199	4335
199	4337
199	4341
199	4346
199	4350
199	4363
199	4370
199	4375
199	4376
199	4379
199	4383
199	4390
199	4393
199	4397
199	4407
199	4409
199	4416
199	4443
199	4447
199	4450
199	4451
199	4453
199	4455
199	4475
199	4476
199	4480
199	4484
199	4487
199	4499
199	4509
199	4515
199	4522
199	4526
199	4535
199	4537
199	4556
199	4565
199	4566
199	4570
199	4606
199	4610
199	4613
199	4621
199	4627
199	4641
199	4642
199	4647
199	4649
199	4650
199	4657
199	4658
199	4667
199	4668
199	4678
199	4696
199	4698
199	4707
199	4711
199	4713
199	4719
199	4726
199	4728
199	4738
199	4749
199	4751
199	4752
199	4773
199	4786
199	4797
199	4811
199	4817
199	4826
199	4838
199	4840
199	4853
199	4854
199	4857
199	4860
199	4868
199	4870
199	4873
199	4881
199	4897
199	4902
199	4909
199	4921
199	4924
199	4933
199	4939
199	4941
199	4943
199	4960
199	4979
199	4987
199	4990
199	4994
199	4998
199	5001
199	5002
199	5007
199	5016
199	5017
199	5018
199	5023
199	5024
199	5027
199	5035
199	5042
199	5060
199	5062
199	5075
199	5078
199	5095
199	5098
199	5099
199	5101
199	5105
199	5108
199	5114
199	5115
199	5141
199	5166
199	5190
199	5199
199	5208
199	5214
199	5241
199	5242
199	5243
199	5246
199	5251
199	5260
199	5262
199	5276
199	5279
199	5284
199	5289
199	5290
199	5293
199	5303
199	5316
199	5318
199	5320
199	5322
199	5345
199	5351
199	5358
199	5359
199	5362
199	5370
199	5371
199	5382
199	5383
199	5385
199	5389
199	5400
199	5401
199	5411
199	5415
199	5423
199	5429
199	5431
199	5441
199	5452
199	5454
199	5462
199	5466
199	5471
199	5478
199	5486
199	5487
199	5491
199	5496
199	5530
199	5532
199	5533
199	5535
199	5537
199	5540
199	5546
199	5547
199	5556
199	5561
199	5564
199	5566
199	5567
199	5568
199	5590
199	5592
199	5593
199	5594
199	5595
199	5597
199	5620
199	5623
199	5624
199	5629
199	5635
199	5642
199	5666
199	5670
199	5676
199	5685
199	5689
199	5690
199	5705
199	5706
199	5714
199	5717
199	5739
199	5743
199	5744
199	5757
199	5763
199	5766
199	5775
199	5777
199	5781
199	5783
199	5786
199	5790
199	5796
199	5797
199	5834
199	5838
199	5843
199	5848
199	5860
199	5862
199	5864
199	5868
199	5872
199	5881
199	5892
199	5894
199	5918
199	5922
199	5929
199	5933
199	5944
199	5945
199	5946
199	5948
199	5963
199	5978
199	5985
199	5994
199	5995
199	6015
199	6020
199	6039
199	6060
199	6067
199	6070
199	6073
199	6075
199	6081
199	6085
199	6087
199	6100
199	6104
199	6105
199	6117
199	6119
199	6124
199	6132
199	6135
199	6136
199	6140
199	6146
199	6149
199	6157
199	6159
199	6162
199	6166
199	6182
199	6183
199	6184
199	6185
199	6187
199	6194
199	6198
199	6208
199	6210
199	6212
199	6214
199	6218
199	6221
199	6233
199	6235
199	6239
199	6243
199	6247
199	6250
199	6252
199	6263
199	6264
199	6266
199	6269
199	6286
199	6295
199	6297
199	6298
199	6307
199	6315
199	6324
199	6338
199	6344
199	6347
199	6348
199	6357
199	6365
199	6367
199	6381
199	6388
199	6391
199	6396
199	6407
199	6424
199	6428
199	6432
199	6440
199	6444
199	6445
199	6447
199	6449
199	6470
199	6483
199	6485
199	6491
199	6493
199	6497
199	6502
199	6505
199	6512
199	6513
199	6516
199	6518
199	6523
199	6524
199	6533
199	6537
199	6538
199	6548
199	6563
199	6577
199	6595
199	6599
199	6609
199	6610
199	6617
199	6618
199	6640
199	6642
199	6646
199	6647
199	6649
199	6650
199	6657
199	6664
199	6670
199	6676
199	6677
199	6680
199	6682
199	6686
199	6698
199	6709
199	6719
199	6723
199	6748
199	6751
199	6769
199	6774
199	6781
199	6802
199	6804
199	6806
199	6811
199	6820
199	6821
199	6833
199	6839
199	6848
199	6852
199	6867
199	6874
199	6875
199	6878
199	6879
199	6882
199	6885
199	6886
199	6897
199	6900
199	6907
199	6909
199	6919
199	6924
199	6925
199	6928
199	6938
199	6946
199	6951
199	6964
199	6969
199	6975
199	6978
199	6989
199	6992
199	7003
199	7007
199	7009
199	7012
199	7027
199	7032
199	7033
199	7035
199	7043
199	7047
199	7056
199	7061
199	7062
199	7071
199	7073
199	7081
199	7093
199	7098
199	7103
199	7104
199	7110
199	7114
199	7124
199	7127
199	7130
199	7136
199	7140
199	7146
199	7148
199	7152
199	7153
199	7154
199	7165
199	7167
199	7173
199	7175
199	7177
199	7178
199	7181
199	7193
199	7196
199	7198
199	7202
199	7203
199	7204
199	7206
199	7215
199	7217
199	7220
199	7221
199	7258
199	7264
199	7271
199	7279
199	7291
199	7292
199	7298
199	7300
199	7305
199	7307
199	7311
199	7320
199	7326
199	7334
199	7350
199	7355
199	7359
199	7362
199	7373
199	7374
199	7378
199	7383
199	7393
199	7396
199	7397
199	7405
199	7409
199	7415
199	7416
199	7417
199	7418
199	7419
199	7426
199	7427
199	7428
199	7442
199	7445
199	7447
199	7452
199	7454
199	7459
199	7465
199	7469
199	7470
199	7478
199	7494
199	7500
199	7501
199	7512
199	7524
199	7527
199	7535
199	7542
199	7547
199	7561
199	7563
199	7567
199	7574
199	7580
199	7583
199	7587
199	7589
199	7596
199	7611
199	7612
199	7618
199	7621
199	7631
199	7632
199	7635
199	7637
199	7641
199	7642
199	7650
199	7658
199	7664
199	7669
199	7677
199	7699
199	7702
199	7704
199	7709
199	7712
199	7724
199	7727
199	7731
199	7737
199	7739
199	7742
199	7748
199	7751
199	7752
199	7753
199	7759
199	7760
199	7764
199	7766
199	7773
199	7783
199	7794
199	7800
199	7806
199	7812
199	7816
199	7824
199	7838
199	7843
199	7846
199	7847
199	7849
199	7851
199	7857
199	7860
199	7861
199	7862
199	7868
199	7896
199	7916
199	7918
199	7920
199	7926
199	7928
199	7929
199	7935
199	7946
199	7954
199	7960
199	7991
199	8006
199	8011
199	8015
199	8033
199	8049
199	8054
199	8056
199	8079
199	8090
199	8096
199	8101
199	8135
199	8143
199	8144
199	8145
199	8151
199	8154
199	8155
199	8157
199	8172
199	8176
199	8184
199	8186
199	8202
199	8214
199	8220
199	8230
199	8233
199	8239
199	8242
199	8256
199	8267
199	8277
199	8279
199	8280
199	8285
199	8291
199	8293
199	8313
199	8315
199	8316
199	8317
199	8321
199	8324
199	8335
199	8338
199	8344
199	8346
199	8350
199	8351
199	8360
199	8369
199	8371
199	8373
199	8374
199	8376
199	8388
199	8396
199	8409
199	8415
199	8419
199	8421
199	8426
199	8427
199	8431
199	8439
199	8444
199	8445
199	8447
199	8451
199	8457
199	8464
199	8465
199	8469
199	8481
199	8482
199	8490
199	8495
199	8496
199	8503
199	8507
199	8514
199	8517
199	8530
199	8542
199	8547
199	8554
199	8555
199	8568
199	8570
199	8583
199	8585
199	8590
199	8592
199	8600
199	8613
199	8617
199	8620
199	8635
199	8636
199	8641
199	8654
199	8656
199	8658
199	8662
199	8683
199	8689
199	8700
199	8706
199	8709
199	8717
199	8724
199	8731
199	8743
199	8752
199	8758
199	8761
199	8768
199	8781
199	8782
199	8784
199	8786
199	8804
199	8815
199	8829
199	8837
199	8839
199	8846
199	8857
199	8858
199	8860
199	8863
199	8864
199	8866
199	8868
199	8869
199	8870
199	8871
199	8874
199	8876
199	8889
199	8897
199	8900
199	8907
199	8910
199	8914
199	8927
199	8934
199	8937
199	8944
199	8952
199	8958
199	8967
199	8971
199	8986
199	8988
199	8991
199	8995
199	8996
199	9004
199	9005
199	9006
199	9011
199	9030
199	9034
199	9036
199	9046
199	9052
199	9062
199	9064
199	9071
199	9076
199	9086
199	9094
199	9095
199	9098
199	9105
199	9106
199	9113
199	9120
199	9121
199	9122
199	9125
199	9133
199	9138
199	9140
199	9143
199	9153
199	9168
199	9178
199	9181
199	9182
199	9184
199	9193
199	9194
199	9214
199	9215
199	9216
199	9217
199	9219
199	9221
199	9227
199	9230
199	9233
199	9238
199	9247
199	9250
199	9253
199	9256
199	9272
199	9276
199	9283
199	9286
199	9302
199	9303
199	9306
199	9307
199	9309
199	9313
199	9320
199	9322
199	9325
199	9328
199	9333
199	9334
199	9335
199	9337
199	9339
199	9342
199	9344
199	9346
199	9347
199	9350
199	9351
199	9367
199	9380
199	9383
199	9392
199	9407
199	9413
199	9422
199	9424
199	9437
199	9443
199	9446
199	9456
199	9457
199	9461
199	9467
199	9477
199	9480
199	9482
199	9490
199	9491
199	9502
199	9503
199	9510
199	9514
199	9522
199	9523
199	9531
199	9534
199	9557
199	9558
199	9561
199	9569
199	9570
199	9572
199	9574
199	9575
199	9583
199	9595
199	9599
199	9601
199	9613
199	9651
199	9655
199	9657
199	9658
199	9659
199	9661
199	9668
199	9687
199	9691
199	9699
199	9705
199	9708
199	9709
199	9714
199	9716
199	9718
199	9721
199	9728
199	9736
199	9740
199	9741
199	9742
199	9756
199	9758
199	9760
199	9765
199	9772
199	9782
199	9783
199	9787
199	9789
199	9790
199	9791
199	9798
199	9805
199	9806
199	9808
199	9809
199	9816
199	9825
199	9831
199	9835
199	9837
199	9842
199	9845
199	9850
199	9851
199	9854
199	9855
199	9865
199	9866
199	9869
199	9873
199	9881
199	9886
199	9929
199	9930
199	9932
199	9939
199	9940
199	9942
199	9944
199	9947
199	9956
199	9959
199	9964
199	9991
199	9996
200	7
200	17
200	21
200	23
200	28
200	43
200	51
200	54
200	65
200	76
200	84
200	86
200	88
200	92
200	94
200	98
200	111
200	120
200	130
200	162
200	165
200	169
200	176
200	179
200	204
200	205
200	222
200	231
200	234
200	244
200	251
200	260
200	293
200	300
200	303
200	305
200	323
200	331
200	350
200	357
200	388
200	403
200	405
200	423
200	427
200	429
200	432
200	438
200	445
200	449
200	461
200	484
200	486
200	499
200	511
200	530
200	544
200	549
200	553
200	555
200	584
200	600
200	606
200	608
200	610
200	612
200	639
200	641
200	649
200	655
200	665
200	668
200	684
200	688
200	692
200	698
200	701
200	702
200	703
200	705
200	707
200	709
200	712
200	723
200	725
200	741
200	771
200	774
200	779
200	781
200	783
200	792
200	800
200	805
200	808
200	818
200	825
200	827
200	828
200	848
200	855
200	871
200	875
200	884
200	894
200	896
200	904
200	905
200	914
200	923
200	925
200	931
200	958
200	969
200	977
200	978
200	997
200	1025
200	1032
200	1054
200	1060
200	1075
200	1083
200	1089
200	1092
200	1098
200	1119
200	1126
200	1127
200	1136
200	1147
200	1158
200	1164
200	1168
200	1171
200	1182
200	1185
200	1199
200	1200
200	1202
200	1203
200	1236
200	1238
200	1253
200	1274
200	1286
200	1290
200	1292
200	1296
200	1300
200	1321
200	1324
200	1331
200	1343
200	1352
200	1353
200	1357
200	1362
200	1364
200	1374
200	1384
200	1399
200	1406
200	1410
200	1423
200	1445
200	1446
200	1456
200	1459
200	1461
200	1471
200	1474
200	1482
200	1493
200	1508
200	1512
200	1513
200	1517
200	1533
200	1535
200	1543
200	1546
200	1548
200	1557
200	1564
200	1572
200	1574
200	1575
200	1587
200	1588
200	1596
200	1600
200	1602
200	1606
200	1615
200	1628
200	1630
200	1657
200	1680
200	1685
200	1686
200	1690
200	1691
200	1710
200	1722
200	1728
200	1743
200	1747
200	1767
200	1791
200	1815
200	1828
200	1836
200	1839
200	1840
200	1843
200	1850
200	1851
200	1858
200	1860
200	1875
200	1881
200	1884
200	1891
200	1906
200	1907
200	1917
200	1921
200	1924
200	1952
200	1953
200	1968
200	1986
200	1988
200	1998
200	2008
200	2009
200	2013
200	2018
200	2031
200	2033
200	2040
200	2048
200	2054
200	2058
200	2062
200	2064
200	2069
200	2073
200	2090
200	2096
200	2098
200	2106
200	2114
200	2132
200	2144
200	2145
200	2146
200	2153
200	2157
200	2160
200	2162
200	2165
200	2177
200	2186
200	2190
200	2215
200	2217
200	2225
200	2226
200	2231
200	2238
200	2245
200	2263
200	2271
200	2272
200	2274
200	2275
200	2301
200	2305
200	2308
200	2333
200	2361
200	2382
200	2392
200	2420
200	2421
200	2424
200	2435
200	2438
200	2447
200	2452
200	2460
200	2473
200	2481
200	2491
200	2502
200	2527
200	2533
200	2539
200	2540
200	2551
200	2553
200	2554
200	2555
200	2557
200	2560
200	2569
200	2573
200	2590
200	2591
200	2593
200	2594
200	2596
200	2605
200	2609
200	2616
200	2618
200	2625
200	2626
200	2630
200	2640
200	2644
200	2646
200	2647
200	2648
200	2654
200	2668
200	2678
200	2683
200	2684
200	2696
200	2709
200	2711
200	2712
200	2723
200	2731
200	2735
200	2738
200	2746
200	2759
200	2761
200	2772
200	2774
200	2776
200	2782
200	2799
200	2800
200	2823
200	2827
200	2843
200	2855
200	2856
200	2860
200	2868
200	2871
200	2872
200	2888
200	2892
200	2893
200	2904
200	2905
200	2920
200	2929
200	2936
200	2958
200	2966
200	2968
200	2969
200	2970
200	3003
200	3005
200	3008
200	3014
200	3016
200	3040
200	3042
200	3047
200	3050
200	3061
200	3062
200	3073
200	3078
200	3083
200	3084
200	3085
200	3087
200	3089
200	3106
200	3120
200	3141
200	3156
200	3159
200	3166
200	3177
200	3180
200	3181
200	3185
200	3189
200	3204
200	3206
200	3209
200	3226
200	3230
200	3242
200	3245
200	3247
200	3256
200	3258
200	3266
200	3267
200	3273
200	3295
200	3296
200	3304
200	3310
200	3311
200	3320
200	3321
200	3325
200	3334
200	3348
200	3350
200	3359
200	3363
200	3367
200	3369
200	3374
200	3383
200	3391
200	3393
200	3398
200	3400
200	3409
200	3441
200	3449
200	3453
200	3459
200	3465
200	3476
200	3477
200	3485
200	3489
200	3492
200	3501
200	3503
200	3528
200	3539
200	3543
200	3545
200	3555
200	3558
200	3562
200	3582
200	3583
200	3592
200	3593
200	3595
200	3600
200	3605
200	3617
200	3628
200	3645
200	3649
200	3658
200	3668
200	3680
200	3682
200	3684
200	3686
200	3697
200	3698
200	3715
200	3717
200	3728
200	3747
200	3756
200	3763
200	3770
200	3771
200	3790
200	3797
200	3800
200	3802
200	3817
200	3819
200	3823
200	3824
200	3852
200	3860
200	3869
200	3873
200	3887
200	3888
200	3901
200	3904
200	3911
200	3938
200	3939
200	3941
200	3946
200	3952
200	3965
200	3967
200	3979
200	3990
200	3999
200	4004
200	4008
200	4015
200	4040
200	4042
200	4046
200	4054
200	4059
200	4062
200	4063
200	4064
200	4073
200	4074
200	4075
200	4078
200	4140
200	4145
200	4146
200	4152
200	4154
200	4160
200	4172
200	4178
200	4182
200	4191
200	4206
200	4210
200	4220
200	4221
200	4240
200	4242
200	4247
200	4253
200	4256
200	4258
200	4259
200	4264
200	4269
200	4276
200	4279
200	4297
200	4300
200	4303
200	4304
200	4322
200	4332
200	4336
200	4339
200	4355
200	4369
200	4380
200	4386
200	4387
200	4389
200	4394
200	4420
200	4423
200	4430
200	4440
200	4448
200	4458
200	4477
200	4479
200	4482
200	4486
200	4488
200	4516
200	4518
200	4527
200	4530
200	4533
200	4534
200	4538
200	4540
200	4544
200	4547
200	4549
200	4561
200	4569
200	4574
200	4590
200	4615
200	4623
200	4628
200	4636
200	4643
200	4652
200	4673
200	4681
200	4685
200	4699
200	4702
200	4703
200	4704
200	4720
200	4736
200	4740
200	4753
200	4770
200	4771
200	4776
200	4788
200	4789
200	4791
200	4795
200	4796
200	4800
200	4802
200	4805
200	4808
200	4816
200	4819
200	4820
200	4821
200	4824
200	4825
200	4835
200	4842
200	4844
200	4849
200	4850
200	4877
200	4885
200	4887
200	4890
200	4905
200	4906
200	4908
200	4910
200	4920
200	4940
200	4944
200	4958
200	4968
200	4969
200	4981
200	4984
200	4986
200	4989
200	4991
200	4995
200	5011
200	5015
200	5032
200	5040
200	5047
200	5049
200	5054
200	5087
200	5091
200	5093
200	5102
200	5130
200	5134
200	5137
200	5155
200	5157
200	5165
200	5171
200	5189
200	5197
200	5206
200	5209
200	5224
200	5228
200	5229
200	5233
200	5236
200	5237
200	5239
200	5248
200	5267
200	5272
200	5277
200	5304
200	5305
200	5314
200	5328
200	5333
200	5346
200	5352
200	5355
200	5376
200	5380
200	5381
200	5396
200	5399
200	5402
200	5412
200	5450
200	5456
200	5457
200	5459
200	5470
200	5472
200	5474
200	5479
200	5488
200	5494
200	5500
200	5509
200	5516
200	5529
200	5531
200	5538
200	5558
200	5562
200	5570
200	5581
200	5598
200	5607
200	5610
200	5622
200	5627
200	5646
200	5658
200	5664
200	5681
200	5682
200	5691
200	5693
200	5694
200	5697
200	5699
200	5701
200	5703
200	5710
200	5723
200	5725
200	5732
200	5745
200	5756
200	5762
200	5769
200	5778
200	5784
200	5811
200	5817
200	5818
200	5825
200	5839
200	5879
200	5891
200	5896
200	5901
200	5902
200	5905
200	5906
200	5909
200	5916
200	5952
200	5954
200	5958
200	5972
200	5973
200	5974
200	6008
200	6011
200	6028
200	6032
200	6034
200	6036
200	6037
200	6044
200	6045
200	6050
200	6097
200	6111
200	6141
200	6145
200	6155
200	6170
200	6171
200	6179
200	6188
200	6192
200	6199
200	6271
200	6287
200	6293
200	6299
200	6310
200	6313
200	6318
200	6319
200	6323
200	6327
200	6328
200	6355
200	6359
200	6363
200	6380
200	6385
200	6418
200	6420
200	6435
200	6443
200	6458
200	6461
200	6465
200	6466
200	6467
200	6484
200	6504
200	6508
200	6514
200	6527
200	6530
200	6532
200	6547
200	6551
200	6552
200	6578
200	6589
200	6604
200	6607
200	6608
200	6624
200	6632
200	6641
200	6655
200	6671
200	6683
200	6685
200	6702
200	6721
200	6732
200	6740
200	6741
200	6750
200	6756
200	6768
200	6775
200	6776
200	6803
200	6808
200	6809
200	6814
200	6823
200	6842
200	6845
200	6865
200	6887
200	6888
200	6890
200	6896
200	6920
200	6927
200	6929
200	6934
200	6939
200	6941
200	6943
200	6949
200	6954
200	6971
200	6983
200	7001
200	7008
200	7011
200	7023
200	7028
200	7044
200	7067
200	7082
200	7086
200	7087
200	7105
200	7107
200	7122
200	7125
200	7132
200	7143
200	7149
200	7172
200	7184
200	7214
200	7229
200	7234
200	7250
200	7260
200	7269
200	7277
200	7286
200	7288
200	7296
200	7299
200	7346
200	7348
200	7372
200	7420
200	7439
200	7441
200	7444
200	7446
200	7466
200	7479
200	7493
200	7497
200	7498
200	7508
200	7518
200	7519
200	7532
200	7550
200	7554
200	7556
200	7562
200	7606
200	7607
200	7614
200	7623
200	7624
200	7634
200	7656
200	7657
200	7665
200	7692
200	7698
200	7701
200	7714
200	7720
200	7725
200	7728
200	7735
200	7769
200	7785
200	7818
200	7822
200	7830
200	7844
200	7852
200	7853
200	7859
200	7885
200	7888
200	7891
200	7892
200	7902
200	7911
200	7930
200	7931
200	7933
200	7938
200	7940
200	7955
200	7968
200	7981
200	7982
200	7987
200	7995
200	7996
200	8007
200	8038
200	8044
200	8059
200	8061
200	8066
200	8074
200	8076
200	8087
200	8149
200	8162
200	8167
200	8183
200	8204
200	8206
200	8207
200	8211
200	8218
200	8228
200	8231
200	8236
200	8243
200	8248
200	8269
200	8289
200	8292
200	8295
200	8303
200	8312
200	8322
200	8326
200	8331
200	8339
200	8341
200	8349
200	8355
200	8372
200	8377
200	8379
200	8382
200	8389
200	8397
200	8407
200	8412
200	8432
200	8435
200	8438
200	8455
200	8459
200	8463
200	8473
200	8475
200	8476
200	8489
200	8510
200	8516
200	8524
200	8527
200	8545
200	8556
200	8563
200	8564
200	8569
200	8572
200	8575
200	8587
200	8603
200	8607
200	8610
200	8614
200	8630
200	8631
200	8642
200	8652
200	8660
200	8661
200	8663
200	8675
200	8694
200	8697
200	8713
200	8718
200	8719
200	8725
200	8728
200	8741
200	8744
200	8756
200	8764
200	8775
200	8778
200	8790
200	8796
200	8805
200	8808
200	8820
200	8822
200	8844
200	8855
200	8875
200	8879
200	8901
200	8912
200	8918
200	8920
200	8928
200	8929
200	8932
200	8935
200	8938
200	8941
200	8942
200	8943
200	8945
200	8956
200	8962
200	8984
200	8999
200	9008
200	9012
200	9029
200	9039
200	9042
200	9054
200	9059
200	9070
200	9088
200	9089
200	9099
200	9102
200	9104
200	9112
200	9115
200	9126
200	9127
200	9129
200	9157
200	9159
200	9175
200	9179
200	9196
200	9197
200	9200
200	9201
200	9208
200	9222
200	9235
200	9236
200	9254
200	9257
200	9258
200	9259
200	9267
200	9268
200	9299
200	9321
200	9329
200	9357
200	9366
200	9370
200	9372
200	9374
200	9381
200	9385
200	9388
200	9399
200	9417
200	9421
200	9433
200	9434
200	9460
200	9473
200	9479
200	9508
200	9512
200	9513
200	9520
200	9538
200	9539
200	9540
200	9550
200	9571
200	9580
200	9587
200	9592
200	9615
200	9625
200	9632
200	9635
200	9642
200	9663
200	9665
200	9667
200	9679
200	9686
200	9689
200	9694
200	9725
200	9734
200	9735
200	9737
200	9738
200	9759
200	9767
200	9776
200	9799
200	9800
200	9810
200	9814
200	9821
200	9822
200	9827
200	9833
200	9841
200	9849
200	9860
200	9863
200	9870
200	9871
200	9874
200	9877
200	9889
200	9893
200	9894
200	9899
200	9900
200	9903
200	9910
200	9917
200	9923
200	9941
200	9943
200	9946
200	9960
200	9968
200	9978
200	9987
200	9990
200	9994
200	9999
201	18
201	27
201	33
201	47
201	60
201	69
201	75
201	93
201	101
201	114
201	123
201	154
201	164
201	180
201	188
201	191
201	211
201	217
201	243
201	263
201	316
201	326
201	337
201	341
201	420
201	431
201	473
201	490
201	496
201	518
201	528
201	542
201	543
201	573
201	577
201	589
201	593
201	598
201	607
201	657
201	690
201	700
201	738
201	753
201	760
201	791
201	797
201	802
201	807
201	852
201	858
201	862
201	874
201	887
201	893
201	898
201	912
201	918
201	920
201	921
201	926
201	933
201	937
201	954
201	968
201	972
201	982
201	983
201	994
201	1005
201	1028
201	1084
201	1087
201	1091
201	1100
201	1128
201	1137
201	1144
201	1153
201	1157
201	1161
201	1173
201	1183
201	1197
201	1216
201	1217
201	1246
201	1254
201	1260
201	1279
201	1301
201	1316
201	1322
201	1334
201	1336
201	1347
201	1354
201	1373
201	1403
201	1404
201	1419
201	1434
201	1469
201	1470
201	1480
201	1485
201	1505
201	1530
201	1531
201	1563
201	1576
201	1622
201	1625
201	1631
201	1635
201	1645
201	1647
201	1649
201	1660
201	1661
201	1667
201	1677
201	1688
201	1695
201	1705
201	1713
201	1719
201	1733
201	1735
201	1762
201	1771
201	1781
201	1792
201	1793
201	1796
201	1813
201	1842
201	1845
201	1854
201	1856
201	1861
201	1870
201	1895
201	1914
201	1919
201	1948
201	1955
201	1976
201	2014
201	2034
201	2065
201	2071
201	2074
201	2075
201	2080
201	2086
201	2105
201	2117
201	2119
201	2140
201	2161
201	2199
201	2205
201	2210
201	2233
201	2237
201	2285
201	2311
201	2312
201	2315
201	2337
201	2346
201	2348
201	2360
201	2380
201	2405
201	2432
201	2449
201	2479
201	2482
201	2489
201	2521
201	2549
201	2558
201	2598
201	2610
201	2612
201	2614
201	2628
201	2651
201	2652
201	2662
201	2719
201	2724
201	2736
201	2741
201	2763
201	2787
201	2790
201	2805
201	2807
201	2829
201	2900
201	2916
201	2947
201	2978
201	2991
201	3017
201	3037
201	3049
201	3059
201	3086
201	3088
201	3114
201	3118
201	3138
201	3151
201	3167
201	3182
201	3196
201	3197
201	3243
201	3251
201	3252
201	3260
201	3281
201	3283
201	3288
201	3292
201	3323
201	3328
201	3335
201	3336
201	3339
201	3342
201	3360
201	3364
201	3368
201	3372
201	3381
201	3401
201	3407
201	3410
201	3415
201	3420
201	3429
201	3442
201	3452
201	3462
201	3466
201	3495
201	3519
201	3523
201	3599
201	3604
201	3625
201	3626
201	3638
201	3639
201	3664
201	3669
201	3708
201	3738
201	3739
201	3755
201	3761
201	3764
201	3773
201	3787
201	3796
201	3799
201	3806
201	3833
201	3903
201	3916
201	3918
201	3947
201	3949
201	3959
201	3983
201	3987
201	4019
201	4026
201	4033
201	4035
201	4039
201	4044
201	4055
201	4093
201	4100
201	4133
201	4147
201	4153
201	4167
201	4169
201	4173
201	4176
201	4195
201	4198
201	4200
201	4224
201	4230
201	4239
201	4263
201	4274
201	4287
201	4290
201	4294
201	4295
201	4313
201	4331
201	4361
201	4366
201	4373
201	4395
201	4396
201	4406
201	4417
201	4422
201	4424
201	4435
201	4442
201	4461
201	4495
201	4524
201	4553
201	4564
201	4568
201	4612
201	4616
201	4651
201	4659
201	4662
201	4689
201	4690
201	4705
201	4723
201	4731
201	4734
201	4760
201	4807
201	4822
201	4837
201	4843
201	4891
201	4916
201	4918
201	4936
201	4937
201	4966
201	4974
201	4982
201	5004
201	5008
201	5029
201	5048
201	5050
201	5061
201	5074
201	5083
201	5084
201	5097
201	5103
201	5109
201	5111
201	5119
201	5121
201	5149
201	5162
201	5176
201	5186
201	5203
201	5225
201	5232
201	5256
201	5268
201	5275
201	5280
201	5300
201	5326
201	5332
201	5334
201	5343
201	5365
201	5374
201	5378
201	5416
201	5417
201	5432
201	5448
201	5501
201	5508
201	5520
201	5522
201	5528
201	5548
201	5551
201	5560
201	5576
201	5603
201	5628
201	5630
201	5632
201	5650
201	5654
201	5675
201	5687
201	5707
201	5712
201	5719
201	5721
201	5729
201	5735
201	5747
201	5764
201	5765
201	5772
201	5787
201	5807
201	5812
201	5822
201	5831
201	5844
201	5863
201	5870
201	5878
201	5889
201	5903
201	5920
201	5932
201	5961
201	5965
201	5976
201	5996
201	5999
201	6000
201	6006
201	6030
201	6059
201	6071
201	6077
201	6083
201	6086
201	6094
201	6150
201	6165
201	6172
201	6174
201	6177
201	6246
201	6259
201	6280
201	6283
201	6294
201	6302
201	6305
201	6308
201	6320
201	6336
201	6352
201	6364
201	6376
201	6379
201	6397
201	6417
201	6433
201	6454
201	6464
201	6487
201	6501
201	6553
201	6554
201	6557
201	6562
201	6575
201	6588
201	6606
201	6616
201	6619
201	6627
201	6644
201	6687
201	6692
201	6696
201	6755
201	6760
201	6785
201	6790
201	6797
201	6812
201	6815
201	6822
201	6829
201	6835
201	6836
201	6860
201	6866
201	6870
201	6872
201	6877
201	6884
201	6918
201	6923
201	6926
201	6944
201	6986
201	6999
201	7021
201	7066
201	7076
201	7083
201	7091
201	7099
201	7100
201	7111
201	7126
201	7128
201	7158
201	7212
201	7223
201	7227
201	7233
201	7244
201	7245
201	7257
201	7270
201	7272
201	7302
201	7310
201	7312
201	7316
201	7323
201	7332
201	7335
201	7366
201	7433
201	7436
201	7496
201	7521
201	7525
201	7533
201	7540
201	7545
201	7549
201	7553
201	7559
201	7571
201	7577
201	7579
201	7600
201	7625
201	7644
201	7649
201	7673
201	7676
201	7703
201	7711
201	7763
201	7765
201	7771
201	7789
201	7795
201	7798
201	7814
201	7835
201	7845
201	7894
201	7915
201	7922
201	7932
201	7944
201	7975
201	7976
201	7984
201	8010
201	8018
201	8025
201	8039
201	8040
201	8072
201	8098
201	8100
201	8106
201	8114
201	8115
201	8119
201	8122
201	8137
201	8138
201	8148
201	8164
201	8192
201	8216
201	8234
201	8237
201	8244
201	8249
201	8257
201	8271
201	8311
201	8352
201	8378
201	8383
201	8400
201	8454
201	8471
201	8474
201	8478
201	8492
201	8493
201	8504
201	8505
201	8523
201	8525
201	8549
201	8580
201	8605
201	8616
201	8648
201	8702
201	8710
201	8712
201	8720
201	8729
201	8749
201	8773
201	8797
201	8803
201	8841
201	8851
201	8854
201	8859
201	8862
201	8882
201	8911
201	8922
201	8931
201	8933
201	8936
201	8940
201	8946
201	8950
201	8955
201	8976
201	8980
201	8982
201	8992
201	8998
201	9002
201	9010
201	9018
201	9019
201	9021
201	9026
201	9049
201	9072
201	9077
201	9080
201	9081
201	9128
201	9132
201	9136
201	9139
201	9144
201	9154
201	9188
201	9237
201	9244
201	9246
201	9281
201	9285
201	9318
201	9341
201	9360
201	9362
201	9384
201	9394
201	9397
201	9414
201	9432
201	9439
201	9445
201	9454
201	9472
201	9493
201	9500
201	9518
201	9524
201	9553
201	9576
201	9602
201	9612
201	9619
201	9639
201	9640
201	9654
201	9660
201	9676
201	9692
201	9723
201	9724
201	9726
201	9731
201	9755
201	9794
201	9796
201	9815
201	9828
201	9862
201	9867
201	9888
201	9892
201	9898
201	9926
201	9928
201	9933
201	9962
201	9965
201	9981
201	9982
202	6
202	35
202	36
202	40
202	45
202	78
202	117
202	135
202	182
202	225
202	229
202	233
202	238
202	264
202	288
202	376
202	378
202	411
202	415
202	416
202	441
202	462
202	493
202	515
202	592
202	659
202	676
202	777
202	789
202	821
202	823
202	837
202	879
202	883
202	889
202	911
202	924
202	956
202	1049
202	1101
202	1120
202	1154
202	1163
202	1165
202	1167
202	1175
202	1176
202	1196
202	1207
202	1231
202	1247
202	1280
202	1299
202	1320
202	1365
202	1367
202	1377
202	1392
202	1448
202	1472
202	1477
202	1511
202	1603
202	1632
202	1638
202	1676
202	1694
202	1717
202	1776
202	1783
202	1825
202	1865
202	1872
202	1879
202	1889
202	1935
202	1956
202	1970
202	1977
202	1993
202	2005
202	2020
202	2041
202	2049
202	2060
202	2172
202	2213
202	2224
202	2277
202	2316
202	2319
202	2334
202	2358
202	2363
202	2374
202	2383
202	2403
202	2408
202	2431
202	2436
202	2453
202	2513
202	2518
202	2529
202	2547
202	2563
202	2568
202	2576
202	2693
202	2771
202	2777
202	2803
202	2837
202	2919
202	2940
202	3043
202	3098
202	3108
202	3125
202	3150
202	3235
202	3254
202	3263
202	3268
202	3269
202	3316
202	3333
202	3343
202	3357
202	3373
202	3399
202	3480
202	3527
202	3529
202	3531
202	3550
202	3557
202	3563
202	3608
202	3611
202	3633
202	3636
202	3679
202	3685
202	3727
202	3733
202	3807
202	3876
202	3900
202	3940
202	3961
202	3964
202	3996
202	4066
202	4094
202	4098
202	4099
202	4113
202	4127
202	4136
202	4201
202	4231
202	4252
202	4280
202	4289
202	4309
202	4343
202	4367
202	4400
202	4481
202	4490
202	4504
202	4505
202	4514
202	4550
202	4578
202	4604
202	4608
202	4609
202	4622
202	4624
202	4630
202	4686
202	4730
202	4758
202	4764
202	4784
202	4827
202	4828
202	4830
202	4871
202	4889
202	4932
202	4947
202	4950
202	4959
202	4980
202	4985
202	4997
202	4999
202	5045
202	5053
202	5068
202	5069
202	5088
202	5106
202	5107
202	5128
202	5160
202	5188
202	5234
202	5249
202	5287
202	5291
202	5302
202	5308
202	5319
202	5342
202	5367
202	5405
202	5426
202	5435
202	5449
202	5492
202	5497
202	5512
202	5515
202	5541
202	5609
202	5716
202	5753
202	5780
202	5819
202	5856
202	5865
202	5875
202	5877
202	5924
202	5942
202	5950
202	5966
202	6031
202	6033
202	6043
202	6061
202	6063
202	6096
202	6110
202	6175
202	6180
202	6181
202	6191
202	6201
202	6213
202	6215
202	6220
202	6254
202	6278
202	6282
202	6316
202	6334
202	6339
202	6342
202	6371
202	6377
202	6410
202	6422
202	6423
202	6471
202	6478
202	6490
202	6492
202	6515
202	6546
202	6559
202	6561
202	6573
202	6591
202	6605
202	6625
202	6636
202	6707
202	6708
202	6734
202	6757
202	6777
202	6798
202	6799
202	6859
202	6861
202	6862
202	6869
202	6889
202	6899
202	6903
202	6932
202	6959
202	6968
202	6976
202	6977
202	7014
202	7030
202	7031
202	7048
202	7129
202	7131
202	7155
202	7185
202	7232
202	7236
202	7246
202	7261
202	7263
202	7274
202	7287
202	7333
202	7340
202	7367
202	7379
202	7386
202	7457
202	7482
202	7505
202	7528
202	7529
202	7539
202	7557
202	7566
202	7588
202	7619
202	7653
202	7668
202	7691
202	7695
202	7733
202	7745
202	7754
202	7820
202	7839
202	7850
202	7863
202	7869
202	7941
202	7957
202	7959
202	8000
202	8024
202	8105
202	8109
202	8112
202	8153
202	8169
202	8170
202	8199
202	8246
202	8260
202	8302
202	8307
202	8328
202	8336
202	8347
202	8358
202	8390
202	8394
202	8404
202	8406
202	8436
202	8449
202	8494
202	8532
202	8537
202	8550
202	8553
202	8619
202	8640
202	8664
202	8666
202	8692
202	8693
202	8695
202	8747
202	8750
202	8755
202	8759
202	8810
202	8814
202	8830
202	8838
202	8873
202	8881
202	8893
202	8915
202	8968
202	8990
202	8993
202	9007
202	9093
202	9118
202	9145
202	9150
202	9211
202	9228
202	9231
202	9239
202	9263
202	9278
202	9393
202	9419
202	9476
202	9492
202	9497
202	9515
202	9530
202	9563
202	9578
202	9586
202	9606
202	9647
202	9666
202	9732
202	9801
202	9803
202	9819
202	9823
202	9826
202	9832
202	9884
202	9912
202	9925
202	9948
202	9951
202	9980
202	9998
203	1
203	20
203	85
203	95
203	178
203	202
203	215
203	286
203	297
203	318
203	344
203	424
203	466
203	567
203	575
203	580
203	822
203	950
203	967
203	1019
203	1024
203	1029
203	1035
203	1195
203	1250
203	1263
203	1421
203	1449
203	1492
203	1510
203	1650
203	1669
203	1788
203	1819
203	2002
203	2019
203	2029
203	2101
203	2155
203	2195
203	2218
203	2283
203	2376
203	2394
203	2417
203	2485
203	2656
203	2669
203	2698
203	2722
203	2737
203	2989
203	3191
203	3285
203	3298
203	3324
203	3337
203	3406
203	3471
203	3537
203	3565
203	3616
203	3618
203	3783
203	3832
203	3972
203	4185
203	4193
203	4197
203	4235
203	4245
203	4266
203	4321
203	4411
203	4466
203	4491
203	4573
203	4597
203	4804
203	4886
203	4978
203	5028
203	5051
203	5071
203	5144
203	5168
203	5217
203	5227
203	5247
203	5257
203	5263
203	5419
203	5483
203	5536
203	5596
203	5634
203	5647
203	5649
203	5673
203	5692
203	5718
203	5742
203	5774
203	5859
203	5923
203	5930
203	6010
203	6116
203	6211
203	6225
203	6253
203	6321
203	6362
203	6370
203	6398
203	6463
203	6534
203	6545
203	6566
203	6570
203	6581
203	6597
203	6614
203	6628
203	6639
203	6668
203	6716
203	6745
203	6746
203	6834
203	6841
203	6847
203	6990
203	6995
203	7138
203	7141
203	7168
203	7201
203	7241
203	7344
203	7349
203	7353
203	7422
203	7503
203	7541
203	7565
203	7573
203	7660
203	7690
203	7722
203	7729
203	7730
203	7802
203	7865
203	7907
203	7989
203	8028
203	8034
203	8110
203	8127
203	8166
203	8182
203	8241
203	8281
203	8309
203	8386
203	8411
203	8417
203	8522
203	8533
203	8551
203	8579
203	8588
203	8632
203	8734
203	8809
203	8965
203	9020
203	9134
203	9190
203	9232
203	9364
203	9463
203	9481
203	9536
203	9646
203	9695
203	9906
203	9953
203	9967
204	3
204	147
204	183
204	277
204	385
204	437
204	458
204	671
204	697
204	981
204	1210
204	1212
204	1235
204	1278
204	1304
204	1396
204	1523
204	1996
204	2015
204	2350
204	2601
204	2756
204	2992
204	3030
204	3074
204	3352
204	3361
204	3411
204	3524
204	3572
204	3711
204	3778
204	3828
204	3924
204	4116
204	4163
204	4449
204	4460
204	5055
204	5559
204	5667
204	5750
204	6112
204	6227
204	6322
204	6383
204	6475
204	6525
204	6681
204	6739
204	6810
204	6958
204	6994
204	7134
204	7718
204	7804
204	8086
204	8198
204	8304
204	8480
204	8560
204	8960
204	9312
204	9483
204	9541
204	9608
205	1172
205	1738
205	1746
205	1777
205	1787
205	2501
205	2833
205	3002
205	3019
205	4180
205	4858
205	5194
205	5270
205	5428
205	7610
205	7870
205	7903
205	8104
205	8287
205	8565
205	8714
205	8850
205	9147
205	9369
205	9533
205	9818
206	647
206	3164
207	576
208	2338
209	1696
