Minimo	Corrida
16	0
16	1
16	2
16	3
16	4
16	5
16	6
16	7
16	8
16	9
16	10
16	11
16	12
16	13
16	14
16	15
16	16
16	17
16	18
16	19
16	20
16	21
16	22
16	23
16	24
16	25
16	26
16	27
16	28
16	29
16	30
16	31
16	32
16	33
16	34
16	35
16	36
16	37
16	38
16	39
16	40
16	41
16	42
16	43
16	44
16	45
16	46
16	47
16	48
16	49
16	50
16	51
16	52
16	53
16	54
16	55
16	56
16	57
16	58
16	59
16	60
16	61
16	62
16	63
16	64
16	65
16	66
16	67
16	68
16	69
16	70
16	71
16	72
16	73
16	74
16	75
16	76
16	77
16	78
16	79
16	80
16	81
16	82
16	83
16	84
16	85
16	86
16	87
16	88
16	89
16	90
16	91
16	92
16	93
16	94
16	95
16	96
16	97
16	98
16	99
16	100
16	101
16	102
16	103
16	104
16	105
16	106
16	107
16	108
16	109
16	110
16	111
16	112
16	113
16	114
16	115
16	116
16	117
16	118
16	119
16	120
16	121
16	122
16	123
16	124
16	125
16	126
16	127
16	128
16	129
16	130
16	131
16	132
16	133
16	134
16	135
16	136
16	137
16	138
16	139
16	140
16	141
16	142
16	143
16	144
16	145
16	146
16	147
16	148
16	149
16	150
16	151
16	152
16	153
16	154
16	155
16	156
16	157
16	158
16	159
16	160
16	161
16	162
16	163
16	164
16	165
16	166
16	167
16	168
16	169
16	170
16	171
16	172
16	173
16	174
16	175
16	176
16	177
16	178
16	179
16	180
16	181
16	182
16	183
16	184
16	185
16	186
16	187
16	188
16	189
16	190
16	191
16	192
16	193
16	194
16	195
16	196
16	197
16	198
16	199
16	200
16	201
16	202
16	203
16	204
16	205
16	206
16	207
16	208
16	209
16	210
16	211
16	212
16	213
16	214
16	215
16	216
16	217
16	218
16	219
16	220
16	221
16	222
16	223
16	224
16	225
16	226
16	227
16	228
16	229
16	230
16	231
16	232
16	233
16	234
16	235
16	236
16	237
16	238
16	239
16	240
16	241
16	242
16	243
16	244
16	245
16	246
16	247
16	248
16	249
16	250
16	251
16	252
16	253
16	254
16	255
16	256
16	257
16	258
16	259
16	260
16	261
16	262
16	263
16	264
16	265
16	266
16	267
16	268
16	269
16	270
16	271
16	272
16	273
16	274
16	275
16	276
16	277
16	278
16	279
16	280
16	281
16	282
16	283
16	284
16	285
16	286
16	287
16	288
16	289
16	290
16	291
16	292
16	293
16	294
16	295
16	296
16	297
16	298
16	299
16	300
16	301
16	302
16	303
16	304
16	305
16	306
16	307
16	308
16	309
16	310
16	311
16	312
16	313
16	314
16	315
16	316
16	317
16	318
16	319
16	320
16	321
16	322
16	323
16	324
16	325
16	326
16	327
16	328
16	329
16	330
16	331
16	332
16	333
16	334
16	335
16	336
16	337
16	338
16	339
16	340
16	341
16	342
16	343
16	344
16	345
16	346
16	347
16	348
16	349
16	350
16	351
16	352
16	353
16	354
16	355
16	356
16	357
16	358
16	359
16	360
16	361
16	362
16	363
16	364
16	365
16	366
16	367
16	368
16	369
16	370
16	371
16	372
16	373
16	374
16	375
16	376
16	377
16	378
16	379
16	380
16	381
16	382
16	383
16	384
16	385
16	386
16	387
16	388
16	389
16	390
16	391
16	392
16	393
16	394
16	395
16	396
16	397
16	398
16	399
16	400
16	401
16	402
16	403
16	404
16	405
16	406
16	407
16	408
16	409
16	410
16	411
16	412
16	413
16	414
16	415
16	416
16	417
16	418
16	419
16	420
16	421
16	422
16	423
16	424
16	425
16	426
16	427
16	428
16	429
16	430
16	431
16	432
16	433
16	434
16	435
16	436
16	437
16	438
16	439
16	440
16	441
16	442
16	443
16	444
16	445
16	446
16	447
16	448
16	449
16	450
16	451
16	452
16	453
16	454
16	455
16	456
16	457
16	458
16	459
16	460
16	461
16	462
16	463
16	464
16	465
16	466
16	467
16	468
16	469
16	470
16	471
16	472
16	473
16	474
16	475
16	476
16	477
16	478
16	479
16	480
16	481
16	482
16	483
16	484
16	485
16	486
16	487
16	488
16	489
16	490
16	491
16	492
16	493
16	494
16	495
16	496
16	497
16	498
16	499
16	500
16	501
16	502
16	503
16	504
16	505
16	506
16	507
16	508
16	509
16	510
16	511
16	512
16	513
16	514
16	515
16	516
16	517
16	518
16	519
16	520
16	521
16	522
16	523
16	524
16	525
16	526
16	527
16	528
16	529
16	530
16	531
16	532
16	533
16	534
16	535
16	536
16	537
16	538
16	539
16	540
16	541
16	542
16	543
16	544
16	545
16	546
16	547
16	548
16	549
16	550
16	551
16	552
16	553
16	554
16	555
16	556
16	557
16	558
16	559
16	560
16	561
16	562
16	563
16	564
16	565
16	566
16	567
16	568
16	569
16	570
16	571
16	572
16	573
16	574
16	575
16	576
16	577
16	578
16	579
16	580
16	581
16	582
16	583
16	584
16	585
16	586
16	587
16	588
16	589
16	590
16	591
16	592
16	593
16	594
16	595
16	596
16	597
16	598
16	599
16	600
16	601
16	602
16	603
16	604
16	605
16	606
16	607
16	608
16	609
16	610
16	611
16	612
16	613
16	614
16	615
16	616
16	617
16	618
16	619
16	620
16	621
16	622
16	623
16	624
16	625
16	626
16	627
16	628
16	629
16	630
16	631
16	632
16	633
16	634
16	635
16	636
16	637
16	638
16	639
16	640
16	641
16	642
16	643
16	644
16	645
16	646
16	647
16	648
16	649
16	650
16	651
16	652
16	653
16	654
16	655
16	656
16	657
16	658
16	659
16	660
16	661
16	662
16	663
16	664
16	665
16	666
16	667
16	668
16	669
16	670
16	671
16	672
16	673
16	674
16	675
16	676
16	677
16	678
16	679
16	680
16	681
16	682
16	683
16	684
16	685
16	686
16	687
16	688
16	689
16	690
16	691
16	692
16	693
16	694
16	695
16	696
16	697
16	698
16	699
16	700
16	701
16	702
16	703
16	704
16	705
16	706
16	707
16	708
16	709
16	710
16	711
16	712
16	713
16	714
16	715
16	716
16	717
16	718
16	719
16	720
16	721
16	722
16	723
16	724
16	725
16	726
16	727
16	728
16	729
16	730
16	731
16	732
16	733
16	734
16	735
16	736
16	737
16	738
16	739
16	740
16	741
16	742
16	743
16	744
16	745
16	746
16	747
16	748
16	749
16	750
16	751
16	752
16	753
16	754
16	755
16	756
16	757
16	758
16	759
16	760
16	761
16	762
16	763
16	764
16	765
16	766
16	767
16	768
16	769
16	770
16	771
16	772
16	773
16	774
16	775
16	776
16	777
16	778
16	779
16	780
16	781
16	782
16	783
16	784
16	785
16	786
16	787
16	788
16	789
16	790
16	791
16	792
16	793
16	794
16	795
16	796
16	797
16	798
16	799
16	800
16	801
16	802
16	803
16	804
16	805
16	806
16	807
16	808
16	809
16	810
16	811
16	812
16	813
16	814
16	815
16	816
16	817
16	818
16	819
16	820
16	821
16	822
16	823
16	824
16	825
16	826
16	827
16	828
16	829
16	830
16	831
16	832
16	833
16	834
16	835
16	836
16	837
16	838
16	839
16	840
16	841
16	842
16	843
16	844
16	845
16	846
16	847
16	848
16	849
16	850
16	851
16	852
16	853
16	854
16	855
16	856
16	857
16	858
16	859
16	860
16	861
16	862
16	863
16	864
16	865
16	866
16	867
16	868
16	869
16	870
16	871
16	872
16	873
16	874
16	875
16	876
16	877
16	878
16	879
16	880
16	881
16	882
16	883
16	884
16	885
16	886
16	887
16	888
16	889
16	890
16	891
16	892
16	893
16	894
16	895
16	896
16	897
16	898
16	899
16	900
16	901
16	902
16	903
16	904
16	905
16	906
16	907
16	908
16	909
16	910
16	911
16	912
16	913
16	914
16	915
16	916
16	917
16	918
16	919
16	920
16	921
16	922
16	923
16	924
16	925
16	926
16	927
16	928
16	929
16	930
16	931
16	932
16	933
16	934
16	935
16	936
16	937
16	938
16	939
16	940
16	941
16	942
16	943
16	944
16	945
16	946
16	947
16	948
16	949
16	950
16	951
16	952
16	953
16	954
16	955
16	956
16	957
16	958
16	959
16	960
16	961
16	962
16	963
16	964
16	965
16	966
16	967
16	968
16	969
16	970
16	971
16	972
16	973
16	974
16	975
16	976
16	977
16	978
16	979
16	980
16	981
16	982
16	983
16	984
16	985
16	986
16	987
16	988
16	989
16	990
16	991
16	992
16	993
16	994
16	995
16	996
16	997
16	998
16	999
16	1000
16	1001
16	1002
16	1003
16	1004
16	1005
16	1006
16	1007
16	1008
16	1009
16	1010
16	1011
16	1012
16	1013
16	1014
16	1015
16	1016
16	1017
16	1018
16	1019
16	1020
16	1021
16	1022
16	1023
16	1024
16	1025
16	1026
16	1027
16	1028
16	1029
16	1030
16	1031
16	1032
16	1033
16	1034
16	1035
16	1036
16	1037
16	1038
16	1039
16	1040
16	1041
16	1042
16	1043
16	1044
16	1045
16	1046
16	1047
16	1048
16	1049
16	1050
16	1051
16	1052
16	1053
16	1054
16	1055
16	1056
16	1057
16	1058
16	1059
16	1060
16	1061
16	1062
16	1063
16	1064
16	1065
16	1066
16	1067
16	1068
16	1069
16	1070
16	1071
16	1072
16	1073
16	1074
16	1075
16	1076
16	1077
16	1078
16	1079
16	1080
16	1081
16	1082
16	1083
16	1084
16	1085
16	1086
16	1087
16	1088
16	1089
16	1090
16	1091
16	1092
16	1093
16	1094
16	1095
16	1096
16	1097
16	1098
16	1099
16	1100
16	1101
16	1102
16	1103
16	1104
16	1105
16	1106
16	1107
16	1108
16	1109
16	1110
16	1111
16	1112
16	1113
16	1114
16	1115
16	1116
16	1117
16	1118
16	1119
16	1120
16	1121
16	1122
16	1123
16	1124
16	1125
16	1126
16	1127
16	1128
16	1129
16	1130
16	1131
16	1132
16	1133
16	1134
16	1135
16	1136
16	1137
16	1138
16	1139
16	1140
16	1141
16	1142
16	1143
16	1144
16	1145
16	1146
16	1147
16	1148
16	1149
16	1150
16	1151
16	1152
16	1153
16	1154
16	1155
16	1156
16	1157
16	1158
16	1159
16	1160
16	1161
16	1162
16	1163
16	1164
16	1165
16	1166
16	1167
16	1168
16	1169
16	1170
16	1171
16	1172
16	1173
16	1174
16	1175
16	1176
16	1177
16	1178
16	1179
16	1180
16	1181
16	1182
16	1183
16	1184
16	1185
16	1186
16	1187
16	1188
16	1189
16	1190
16	1191
16	1192
16	1193
16	1194
16	1195
16	1196
16	1197
16	1198
16	1199
16	1200
16	1201
16	1202
16	1203
16	1204
16	1205
16	1206
16	1207
16	1208
16	1209
16	1210
16	1211
16	1212
16	1213
16	1214
16	1215
16	1216
16	1217
16	1218
16	1219
16	1220
16	1221
16	1222
16	1223
16	1224
16	1225
16	1226
16	1227
16	1228
16	1229
16	1230
16	1231
16	1232
16	1233
16	1234
16	1235
16	1236
16	1237
16	1238
16	1239
16	1240
16	1241
16	1242
16	1243
16	1244
16	1245
16	1246
16	1247
16	1248
16	1249
16	1250
16	1251
16	1252
16	1253
16	1254
16	1255
16	1256
16	1257
16	1258
16	1259
16	1260
16	1261
16	1262
16	1263
16	1264
16	1265
16	1266
16	1267
16	1268
16	1269
16	1270
16	1271
16	1272
16	1273
16	1274
16	1275
16	1276
16	1277
16	1278
16	1279
16	1280
16	1281
16	1282
16	1283
16	1284
16	1285
16	1286
16	1287
16	1288
16	1289
16	1290
16	1291
16	1292
16	1293
16	1294
16	1295
16	1296
16	1297
16	1298
16	1299
16	1300
16	1301
16	1302
16	1303
16	1304
16	1305
16	1306
16	1307
16	1308
16	1309
16	1310
16	1311
16	1312
16	1313
16	1314
16	1315
16	1316
16	1317
16	1318
16	1319
16	1320
16	1321
16	1322
16	1323
16	1324
16	1325
16	1326
16	1327
16	1328
16	1329
16	1330
16	1331
16	1332
16	1333
16	1334
16	1335
16	1336
16	1337
16	1338
16	1339
16	1340
16	1341
16	1342
16	1343
16	1344
16	1345
16	1346
16	1347
16	1348
16	1349
16	1350
16	1351
16	1352
16	1353
16	1354
16	1355
16	1356
16	1357
16	1358
16	1359
16	1360
16	1361
16	1362
16	1363
16	1364
16	1365
16	1366
16	1367
16	1368
16	1369
16	1370
16	1371
16	1372
16	1373
16	1374
16	1375
16	1376
16	1377
16	1378
16	1379
16	1380
16	1381
16	1382
16	1383
16	1384
16	1385
16	1386
16	1387
16	1388
16	1389
16	1390
16	1391
16	1392
16	1393
16	1394
16	1395
16	1396
16	1397
16	1398
16	1399
16	1400
16	1401
16	1402
16	1403
16	1404
16	1405
16	1406
16	1407
16	1408
16	1409
16	1410
16	1411
16	1412
16	1413
16	1414
16	1415
16	1416
16	1417
16	1418
16	1419
16	1420
16	1421
16	1422
16	1423
16	1424
16	1425
16	1426
16	1427
16	1428
16	1429
16	1430
16	1431
16	1432
16	1433
16	1434
16	1435
16	1436
16	1437
16	1438
16	1439
16	1440
16	1441
16	1442
16	1443
16	1444
16	1445
16	1446
16	1447
16	1448
16	1449
16	1450
16	1451
16	1452
16	1453
16	1454
16	1455
16	1456
16	1457
16	1458
16	1459
16	1460
16	1461
16	1462
16	1463
16	1464
16	1465
16	1466
16	1467
16	1468
16	1469
16	1470
16	1471
16	1472
16	1473
16	1474
16	1475
16	1476
16	1477
16	1478
16	1479
16	1480
16	1481
16	1482
16	1483
16	1484
16	1485
16	1486
16	1487
16	1488
16	1489
16	1490
16	1491
16	1492
16	1493
16	1494
16	1495
16	1496
16	1497
16	1498
16	1499
16	1500
16	1501
16	1502
16	1503
16	1504
16	1505
16	1506
16	1507
16	1508
16	1509
16	1510
16	1511
16	1512
16	1513
16	1514
16	1515
16	1516
16	1517
16	1518
16	1519
16	1520
16	1521
16	1522
16	1523
16	1524
16	1525
16	1526
16	1527
16	1528
16	1529
16	1530
16	1531
16	1532
16	1533
16	1534
16	1535
16	1536
16	1537
16	1538
16	1539
16	1540
16	1541
16	1542
16	1543
16	1544
16	1545
16	1546
16	1547
16	1548
16	1549
16	1550
16	1551
16	1552
16	1553
16	1554
16	1555
16	1556
16	1557
16	1558
16	1559
16	1560
16	1561
16	1562
16	1563
16	1564
16	1565
16	1566
16	1567
16	1568
16	1569
16	1570
16	1571
16	1572
16	1573
16	1574
16	1575
16	1576
16	1577
16	1578
16	1579
16	1580
16	1581
16	1582
16	1583
16	1584
16	1585
16	1586
16	1587
16	1588
16	1589
16	1590
16	1591
16	1592
16	1593
16	1594
16	1595
16	1596
16	1597
16	1598
16	1599
16	1600
16	1601
16	1602
16	1603
16	1604
16	1605
16	1606
16	1607
16	1608
16	1609
16	1610
16	1611
16	1612
16	1613
16	1614
16	1615
16	1616
16	1617
16	1618
16	1619
16	1620
16	1621
16	1622
16	1623
16	1624
16	1625
16	1626
16	1627
16	1628
16	1629
16	1630
16	1631
16	1632
16	1633
16	1634
16	1635
16	1636
16	1637
16	1638
16	1639
16	1640
16	1641
16	1642
16	1643
16	1644
16	1645
16	1646
16	1647
16	1648
16	1649
16	1650
16	1651
16	1652
16	1653
16	1654
16	1655
16	1656
16	1657
16	1658
16	1659
16	1660
16	1661
16	1662
16	1663
16	1664
16	1665
16	1666
16	1667
16	1668
16	1669
16	1670
16	1671
16	1672
16	1673
16	1674
16	1675
16	1676
16	1677
16	1678
16	1679
16	1680
16	1681
16	1682
16	1683
16	1684
16	1685
16	1686
16	1687
16	1688
16	1689
16	1690
16	1691
16	1692
16	1693
16	1694
16	1695
16	1696
16	1697
16	1698
16	1699
16	1700
16	1701
16	1702
16	1703
16	1704
16	1705
16	1706
16	1707
16	1708
16	1709
16	1710
16	1711
16	1712
16	1713
16	1714
16	1715
16	1716
16	1717
16	1718
16	1719
16	1720
16	1721
16	1722
16	1723
16	1724
16	1725
16	1726
16	1727
16	1728
16	1729
16	1730
16	1731
16	1732
16	1733
16	1734
16	1735
16	1736
16	1737
16	1738
16	1739
16	1740
16	1741
16	1742
16	1743
16	1744
16	1745
16	1746
16	1747
16	1748
16	1749
16	1750
16	1751
16	1752
16	1753
16	1754
16	1755
16	1756
16	1757
16	1758
16	1759
16	1760
16	1761
16	1762
16	1763
16	1764
16	1765
16	1766
16	1767
16	1768
16	1769
16	1770
16	1771
16	1772
16	1773
16	1774
16	1775
16	1776
16	1777
16	1778
16	1779
16	1780
16	1781
16	1782
16	1783
16	1784
16	1785
16	1786
16	1787
16	1788
16	1789
16	1790
16	1791
16	1792
16	1793
16	1794
16	1795
16	1796
16	1797
16	1798
16	1799
16	1800
16	1801
16	1802
16	1803
16	1804
16	1805
16	1806
16	1807
16	1808
16	1809
16	1810
16	1811
16	1812
16	1813
16	1814
16	1815
16	1816
16	1817
16	1818
16	1819
16	1820
16	1821
16	1822
16	1823
16	1824
16	1825
16	1826
16	1827
16	1828
16	1829
16	1830
16	1831
16	1832
16	1833
16	1834
16	1835
16	1836
16	1837
16	1838
16	1839
16	1840
16	1841
16	1842
16	1843
16	1844
16	1845
16	1846
16	1847
16	1848
16	1849
16	1850
16	1851
16	1852
16	1853
16	1854
16	1855
16	1856
16	1857
16	1858
16	1859
16	1860
16	1861
16	1862
16	1863
16	1864
16	1865
16	1866
16	1867
16	1868
16	1869
16	1870
16	1871
16	1872
16	1873
16	1874
16	1875
16	1876
16	1877
16	1878
16	1879
16	1880
16	1881
16	1882
16	1883
16	1884
16	1885
16	1886
16	1887
16	1888
16	1889
16	1890
16	1891
16	1892
16	1893
16	1894
16	1895
16	1896
16	1897
16	1898
16	1899
16	1900
16	1901
16	1902
16	1903
16	1904
16	1905
16	1906
16	1907
16	1908
16	1909
16	1910
16	1911
16	1912
16	1913
16	1914
16	1915
16	1916
16	1917
16	1918
16	1919
16	1920
16	1921
16	1922
16	1923
16	1924
16	1925
16	1926
16	1927
16	1928
16	1929
16	1930
16	1931
16	1932
16	1933
16	1934
16	1935
16	1936
16	1937
16	1938
16	1939
16	1940
16	1941
16	1942
16	1943
16	1944
16	1945
16	1946
16	1947
16	1948
16	1949
16	1950
16	1951
16	1952
16	1953
16	1954
16	1955
16	1956
16	1957
16	1958
16	1959
16	1960
16	1961
16	1962
16	1963
16	1964
16	1965
16	1966
16	1967
16	1968
16	1969
16	1970
16	1971
16	1972
16	1973
16	1974
16	1975
16	1976
16	1977
16	1978
16	1979
16	1980
16	1981
16	1982
16	1983
16	1984
16	1985
16	1986
16	1987
16	1988
16	1989
16	1990
16	1991
16	1992
16	1993
16	1994
16	1995
16	1996
16	1997
16	1998
16	1999
16	2000
16	2001
16	2002
16	2003
16	2004
16	2005
16	2006
16	2007
16	2008
16	2009
16	2010
16	2011
16	2012
16	2013
16	2014
16	2015
16	2016
16	2017
16	2018
16	2019
16	2020
16	2021
16	2022
16	2023
16	2024
16	2025
16	2026
16	2027
16	2028
16	2029
16	2030
16	2031
16	2032
16	2033
16	2034
16	2035
16	2036
16	2037
16	2038
16	2039
16	2040
16	2041
16	2042
16	2043
16	2044
16	2045
16	2046
16	2047
16	2048
16	2049
16	2050
16	2051
16	2052
16	2053
16	2054
16	2055
16	2056
16	2057
16	2058
16	2059
16	2060
16	2061
16	2062
16	2063
16	2064
16	2065
16	2066
16	2067
16	2068
16	2069
16	2070
16	2071
16	2072
16	2073
16	2074
16	2075
16	2076
16	2077
16	2078
16	2079
16	2080
16	2081
16	2082
16	2083
16	2084
16	2085
16	2086
16	2087
16	2088
16	2089
16	2090
16	2091
16	2092
16	2093
16	2094
16	2095
16	2096
16	2097
16	2098
16	2099
16	2100
16	2101
16	2102
16	2103
16	2104
16	2105
16	2106
16	2107
16	2108
16	2109
16	2110
16	2111
16	2112
16	2113
16	2114
16	2115
16	2116
16	2117
16	2118
16	2119
16	2120
16	2121
16	2122
16	2123
16	2124
16	2125
16	2126
16	2127
16	2128
16	2129
16	2130
16	2131
16	2132
16	2133
16	2134
16	2135
16	2136
16	2137
16	2138
16	2139
16	2140
16	2141
16	2142
16	2143
16	2144
16	2145
16	2146
16	2147
16	2148
16	2149
16	2150
16	2151
16	2152
16	2153
16	2154
16	2155
16	2156
16	2157
16	2158
16	2159
16	2160
16	2161
16	2162
16	2163
16	2164
16	2165
16	2166
16	2167
16	2168
16	2169
16	2170
16	2171
16	2172
16	2173
16	2174
16	2175
16	2176
16	2177
16	2178
16	2179
16	2180
16	2181
16	2182
16	2183
16	2184
16	2185
16	2186
16	2187
16	2188
16	2189
16	2190
16	2191
16	2192
16	2193
16	2194
16	2195
16	2196
16	2197
16	2198
16	2199
16	2200
16	2201
16	2202
16	2203
16	2204
16	2205
16	2206
16	2207
16	2208
16	2209
16	2210
16	2211
16	2212
16	2213
16	2214
16	2215
16	2216
16	2217
16	2218
16	2219
16	2220
16	2221
16	2222
16	2223
16	2224
16	2225
16	2226
16	2227
16	2228
16	2229
16	2230
16	2231
16	2232
16	2233
16	2234
16	2235
16	2236
16	2237
16	2238
16	2239
16	2240
16	2241
16	2242
16	2243
16	2244
16	2245
16	2246
16	2247
16	2248
16	2249
16	2250
16	2251
16	2252
16	2253
16	2254
16	2255
16	2256
16	2257
16	2258
16	2259
16	2260
16	2261
16	2262
16	2263
16	2264
16	2265
16	2266
16	2267
16	2268
16	2269
16	2270
16	2271
16	2272
16	2273
16	2274
16	2275
16	2276
16	2277
16	2278
16	2279
16	2280
16	2281
16	2282
16	2283
16	2284
16	2285
16	2286
16	2287
16	2288
16	2289
16	2290
16	2291
16	2292
16	2293
16	2294
16	2295
16	2296
16	2297
16	2298
16	2299
16	2300
16	2301
16	2302
16	2303
16	2304
16	2305
16	2306
16	2307
16	2308
16	2309
16	2310
16	2311
16	2312
16	2313
16	2314
16	2315
16	2316
16	2317
16	2318
16	2319
16	2320
16	2321
16	2322
16	2323
16	2324
16	2325
16	2326
16	2327
16	2328
16	2329
16	2330
16	2331
16	2332
16	2333
16	2334
16	2335
16	2336
16	2337
16	2338
16	2339
16	2340
16	2341
16	2342
16	2343
16	2344
16	2345
16	2346
16	2347
16	2348
16	2349
16	2350
16	2351
16	2352
16	2353
16	2354
16	2355
16	2356
16	2357
16	2358
16	2359
16	2360
16	2361
16	2362
16	2363
16	2364
16	2365
16	2366
16	2367
16	2368
16	2369
16	2370
16	2371
16	2372
16	2373
16	2374
16	2375
16	2376
16	2377
16	2378
16	2379
16	2380
16	2381
16	2382
16	2383
16	2384
16	2385
16	2386
16	2387
16	2388
16	2389
16	2390
16	2391
16	2392
16	2393
16	2394
16	2395
16	2396
16	2397
16	2398
16	2399
16	2400
16	2401
16	2402
16	2403
16	2404
16	2405
16	2406
16	2407
16	2408
16	2409
16	2410
16	2411
16	2412
16	2413
16	2414
16	2415
16	2416
16	2417
16	2418
16	2419
16	2420
16	2421
16	2422
16	2423
16	2424
16	2425
16	2426
16	2427
16	2428
16	2429
16	2430
16	2431
16	2432
16	2433
16	2434
16	2435
16	2436
16	2437
16	2438
16	2439
16	2440
16	2441
16	2442
16	2443
16	2444
16	2445
16	2446
16	2447
16	2448
16	2449
16	2450
16	2451
16	2452
16	2453
16	2454
16	2455
16	2456
16	2457
16	2458
16	2459
16	2460
16	2461
16	2462
16	2463
16	2464
16	2465
16	2466
16	2467
16	2468
16	2469
16	2470
16	2471
16	2472
16	2473
16	2474
16	2475
16	2476
16	2477
16	2478
16	2479
16	2480
16	2481
16	2482
16	2483
16	2484
16	2485
16	2486
16	2487
16	2488
16	2489
16	2490
16	2491
16	2492
16	2493
16	2494
16	2495
16	2496
16	2497
16	2498
16	2499
16	2500
16	2501
16	2502
16	2503
16	2504
16	2505
16	2506
16	2507
16	2508
16	2509
16	2510
16	2511
16	2512
16	2513
16	2514
16	2515
16	2516
16	2517
16	2518
16	2519
16	2520
16	2521
16	2522
16	2523
16	2524
16	2525
16	2526
16	2527
16	2528
16	2529
16	2530
16	2531
16	2532
16	2533
16	2534
16	2535
16	2536
16	2537
16	2538
16	2539
16	2540
16	2541
16	2542
16	2543
16	2544
16	2545
16	2546
16	2547
16	2548
16	2549
16	2550
16	2551
16	2552
16	2553
16	2554
16	2555
16	2556
16	2557
16	2558
16	2559
16	2560
16	2561
16	2562
16	2563
16	2564
16	2565
16	2566
16	2567
16	2568
16	2569
16	2570
16	2571
16	2572
16	2573
16	2574
16	2575
16	2576
16	2577
16	2578
16	2579
16	2580
16	2581
16	2582
16	2583
16	2584
16	2585
16	2586
16	2587
16	2588
16	2589
16	2590
16	2591
16	2592
16	2593
16	2594
16	2595
16	2596
16	2597
16	2598
16	2599
16	2600
16	2601
16	2602
16	2603
16	2604
16	2605
16	2606
16	2607
16	2608
16	2609
16	2610
16	2611
16	2612
16	2613
16	2614
16	2615
16	2616
16	2617
16	2618
16	2619
16	2620
16	2621
16	2622
16	2623
16	2624
16	2625
16	2626
16	2627
16	2628
16	2629
16	2630
16	2631
16	2632
16	2633
16	2634
16	2635
16	2636
16	2637
16	2638
16	2639
16	2640
16	2641
16	2642
16	2643
16	2644
16	2645
16	2646
16	2647
16	2648
16	2649
16	2650
16	2651
16	2652
16	2653
16	2654
16	2655
16	2656
16	2657
16	2658
16	2659
16	2660
16	2661
16	2662
16	2663
16	2664
16	2665
16	2666
16	2667
16	2668
16	2669
16	2670
16	2671
16	2672
16	2673
16	2674
16	2675
16	2676
16	2677
16	2678
16	2679
16	2680
16	2681
16	2682
16	2683
16	2684
16	2685
16	2686
16	2687
16	2688
16	2689
16	2690
16	2691
16	2692
16	2693
16	2694
16	2695
16	2696
16	2697
16	2698
16	2699
16	2700
16	2701
16	2702
16	2703
16	2704
16	2705
16	2706
16	2707
16	2708
16	2709
16	2710
16	2711
16	2712
16	2713
16	2714
16	2715
16	2716
16	2717
16	2718
16	2719
16	2720
16	2721
16	2722
16	2723
16	2724
16	2725
16	2726
16	2727
16	2728
16	2729
16	2730
16	2731
16	2732
16	2733
16	2734
16	2735
16	2736
16	2737
16	2738
16	2739
16	2740
16	2741
16	2742
16	2743
16	2744
16	2745
16	2746
16	2747
16	2748
16	2749
16	2750
16	2751
16	2752
16	2753
16	2754
16	2755
16	2756
16	2757
16	2758
16	2759
16	2760
16	2761
16	2762
16	2763
16	2764
16	2765
16	2766
16	2767
16	2768
16	2769
16	2770
16	2771
16	2772
16	2773
16	2774
16	2775
16	2776
16	2777
16	2778
16	2779
16	2780
16	2781
16	2782
16	2783
16	2784
16	2785
16	2786
16	2787
16	2788
16	2789
16	2790
16	2791
16	2792
16	2793
16	2794
16	2795
16	2796
16	2797
16	2798
16	2799
16	2800
16	2801
16	2802
16	2803
16	2804
16	2805
16	2806
16	2807
16	2808
16	2809
16	2810
16	2811
16	2812
16	2813
16	2814
16	2815
16	2816
16	2817
16	2818
16	2819
16	2820
16	2821
16	2822
16	2823
16	2824
16	2825
16	2826
16	2827
16	2828
16	2829
16	2830
16	2831
16	2832
16	2833
16	2834
16	2835
16	2836
16	2837
16	2838
16	2839
16	2840
16	2841
16	2842
16	2843
16	2844
16	2845
16	2846
16	2847
16	2848
16	2849
16	2850
16	2851
16	2852
16	2853
16	2854
16	2855
16	2856
16	2857
16	2858
16	2859
16	2860
16	2861
16	2862
16	2863
16	2864
16	2865
16	2866
16	2867
16	2868
16	2869
16	2870
16	2871
16	2872
16	2873
16	2874
16	2875
16	2876
16	2877
16	2878
16	2879
16	2880
16	2881
16	2882
16	2883
16	2884
16	2885
16	2886
16	2887
16	2888
16	2889
16	2890
16	2891
16	2892
16	2893
16	2894
16	2895
16	2896
16	2897
16	2898
16	2899
16	2900
16	2901
16	2902
16	2903
16	2904
16	2905
16	2906
16	2907
16	2908
16	2909
16	2910
16	2911
16	2912
16	2913
16	2914
16	2915
16	2916
16	2917
16	2918
16	2919
16	2920
16	2921
16	2922
16	2923
16	2924
16	2925
16	2926
16	2927
16	2928
16	2929
16	2930
16	2931
16	2932
16	2933
16	2934
16	2935
16	2936
16	2937
16	2938
16	2939
16	2940
16	2941
16	2942
16	2943
16	2944
16	2945
16	2946
16	2947
16	2948
16	2949
16	2950
16	2951
16	2952
16	2953
16	2954
16	2955
16	2956
16	2957
16	2958
16	2959
16	2960
16	2961
16	2962
16	2963
16	2964
16	2965
16	2966
16	2967
16	2968
16	2969
16	2970
16	2971
16	2972
16	2973
16	2974
16	2975
16	2976
16	2977
16	2978
16	2979
16	2980
16	2981
16	2982
16	2983
16	2984
16	2985
16	2986
16	2987
16	2988
16	2989
16	2990
16	2991
16	2992
16	2993
16	2994
16	2995
16	2996
16	2997
16	2998
16	2999
16	3000
16	3001
16	3002
16	3003
16	3004
16	3005
16	3006
16	3007
16	3008
16	3009
16	3010
16	3011
16	3012
16	3013
16	3014
16	3015
16	3016
16	3017
16	3018
16	3019
16	3020
16	3021
16	3022
16	3023
16	3024
16	3025
16	3026
16	3027
16	3028
16	3029
16	3030
16	3031
16	3032
16	3033
16	3034
16	3035
16	3036
16	3037
16	3038
16	3039
16	3040
16	3041
16	3042
16	3043
16	3044
16	3045
16	3046
16	3047
16	3048
16	3049
16	3050
16	3051
16	3052
16	3053
16	3054
16	3055
16	3056
16	3057
16	3058
16	3059
16	3060
16	3061
16	3062
16	3063
16	3064
16	3065
16	3066
16	3067
16	3068
16	3069
16	3070
16	3071
16	3072
16	3073
16	3074
16	3075
16	3076
16	3077
16	3078
16	3079
16	3080
16	3081
16	3082
16	3083
16	3084
16	3085
16	3086
16	3087
16	3088
16	3089
16	3090
16	3091
16	3092
16	3093
16	3094
16	3095
16	3096
16	3097
16	3098
16	3099
16	3100
16	3101
16	3102
16	3103
16	3104
16	3105
16	3106
16	3107
16	3108
16	3109
16	3110
16	3111
16	3112
16	3113
16	3114
16	3115
16	3116
16	3117
16	3118
16	3119
16	3120
16	3121
16	3122
16	3123
16	3124
16	3125
16	3126
16	3127
16	3128
16	3129
16	3130
16	3131
16	3132
16	3133
16	3134
16	3135
16	3136
16	3137
16	3138
16	3139
16	3140
16	3141
16	3142
16	3143
16	3144
16	3145
16	3146
16	3147
16	3148
16	3149
16	3150
16	3151
16	3152
16	3153
16	3154
16	3155
16	3156
16	3157
16	3158
16	3159
16	3160
16	3161
16	3162
16	3163
16	3164
16	3165
16	3166
16	3167
16	3168
16	3169
16	3170
16	3171
16	3172
16	3173
16	3174
16	3175
16	3176
16	3177
16	3178
16	3179
16	3180
16	3181
16	3182
16	3183
16	3184
16	3185
16	3186
16	3187
16	3188
16	3189
16	3190
16	3191
16	3192
16	3193
16	3194
16	3195
16	3196
16	3197
16	3198
16	3199
16	3200
16	3201
16	3202
16	3203
16	3204
16	3205
16	3206
16	3207
16	3208
16	3209
16	3210
16	3211
16	3212
16	3213
16	3214
16	3215
16	3216
16	3217
16	3218
16	3219
16	3220
16	3221
16	3222
16	3223
16	3224
16	3225
16	3226
16	3227
16	3228
16	3229
16	3230
16	3231
16	3232
16	3233
16	3234
16	3235
16	3236
16	3237
16	3238
16	3239
16	3240
16	3241
16	3242
16	3243
16	3244
16	3245
16	3246
16	3247
16	3248
16	3249
16	3250
16	3251
16	3252
16	3253
16	3254
16	3255
16	3256
16	3257
16	3258
16	3259
16	3260
16	3261
16	3262
16	3263
16	3264
16	3265
16	3266
16	3267
16	3268
16	3269
16	3270
16	3271
16	3272
16	3273
16	3274
16	3275
16	3276
16	3277
16	3278
16	3279
16	3280
16	3281
16	3282
16	3283
16	3284
16	3285
16	3286
16	3287
16	3288
16	3289
16	3290
16	3291
16	3292
16	3293
16	3294
16	3295
16	3296
16	3297
16	3298
16	3299
16	3300
16	3301
16	3302
16	3303
16	3304
16	3305
16	3306
16	3307
16	3308
16	3309
16	3310
16	3311
16	3312
16	3313
16	3314
16	3315
16	3316
16	3317
16	3318
16	3319
16	3320
16	3321
16	3322
16	3323
16	3324
16	3325
16	3326
16	3327
16	3328
16	3329
16	3330
16	3331
16	3332
16	3333
16	3334
16	3335
16	3336
16	3337
16	3338
16	3339
16	3340
16	3341
16	3342
16	3343
16	3344
16	3345
16	3346
16	3347
16	3348
16	3349
16	3350
16	3351
16	3352
16	3353
16	3354
16	3355
16	3356
16	3357
16	3358
16	3359
16	3360
16	3361
16	3362
16	3363
16	3364
16	3365
16	3366
16	3367
16	3368
16	3369
16	3370
16	3371
16	3372
16	3373
16	3374
16	3375
16	3376
16	3377
16	3378
16	3379
16	3380
16	3381
16	3382
16	3383
16	3384
16	3385
16	3386
16	3387
16	3388
16	3389
16	3390
16	3391
16	3392
16	3393
16	3394
16	3395
16	3396
16	3397
16	3398
16	3399
16	3400
16	3401
16	3402
16	3403
16	3404
16	3405
16	3406
16	3407
16	3408
16	3409
16	3410
16	3411
16	3412
16	3413
16	3414
16	3415
16	3416
16	3417
16	3418
16	3419
16	3420
16	3421
16	3422
16	3423
16	3424
16	3425
16	3426
16	3427
16	3428
16	3429
16	3430
16	3431
16	3432
16	3433
16	3434
16	3435
16	3436
16	3437
16	3438
16	3439
16	3440
16	3441
16	3442
16	3443
16	3444
16	3445
16	3446
16	3447
16	3448
16	3449
16	3450
16	3451
16	3452
16	3453
16	3454
16	3455
16	3456
16	3457
16	3458
16	3459
16	3460
16	3461
16	3462
16	3463
16	3464
16	3465
16	3466
16	3467
16	3468
16	3469
16	3470
16	3471
16	3472
16	3473
16	3474
16	3475
16	3476
16	3477
16	3478
16	3479
16	3480
16	3481
16	3482
16	3483
16	3484
16	3485
16	3486
16	3487
16	3488
16	3489
16	3490
16	3491
16	3492
16	3493
16	3494
16	3495
16	3496
16	3497
16	3498
16	3499
16	3500
16	3501
16	3502
16	3503
16	3504
16	3505
16	3506
16	3507
16	3508
16	3509
16	3510
16	3511
16	3512
16	3513
16	3514
16	3515
16	3516
16	3517
16	3518
16	3519
16	3520
16	3521
16	3522
16	3523
16	3524
16	3525
16	3526
16	3527
16	3528
16	3529
16	3530
16	3531
16	3532
16	3533
16	3534
16	3535
16	3536
16	3537
16	3538
16	3539
16	3540
16	3541
16	3542
16	3543
16	3544
16	3545
16	3546
16	3547
16	3548
16	3549
16	3550
16	3551
16	3552
16	3553
16	3554
16	3555
16	3556
16	3557
16	3558
16	3559
16	3560
16	3561
16	3562
16	3563
16	3564
16	3565
16	3566
16	3567
16	3568
16	3569
16	3570
16	3571
16	3572
16	3573
16	3574
16	3575
16	3576
16	3577
16	3578
16	3579
16	3580
16	3581
16	3582
16	3583
16	3584
16	3585
16	3586
16	3587
16	3588
16	3589
16	3590
16	3591
16	3592
16	3593
16	3594
16	3595
16	3596
16	3597
16	3598
16	3599
16	3600
16	3601
16	3602
16	3603
16	3604
16	3605
16	3606
16	3607
16	3608
16	3609
16	3610
16	3611
16	3612
16	3613
16	3614
16	3615
16	3616
16	3617
16	3618
16	3619
16	3620
16	3621
16	3622
16	3623
16	3624
16	3625
16	3626
16	3627
16	3628
16	3629
16	3630
16	3631
16	3632
16	3633
16	3634
16	3635
16	3636
16	3637
16	3638
16	3639
16	3640
16	3641
16	3642
16	3643
16	3644
16	3645
16	3646
16	3647
16	3648
16	3649
16	3650
16	3651
16	3652
16	3653
16	3654
16	3655
16	3656
16	3657
16	3658
16	3659
16	3660
16	3661
16	3662
16	3663
16	3664
16	3665
16	3666
16	3667
16	3668
16	3669
16	3670
16	3671
16	3672
16	3673
16	3674
16	3675
16	3676
16	3677
16	3678
16	3679
16	3680
16	3681
16	3682
16	3683
16	3684
16	3685
16	3686
16	3687
16	3688
16	3689
16	3690
16	3691
16	3692
16	3693
16	3694
16	3695
16	3696
16	3697
16	3698
16	3699
16	3700
16	3701
16	3702
16	3703
16	3704
16	3705
16	3706
16	3707
16	3708
16	3709
16	3710
16	3711
16	3712
16	3713
16	3714
16	3715
16	3716
16	3717
16	3718
16	3719
16	3720
16	3721
16	3722
16	3723
16	3724
16	3725
16	3726
16	3727
16	3728
16	3729
16	3730
16	3731
16	3732
16	3733
16	3734
16	3735
16	3736
16	3737
16	3738
16	3739
16	3740
16	3741
16	3742
16	3743
16	3744
16	3745
16	3746
16	3747
16	3748
16	3749
16	3750
16	3751
16	3752
16	3753
16	3754
16	3755
16	3756
16	3757
16	3758
16	3759
16	3760
16	3761
16	3762
16	3763
16	3764
16	3765
16	3766
16	3767
16	3768
16	3769
16	3770
16	3771
16	3772
16	3773
16	3774
16	3775
16	3776
16	3777
16	3778
16	3779
16	3780
16	3781
16	3782
16	3783
16	3784
16	3785
16	3786
16	3787
16	3788
16	3789
16	3790
16	3791
16	3792
16	3793
16	3794
16	3795
16	3796
16	3797
16	3798
16	3799
16	3800
16	3801
16	3802
16	3803
16	3804
16	3805
16	3806
16	3807
16	3808
16	3809
16	3810
16	3811
16	3812
16	3813
16	3814
16	3815
16	3816
16	3817
16	3818
16	3819
16	3820
16	3821
16	3822
16	3823
16	3824
16	3825
16	3826
16	3827
16	3828
16	3829
16	3830
16	3831
16	3832
16	3833
16	3834
16	3835
16	3836
16	3837
16	3838
16	3839
16	3840
16	3841
16	3842
16	3843
16	3844
16	3845
16	3846
16	3847
16	3848
16	3849
16	3850
16	3851
16	3852
16	3853
16	3854
16	3855
16	3856
16	3857
16	3858
16	3859
16	3860
16	3861
16	3862
16	3863
16	3864
16	3865
16	3866
16	3867
16	3868
16	3869
16	3870
16	3871
16	3872
16	3873
16	3874
16	3875
16	3876
16	3877
16	3878
16	3879
16	3880
16	3881
16	3882
16	3883
16	3884
16	3885
16	3886
16	3887
16	3888
16	3889
16	3890
16	3891
16	3892
16	3893
16	3894
16	3895
16	3896
16	3897
16	3898
16	3899
16	3900
16	3901
16	3902
16	3903
16	3904
16	3905
16	3906
16	3907
16	3908
16	3909
16	3910
16	3911
16	3912
16	3913
16	3914
16	3915
16	3916
16	3917
16	3918
16	3919
16	3920
16	3921
16	3922
16	3923
16	3924
16	3925
16	3926
16	3927
16	3928
16	3929
16	3930
16	3931
16	3932
16	3933
16	3934
16	3935
16	3936
16	3937
16	3938
16	3939
16	3940
16	3941
16	3942
16	3943
16	3944
16	3945
16	3946
16	3947
16	3948
16	3949
16	3950
16	3951
16	3952
16	3953
16	3954
16	3955
16	3956
16	3957
16	3958
16	3959
16	3960
16	3961
16	3962
16	3963
16	3964
16	3965
16	3966
16	3967
16	3968
16	3969
16	3970
16	3971
16	3972
16	3973
16	3974
16	3975
16	3976
16	3977
16	3978
16	3979
16	3980
16	3981
16	3982
16	3983
16	3984
16	3985
16	3986
16	3987
16	3988
16	3989
16	3990
16	3991
16	3992
16	3993
16	3994
16	3995
16	3996
16	3997
16	3998
16	3999
16	4000
16	4001
16	4002
16	4003
16	4004
16	4005
16	4006
16	4007
16	4008
16	4009
16	4010
16	4011
16	4012
16	4013
16	4014
16	4015
16	4016
16	4017
16	4018
16	4019
16	4020
16	4021
16	4022
16	4023
16	4024
16	4025
16	4026
16	4027
16	4028
16	4029
16	4030
16	4031
16	4032
16	4033
16	4034
16	4035
16	4036
16	4037
16	4038
16	4039
16	4040
16	4041
16	4042
16	4043
16	4044
16	4045
16	4046
16	4047
16	4048
16	4049
16	4050
16	4051
16	4052
16	4053
16	4054
16	4055
16	4056
16	4057
16	4058
16	4059
16	4060
16	4061
16	4062
16	4063
16	4064
16	4065
16	4066
16	4067
16	4068
16	4069
16	4070
16	4071
16	4072
16	4073
16	4074
16	4075
16	4076
16	4077
16	4078
16	4079
16	4080
16	4081
16	4082
16	4083
16	4084
16	4085
16	4086
16	4087
16	4088
16	4089
16	4090
16	4091
16	4092
16	4093
16	4094
16	4095
16	4096
16	4097
16	4098
16	4099
16	4100
16	4101
16	4102
16	4103
16	4104
16	4105
16	4106
16	4107
16	4108
16	4109
16	4110
16	4111
16	4112
16	4113
16	4114
16	4115
16	4116
16	4117
16	4118
16	4119
16	4120
16	4121
16	4122
16	4123
16	4124
16	4125
16	4126
16	4127
16	4128
16	4129
16	4130
16	4131
16	4132
16	4133
16	4134
16	4135
16	4136
16	4137
16	4138
16	4139
16	4140
16	4141
16	4142
16	4143
16	4144
16	4145
16	4146
16	4147
16	4148
16	4149
16	4150
16	4151
16	4152
16	4153
16	4154
16	4155
16	4156
16	4157
16	4158
16	4159
16	4160
16	4161
16	4162
16	4163
16	4164
16	4165
16	4166
16	4167
16	4168
16	4169
16	4170
16	4171
16	4172
16	4173
16	4174
16	4175
16	4176
16	4177
16	4178
16	4179
16	4180
16	4181
16	4182
16	4183
16	4184
16	4185
16	4186
16	4187
16	4188
16	4189
16	4190
16	4191
16	4192
16	4193
16	4194
16	4195
16	4196
16	4197
16	4198
16	4199
16	4200
16	4201
16	4202
16	4203
16	4204
16	4205
16	4206
16	4207
16	4208
16	4209
16	4210
16	4211
16	4212
16	4213
16	4214
16	4215
16	4216
16	4217
16	4218
16	4219
16	4220
16	4221
16	4222
16	4223
16	4224
16	4225
16	4226
16	4227
16	4228
16	4229
16	4230
16	4231
16	4232
16	4233
16	4234
16	4235
16	4236
16	4237
16	4238
16	4239
16	4240
16	4241
16	4242
16	4243
16	4244
16	4245
16	4246
16	4247
16	4248
16	4249
16	4250
16	4251
16	4252
16	4253
16	4254
16	4255
16	4256
16	4257
16	4258
16	4259
16	4260
16	4261
16	4262
16	4263
16	4264
16	4265
16	4266
16	4267
16	4268
16	4269
16	4270
16	4271
16	4272
16	4273
16	4274
16	4275
16	4276
16	4277
16	4278
16	4279
16	4280
16	4281
16	4282
16	4283
16	4284
16	4285
16	4286
16	4287
16	4288
16	4289
16	4290
16	4291
16	4292
16	4293
16	4294
16	4295
16	4296
16	4297
16	4298
16	4299
16	4300
16	4301
16	4302
16	4303
16	4304
16	4305
16	4306
16	4307
16	4308
16	4309
16	4310
16	4311
16	4312
16	4313
16	4314
16	4315
16	4316
16	4317
16	4318
16	4319
16	4320
16	4321
16	4322
16	4323
16	4324
16	4325
16	4326
16	4327
16	4328
16	4329
16	4330
16	4331
16	4332
16	4333
16	4334
16	4335
16	4336
16	4337
16	4338
16	4339
16	4340
16	4341
16	4342
16	4343
16	4344
16	4345
16	4346
16	4347
16	4348
16	4349
16	4350
16	4351
16	4352
16	4353
16	4354
16	4355
16	4356
16	4357
16	4358
16	4359
16	4360
16	4361
16	4362
16	4363
16	4364
16	4365
16	4366
16	4367
16	4368
16	4369
16	4370
16	4371
16	4372
16	4373
16	4374
16	4375
16	4376
16	4377
16	4378
16	4379
16	4380
16	4381
16	4382
16	4383
16	4384
16	4385
16	4386
16	4387
16	4388
16	4389
16	4390
16	4391
16	4392
16	4393
16	4394
16	4395
16	4396
16	4397
16	4398
16	4399
16	4400
16	4401
16	4402
16	4403
16	4404
16	4405
16	4406
16	4407
16	4408
16	4409
16	4410
16	4411
16	4412
16	4413
16	4414
16	4415
16	4416
16	4417
16	4418
16	4419
16	4420
16	4421
16	4422
16	4423
16	4424
16	4425
16	4426
16	4427
16	4428
16	4429
16	4430
16	4431
16	4432
16	4433
16	4434
16	4435
16	4436
16	4437
16	4438
16	4439
16	4440
16	4441
16	4442
16	4443
16	4444
16	4445
16	4446
16	4447
16	4448
16	4449
16	4450
16	4451
16	4452
16	4453
16	4454
16	4455
16	4456
16	4457
16	4458
16	4459
16	4460
16	4461
16	4462
16	4463
16	4464
16	4465
16	4466
16	4467
16	4468
16	4469
16	4470
16	4471
16	4472
16	4473
16	4474
16	4475
16	4476
16	4477
16	4478
16	4479
16	4480
16	4481
16	4482
16	4483
16	4484
16	4485
16	4486
16	4487
16	4488
16	4489
16	4490
16	4491
16	4492
16	4493
16	4494
16	4495
16	4496
16	4497
16	4498
16	4499
16	4500
16	4501
16	4502
16	4503
16	4504
16	4505
16	4506
16	4507
16	4508
16	4509
16	4510
16	4511
16	4512
16	4513
16	4514
16	4515
16	4516
16	4517
16	4518
16	4519
16	4520
16	4521
16	4522
16	4523
16	4524
16	4525
16	4526
16	4527
16	4528
16	4529
16	4530
16	4531
16	4532
16	4533
16	4534
16	4535
16	4536
16	4537
16	4538
16	4539
16	4540
16	4541
16	4542
16	4543
16	4544
16	4545
16	4546
16	4547
16	4548
16	4549
16	4550
16	4551
16	4552
16	4553
16	4554
16	4555
16	4556
16	4557
16	4558
16	4559
16	4560
16	4561
16	4562
16	4563
16	4564
16	4565
16	4566
16	4567
16	4568
16	4569
16	4570
16	4571
16	4572
16	4573
16	4574
16	4575
16	4576
16	4577
16	4578
16	4579
16	4580
16	4581
16	4582
16	4583
16	4584
16	4585
16	4586
16	4587
16	4588
16	4589
16	4590
16	4591
16	4592
16	4593
16	4594
16	4595
16	4596
16	4597
16	4598
16	4599
16	4600
16	4601
16	4602
16	4603
16	4604
16	4605
16	4606
16	4607
16	4608
16	4609
16	4610
16	4611
16	4612
16	4613
16	4614
16	4615
16	4616
16	4617
16	4618
16	4619
16	4620
16	4621
16	4622
16	4623
16	4624
16	4625
16	4626
16	4627
16	4628
16	4629
16	4630
16	4631
16	4632
16	4633
16	4634
16	4635
16	4636
16	4637
16	4638
16	4639
16	4640
16	4641
16	4642
16	4643
16	4644
16	4645
16	4646
16	4647
16	4648
16	4649
16	4650
16	4651
16	4652
16	4653
16	4654
16	4655
16	4656
16	4657
16	4658
16	4659
16	4660
16	4661
16	4662
16	4663
16	4664
16	4665
16	4666
16	4667
16	4668
16	4669
16	4670
16	4671
16	4672
16	4673
16	4674
16	4675
16	4676
16	4677
16	4678
16	4679
16	4680
16	4681
16	4682
16	4683
16	4684
16	4685
16	4686
16	4687
16	4688
16	4689
16	4690
16	4691
16	4692
16	4693
16	4694
16	4695
16	4696
16	4697
16	4698
16	4699
16	4700
16	4701
16	4702
16	4703
16	4704
16	4705
16	4706
16	4707
16	4708
16	4709
16	4710
16	4711
16	4712
16	4713
16	4714
16	4715
16	4716
16	4717
16	4718
16	4719
16	4720
16	4721
16	4722
16	4723
16	4724
16	4725
16	4726
16	4727
16	4728
16	4729
16	4730
16	4731
16	4732
16	4733
16	4734
16	4735
16	4736
16	4737
16	4738
16	4739
16	4740
16	4741
16	4742
16	4743
16	4744
16	4745
16	4746
16	4747
16	4748
16	4749
16	4750
16	4751
16	4752
16	4753
16	4754
16	4755
16	4756
16	4757
16	4758
16	4759
16	4760
16	4761
16	4762
16	4763
16	4764
16	4765
16	4766
16	4767
16	4768
16	4769
16	4770
16	4771
16	4772
16	4773
16	4774
16	4775
16	4776
16	4777
16	4778
16	4779
16	4780
16	4781
16	4782
16	4783
16	4784
16	4785
16	4786
16	4787
16	4788
16	4789
16	4790
16	4791
16	4792
16	4793
16	4794
16	4795
16	4796
16	4797
16	4798
16	4799
16	4800
16	4801
16	4802
16	4803
16	4804
16	4805
16	4806
16	4807
16	4808
16	4809
16	4810
16	4811
16	4812
16	4813
16	4814
16	4815
16	4816
16	4817
16	4818
16	4819
16	4820
16	4821
16	4822
16	4823
16	4824
16	4825
16	4826
16	4827
16	4828
16	4829
16	4830
16	4831
16	4832
16	4833
16	4834
16	4835
16	4836
16	4837
16	4838
16	4839
16	4840
16	4841
16	4842
16	4843
16	4844
16	4845
16	4846
16	4847
16	4848
16	4849
16	4850
16	4851
16	4852
16	4853
16	4854
16	4855
16	4856
16	4857
16	4858
16	4859
16	4860
16	4861
16	4862
16	4863
16	4864
16	4865
16	4866
16	4867
16	4868
16	4869
16	4870
16	4871
16	4872
16	4873
16	4874
16	4875
16	4876
16	4877
16	4878
16	4879
16	4880
16	4881
16	4882
16	4883
16	4884
16	4885
16	4886
16	4887
16	4888
16	4889
16	4890
16	4891
16	4892
16	4893
16	4894
16	4895
16	4896
16	4897
16	4898
16	4899
16	4900
16	4901
16	4902
16	4903
16	4904
16	4905
16	4906
16	4907
16	4908
16	4909
16	4910
16	4911
16	4912
16	4913
16	4914
16	4915
16	4916
16	4917
16	4918
16	4919
16	4920
16	4921
16	4922
16	4923
16	4924
16	4925
16	4926
16	4927
16	4928
16	4929
16	4930
16	4931
16	4932
16	4933
16	4934
16	4935
16	4936
16	4937
16	4938
16	4939
16	4940
16	4941
16	4942
16	4943
16	4944
16	4945
16	4946
16	4947
16	4948
16	4949
16	4950
16	4951
16	4952
16	4953
16	4954
16	4955
16	4956
16	4957
16	4958
16	4959
16	4960
16	4961
16	4962
16	4963
16	4964
16	4965
16	4966
16	4967
16	4968
16	4969
16	4970
16	4971
16	4972
16	4973
16	4974
16	4975
16	4976
16	4977
16	4978
16	4979
16	4980
16	4981
16	4982
16	4983
16	4984
16	4985
16	4986
16	4987
16	4988
16	4989
16	4990
16	4991
16	4992
16	4993
16	4994
16	4995
16	4996
16	4997
16	4998
16	4999
16	5000
16	5001
16	5002
16	5003
16	5004
16	5005
16	5006
16	5007
16	5008
16	5009
16	5010
16	5011
16	5012
16	5013
16	5014
16	5015
16	5016
16	5017
16	5018
16	5019
16	5020
16	5021
16	5022
16	5023
16	5024
16	5025
16	5026
16	5027
16	5028
16	5029
16	5030
16	5031
16	5032
16	5033
16	5034
16	5035
16	5036
16	5037
16	5038
16	5039
16	5040
16	5041
16	5042
16	5043
16	5044
16	5045
16	5046
16	5047
16	5048
16	5049
16	5050
16	5051
16	5052
16	5053
16	5054
16	5055
16	5056
16	5057
16	5058
16	5059
16	5060
16	5061
16	5062
16	5063
16	5064
16	5065
16	5066
16	5067
16	5068
16	5069
16	5070
16	5071
16	5072
16	5073
16	5074
16	5075
16	5076
16	5077
16	5078
16	5079
16	5080
16	5081
16	5082
16	5083
16	5084
16	5085
16	5086
16	5087
16	5088
16	5089
16	5090
16	5091
16	5092
16	5093
16	5094
16	5095
16	5096
16	5097
16	5098
16	5099
16	5100
16	5101
16	5102
16	5103
16	5104
16	5105
16	5106
16	5107
16	5108
16	5109
16	5110
16	5111
16	5112
16	5113
16	5114
16	5115
16	5116
16	5117
16	5118
16	5119
16	5120
16	5121
16	5122
16	5123
16	5124
16	5125
16	5126
16	5127
16	5128
16	5129
16	5130
16	5131
16	5132
16	5133
16	5134
16	5135
16	5136
16	5137
16	5138
16	5139
16	5140
16	5141
16	5142
16	5143
16	5144
16	5145
16	5146
16	5147
16	5148
16	5149
16	5150
16	5151
16	5152
16	5153
16	5154
16	5155
16	5156
16	5157
16	5158
16	5159
16	5160
16	5161
16	5162
16	5163
16	5164
16	5165
16	5166
16	5167
16	5168
16	5169
16	5170
16	5171
16	5172
16	5173
16	5174
16	5175
16	5176
16	5177
16	5178
16	5179
16	5180
16	5181
16	5182
16	5183
16	5184
16	5185
16	5186
16	5187
16	5188
16	5189
16	5190
16	5191
16	5192
16	5193
16	5194
16	5195
16	5196
16	5197
16	5198
16	5199
16	5200
16	5201
16	5202
16	5203
16	5204
16	5205
16	5206
16	5207
16	5208
16	5209
16	5210
16	5211
16	5212
16	5213
16	5214
16	5215
16	5216
16	5217
16	5218
16	5219
16	5220
16	5221
16	5222
16	5223
16	5224
16	5225
16	5226
16	5227
16	5228
16	5229
16	5230
16	5231
16	5232
16	5233
16	5234
16	5235
16	5236
16	5237
16	5238
16	5239
16	5240
16	5241
16	5242
16	5243
16	5244
16	5245
16	5246
16	5247
16	5248
16	5249
16	5250
16	5251
16	5252
16	5253
16	5254
16	5255
16	5256
16	5257
16	5258
16	5259
16	5260
16	5261
16	5262
16	5263
16	5264
16	5265
16	5266
16	5267
16	5268
16	5269
16	5270
16	5271
16	5272
16	5273
16	5274
16	5275
16	5276
16	5277
16	5278
16	5279
16	5280
16	5281
16	5282
16	5283
16	5284
16	5285
16	5286
16	5287
16	5288
16	5289
16	5290
16	5291
16	5292
16	5293
16	5294
16	5295
16	5296
16	5297
16	5298
16	5299
16	5300
16	5301
16	5302
16	5303
16	5304
16	5305
16	5306
16	5307
16	5308
16	5309
16	5310
16	5311
16	5312
16	5313
16	5314
16	5315
16	5316
16	5317
16	5318
16	5319
16	5320
16	5321
16	5322
16	5323
16	5324
16	5325
16	5326
16	5327
16	5328
16	5329
16	5330
16	5331
16	5332
16	5333
16	5334
16	5335
16	5336
16	5337
16	5338
16	5339
16	5340
16	5341
16	5342
16	5343
16	5344
16	5345
16	5346
16	5347
16	5348
16	5349
16	5350
16	5351
16	5352
16	5353
16	5354
16	5355
16	5356
16	5357
16	5358
16	5359
16	5360
16	5361
16	5362
16	5363
16	5364
16	5365
16	5366
16	5367
16	5368
16	5369
16	5370
16	5371
16	5372
16	5373
16	5374
16	5375
16	5376
16	5377
16	5378
16	5379
16	5380
16	5381
16	5382
16	5383
16	5384
16	5385
16	5386
16	5387
16	5388
16	5389
16	5390
16	5391
16	5392
16	5393
16	5394
16	5395
16	5396
16	5397
16	5398
16	5399
16	5400
16	5401
16	5402
16	5403
16	5404
16	5405
16	5406
16	5407
16	5408
16	5409
16	5410
16	5411
16	5412
16	5413
16	5414
16	5415
16	5416
16	5417
16	5418
16	5419
16	5420
16	5421
16	5422
16	5423
16	5424
16	5425
16	5426
16	5427
16	5428
16	5429
16	5430
16	5431
16	5432
16	5433
16	5434
16	5435
16	5436
16	5437
16	5438
16	5439
16	5440
16	5441
16	5442
16	5443
16	5444
16	5445
16	5446
16	5447
16	5448
16	5449
16	5450
16	5451
16	5452
16	5453
16	5454
16	5455
16	5456
16	5457
16	5458
16	5459
16	5460
16	5461
16	5462
16	5463
16	5464
16	5465
16	5466
16	5467
16	5468
16	5469
16	5470
16	5471
16	5472
16	5473
16	5474
16	5475
16	5476
16	5477
16	5478
16	5479
16	5480
16	5481
16	5482
16	5483
16	5484
16	5485
16	5486
16	5487
16	5488
16	5489
16	5490
16	5491
16	5492
16	5493
16	5494
16	5495
16	5496
16	5497
16	5498
16	5499
16	5500
16	5501
16	5502
16	5503
16	5504
16	5505
16	5506
16	5507
16	5508
16	5509
16	5510
16	5511
16	5512
16	5513
16	5514
16	5515
16	5516
16	5517
16	5518
16	5519
16	5520
16	5521
16	5522
16	5523
16	5524
16	5525
16	5526
16	5527
16	5528
16	5529
16	5530
16	5531
16	5532
16	5533
16	5534
16	5535
16	5536
16	5537
16	5538
16	5539
16	5540
16	5541
16	5542
16	5543
16	5544
16	5545
16	5546
16	5547
16	5548
16	5549
16	5550
16	5551
16	5552
16	5553
16	5554
16	5555
16	5556
16	5557
16	5558
16	5559
16	5560
16	5561
16	5562
16	5563
16	5564
16	5565
16	5566
16	5567
16	5568
16	5569
16	5570
16	5571
16	5572
16	5573
16	5574
16	5575
16	5576
16	5577
16	5578
16	5579
16	5580
16	5581
16	5582
16	5583
16	5584
16	5585
16	5586
16	5587
16	5588
16	5589
16	5590
16	5591
16	5592
16	5593
16	5594
16	5595
16	5596
16	5597
16	5598
16	5599
16	5600
16	5601
16	5602
16	5603
16	5604
16	5605
16	5606
16	5607
16	5608
16	5609
16	5610
16	5611
16	5612
16	5613
16	5614
16	5615
16	5616
16	5617
16	5618
16	5619
16	5620
16	5621
16	5622
16	5623
16	5624
16	5625
16	5626
16	5627
16	5628
16	5629
16	5630
16	5631
16	5632
16	5633
16	5634
16	5635
16	5636
16	5637
16	5638
16	5639
16	5640
16	5641
16	5642
16	5643
16	5644
16	5645
16	5646
16	5647
16	5648
16	5649
16	5650
16	5651
16	5652
16	5653
16	5654
16	5655
16	5656
16	5657
16	5658
16	5659
16	5660
16	5661
16	5662
16	5663
16	5664
16	5665
16	5666
16	5667
16	5668
16	5669
16	5670
16	5671
16	5672
16	5673
16	5674
16	5675
16	5676
16	5677
16	5678
16	5679
16	5680
16	5681
16	5682
16	5683
16	5684
16	5685
16	5686
16	5687
16	5688
16	5689
16	5690
16	5691
16	5692
16	5693
16	5694
16	5695
16	5696
16	5697
16	5698
16	5699
16	5700
16	5701
16	5702
16	5703
16	5704
16	5705
16	5706
16	5707
16	5708
16	5709
16	5710
16	5711
16	5712
16	5713
16	5714
16	5715
16	5716
16	5717
16	5718
16	5719
16	5720
16	5721
16	5722
16	5723
16	5724
16	5725
16	5726
16	5727
16	5728
16	5729
16	5730
16	5731
16	5732
16	5733
16	5734
16	5735
16	5736
16	5737
16	5738
16	5739
16	5740
16	5741
16	5742
16	5743
16	5744
16	5745
16	5746
16	5747
16	5748
16	5749
16	5750
16	5751
16	5752
16	5753
16	5754
16	5755
16	5756
16	5757
16	5758
16	5759
16	5760
16	5761
16	5762
16	5763
16	5764
16	5765
16	5766
16	5767
16	5768
16	5769
16	5770
16	5771
16	5772
16	5773
16	5774
16	5775
16	5776
16	5777
16	5778
16	5779
16	5780
16	5781
16	5782
16	5783
16	5784
16	5785
16	5786
16	5787
16	5788
16	5789
16	5790
16	5791
16	5792
16	5793
16	5794
16	5795
16	5796
16	5797
16	5798
16	5799
16	5800
16	5801
16	5802
16	5803
16	5804
16	5805
16	5806
16	5807
16	5808
16	5809
16	5810
16	5811
16	5812
16	5813
16	5814
16	5815
16	5816
16	5817
16	5818
16	5819
16	5820
16	5821
16	5822
16	5823
16	5824
16	5825
16	5826
16	5827
16	5828
16	5829
16	5830
16	5831
16	5832
16	5833
16	5834
16	5835
16	5836
16	5837
16	5838
16	5839
16	5840
16	5841
16	5842
16	5843
16	5844
16	5845
16	5846
16	5847
16	5848
16	5849
16	5850
16	5851
16	5852
16	5853
16	5854
16	5855
16	5856
16	5857
16	5858
16	5859
16	5860
16	5861
16	5862
16	5863
16	5864
16	5865
16	5866
16	5867
16	5868
16	5869
16	5870
16	5871
16	5872
16	5873
16	5874
16	5875
16	5876
16	5877
16	5878
16	5879
16	5880
16	5881
16	5882
16	5883
16	5884
16	5885
16	5886
16	5887
16	5888
16	5889
16	5890
16	5891
16	5892
16	5893
16	5894
16	5895
16	5896
16	5897
16	5898
16	5899
16	5900
16	5901
16	5902
16	5903
16	5904
16	5905
16	5906
16	5907
16	5908
16	5909
16	5910
16	5911
16	5912
16	5913
16	5914
16	5915
16	5916
16	5917
16	5918
16	5919
16	5920
16	5921
16	5922
16	5923
16	5924
16	5925
16	5926
16	5927
16	5928
16	5929
16	5930
16	5931
16	5932
16	5933
16	5934
16	5935
16	5936
16	5937
16	5938
16	5939
16	5940
16	5941
16	5942
16	5943
16	5944
16	5945
16	5946
16	5947
16	5948
16	5949
16	5950
16	5951
16	5952
16	5953
16	5954
16	5955
16	5956
16	5957
16	5958
16	5959
16	5960
16	5961
16	5962
16	5963
16	5964
16	5965
16	5966
16	5967
16	5968
16	5969
16	5970
16	5971
16	5972
16	5973
16	5974
16	5975
16	5976
16	5977
16	5978
16	5979
16	5980
16	5981
16	5982
16	5983
16	5984
16	5985
16	5986
16	5987
16	5988
16	5989
16	5990
16	5991
16	5992
16	5993
16	5994
16	5995
16	5996
16	5997
16	5998
16	5999
16	6000
16	6001
16	6002
16	6003
16	6004
16	6005
16	6006
16	6007
16	6008
16	6009
16	6010
16	6011
16	6012
16	6013
16	6014
16	6015
16	6016
16	6017
16	6018
16	6019
16	6020
16	6021
16	6022
16	6023
16	6024
16	6025
16	6026
16	6027
16	6028
16	6029
16	6030
16	6031
16	6032
16	6033
16	6034
16	6035
16	6036
16	6037
16	6038
16	6039
16	6040
16	6041
16	6042
16	6043
16	6044
16	6045
16	6046
16	6047
16	6048
16	6049
16	6050
16	6051
16	6052
16	6053
16	6054
16	6055
16	6056
16	6057
16	6058
16	6059
16	6060
16	6061
16	6062
16	6063
16	6064
16	6065
16	6066
16	6067
16	6068
16	6069
16	6070
16	6071
16	6072
16	6073
16	6074
16	6075
16	6076
16	6077
16	6078
16	6079
16	6080
16	6081
16	6082
16	6083
16	6084
16	6085
16	6086
16	6087
16	6088
16	6089
16	6090
16	6091
16	6092
16	6093
16	6094
16	6095
16	6096
16	6097
16	6098
16	6099
16	6100
16	6101
16	6102
16	6103
16	6104
16	6105
16	6106
16	6107
16	6108
16	6109
16	6110
16	6111
16	6112
16	6113
16	6114
16	6115
16	6116
16	6117
16	6118
16	6119
16	6120
16	6121
16	6122
16	6123
16	6124
16	6125
16	6126
16	6127
16	6128
16	6129
16	6130
16	6131
16	6132
16	6133
16	6134
16	6135
16	6136
16	6137
16	6138
16	6139
16	6140
16	6141
16	6142
16	6143
16	6144
16	6145
16	6146
16	6147
16	6148
16	6149
16	6150
16	6151
16	6152
16	6153
16	6154
16	6155
16	6156
16	6157
16	6158
16	6159
16	6160
16	6161
16	6162
16	6163
16	6164
16	6165
16	6166
16	6167
16	6168
16	6169
16	6170
16	6171
16	6172
16	6173
16	6174
16	6175
16	6176
16	6177
16	6178
16	6179
16	6180
16	6181
16	6182
16	6183
16	6184
16	6185
16	6186
16	6187
16	6188
16	6189
16	6190
16	6191
16	6192
16	6193
16	6194
16	6195
16	6196
16	6197
16	6198
16	6199
16	6200
16	6201
16	6202
16	6203
16	6204
16	6205
16	6206
16	6207
16	6208
16	6209
16	6210
16	6211
16	6212
16	6213
16	6214
16	6215
16	6216
16	6217
16	6218
16	6219
16	6220
16	6221
16	6222
16	6223
16	6224
16	6225
16	6226
16	6227
16	6228
16	6229
16	6230
16	6231
16	6232
16	6233
16	6234
16	6235
16	6236
16	6237
16	6238
16	6239
16	6240
16	6241
16	6242
16	6243
16	6244
16	6245
16	6246
16	6247
16	6248
16	6249
16	6250
16	6251
16	6252
16	6253
16	6254
16	6255
16	6256
16	6257
16	6258
16	6259
16	6260
16	6261
16	6262
16	6263
16	6264
16	6265
16	6266
16	6267
16	6268
16	6269
16	6270
16	6271
16	6272
16	6273
16	6274
16	6275
16	6276
16	6277
16	6278
16	6279
16	6280
16	6281
16	6282
16	6283
16	6284
16	6285
16	6286
16	6287
16	6288
16	6289
16	6290
16	6291
16	6292
16	6293
16	6294
16	6295
16	6296
16	6297
16	6298
16	6299
16	6300
16	6301
16	6302
16	6303
16	6304
16	6305
16	6306
16	6307
16	6308
16	6309
16	6310
16	6311
16	6312
16	6313
16	6314
16	6315
16	6316
16	6317
16	6318
16	6319
16	6320
16	6321
16	6322
16	6323
16	6324
16	6325
16	6326
16	6327
16	6328
16	6329
16	6330
16	6331
16	6332
16	6333
16	6334
16	6335
16	6336
16	6337
16	6338
16	6339
16	6340
16	6341
16	6342
16	6343
16	6344
16	6345
16	6346
16	6347
16	6348
16	6349
16	6350
16	6351
16	6352
16	6353
16	6354
16	6355
16	6356
16	6357
16	6358
16	6359
16	6360
16	6361
16	6362
16	6363
16	6364
16	6365
16	6366
16	6367
16	6368
16	6369
16	6370
16	6371
16	6372
16	6373
16	6374
16	6375
16	6376
16	6377
16	6378
16	6379
16	6380
16	6381
16	6382
16	6383
16	6384
16	6385
16	6386
16	6387
16	6388
16	6389
16	6390
16	6391
16	6392
16	6393
16	6394
16	6395
16	6396
16	6397
16	6398
16	6399
16	6400
16	6401
16	6402
16	6403
16	6404
16	6405
16	6406
16	6407
16	6408
16	6409
16	6410
16	6411
16	6412
16	6413
16	6414
16	6415
16	6416
16	6417
16	6418
16	6419
16	6420
16	6421
16	6422
16	6423
16	6424
16	6425
16	6426
16	6427
16	6428
16	6429
16	6430
16	6431
16	6432
16	6433
16	6434
16	6435
16	6436
16	6437
16	6438
16	6439
16	6440
16	6441
16	6442
16	6443
16	6444
16	6445
16	6446
16	6447
16	6448
16	6449
16	6450
16	6451
16	6452
16	6453
16	6454
16	6455
16	6456
16	6457
16	6458
16	6459
16	6460
16	6461
16	6462
16	6463
16	6464
16	6465
16	6466
16	6467
16	6468
16	6469
16	6470
16	6471
16	6472
16	6473
16	6474
16	6475
16	6476
16	6477
16	6478
16	6479
16	6480
16	6481
16	6482
16	6483
16	6484
16	6485
16	6486
16	6487
16	6488
16	6489
16	6490
16	6491
16	6492
16	6493
16	6494
16	6495
16	6496
16	6497
16	6498
16	6499
16	6500
16	6501
16	6502
16	6503
16	6504
16	6505
16	6506
16	6507
16	6508
16	6509
16	6510
16	6511
16	6512
16	6513
16	6514
16	6515
16	6516
16	6517
16	6518
16	6519
16	6520
16	6521
16	6522
16	6523
16	6524
16	6525
16	6526
16	6527
16	6528
16	6529
16	6530
16	6531
16	6532
16	6533
16	6534
16	6535
16	6536
16	6537
16	6538
16	6539
16	6540
16	6541
16	6542
16	6543
16	6544
16	6545
16	6546
16	6547
16	6548
16	6549
16	6550
16	6551
16	6552
16	6553
16	6554
16	6555
16	6556
16	6557
16	6558
16	6559
16	6560
16	6561
16	6562
16	6563
16	6564
16	6565
16	6566
16	6567
16	6568
16	6569
16	6570
16	6571
16	6572
16	6573
16	6574
16	6575
16	6576
16	6577
16	6578
16	6579
16	6580
16	6581
16	6582
16	6583
16	6584
16	6585
16	6586
16	6587
16	6588
16	6589
16	6590
16	6591
16	6592
16	6593
16	6594
16	6595
16	6596
16	6597
16	6598
16	6599
16	6600
16	6601
16	6602
16	6603
16	6604
16	6605
16	6606
16	6607
16	6608
16	6609
16	6610
16	6611
16	6612
16	6613
16	6614
16	6615
16	6616
16	6617
16	6618
16	6619
16	6620
16	6621
16	6622
16	6623
16	6624
16	6625
16	6626
16	6627
16	6628
16	6629
16	6630
16	6631
16	6632
16	6633
16	6634
16	6635
16	6636
16	6637
16	6638
16	6639
16	6640
16	6641
16	6642
16	6643
16	6644
16	6645
16	6646
16	6647
16	6648
16	6649
16	6650
16	6651
16	6652
16	6653
16	6654
16	6655
16	6656
16	6657
16	6658
16	6659
16	6660
16	6661
16	6662
16	6663
16	6664
16	6665
16	6666
16	6667
16	6668
16	6669
16	6670
16	6671
16	6672
16	6673
16	6674
16	6675
16	6676
16	6677
16	6678
16	6679
16	6680
16	6681
16	6682
16	6683
16	6684
16	6685
16	6686
16	6687
16	6688
16	6689
16	6690
16	6691
16	6692
16	6693
16	6694
16	6695
16	6696
16	6697
16	6698
16	6699
16	6700
16	6701
16	6702
16	6703
16	6704
16	6705
16	6706
16	6707
16	6708
16	6709
16	6710
16	6711
16	6712
16	6713
16	6714
16	6715
16	6716
16	6717
16	6718
16	6719
16	6720
16	6721
16	6722
16	6723
16	6724
16	6725
16	6726
16	6727
16	6728
16	6729
16	6730
16	6731
16	6732
16	6733
16	6734
16	6735
16	6736
16	6737
16	6738
16	6739
16	6740
16	6741
16	6742
16	6743
16	6744
16	6745
16	6746
16	6747
16	6748
16	6749
16	6750
16	6751
16	6752
16	6753
16	6754
16	6755
16	6756
16	6757
16	6758
16	6759
16	6760
16	6761
16	6762
16	6763
16	6764
16	6765
16	6766
16	6767
16	6768
16	6769
16	6770
16	6771
16	6772
16	6773
16	6774
16	6775
16	6776
16	6777
16	6778
16	6779
16	6780
16	6781
16	6782
16	6783
16	6784
16	6785
16	6786
16	6787
16	6788
16	6789
16	6790
16	6791
16	6792
16	6793
16	6794
16	6795
16	6796
16	6797
16	6798
16	6799
16	6800
16	6801
16	6802
16	6803
16	6804
16	6805
16	6806
16	6807
16	6808
16	6809
16	6810
16	6811
16	6812
16	6813
16	6814
16	6815
16	6816
16	6817
16	6818
16	6819
16	6820
16	6821
16	6822
16	6823
16	6824
16	6825
16	6826
16	6827
16	6828
16	6829
16	6830
16	6831
16	6832
16	6833
16	6834
16	6835
16	6836
16	6837
16	6838
16	6839
16	6840
16	6841
16	6842
16	6843
16	6844
16	6845
16	6846
16	6847
16	6848
16	6849
16	6850
16	6851
16	6852
16	6853
16	6854
16	6855
16	6856
16	6857
16	6858
16	6859
16	6860
16	6861
16	6862
16	6863
16	6864
16	6865
16	6866
16	6867
16	6868
16	6869
16	6870
16	6871
16	6872
16	6873
16	6874
16	6875
16	6876
16	6877
16	6878
16	6879
16	6880
16	6881
16	6882
16	6883
16	6884
16	6885
16	6886
16	6887
16	6888
16	6889
16	6890
16	6891
16	6892
16	6893
16	6894
16	6895
16	6896
16	6897
16	6898
16	6899
16	6900
16	6901
16	6902
16	6903
16	6904
16	6905
16	6906
16	6907
16	6908
16	6909
16	6910
16	6911
16	6912
16	6913
16	6914
16	6915
16	6916
16	6917
16	6918
16	6919
16	6920
16	6921
16	6922
16	6923
16	6924
16	6925
16	6926
16	6927
16	6928
16	6929
16	6930
16	6931
16	6932
16	6933
16	6934
16	6935
16	6936
16	6937
16	6938
16	6939
16	6940
16	6941
16	6942
16	6943
16	6944
16	6945
16	6946
16	6947
16	6948
16	6949
16	6950
16	6951
16	6952
16	6953
16	6954
16	6955
16	6956
16	6957
16	6958
16	6959
16	6960
16	6961
16	6962
16	6963
16	6964
16	6965
16	6966
16	6967
16	6968
16	6969
16	6970
16	6971
16	6972
16	6973
16	6974
16	6975
16	6976
16	6977
16	6978
16	6979
16	6980
16	6981
16	6982
16	6983
16	6984
16	6985
16	6986
16	6987
16	6988
16	6989
16	6990
16	6991
16	6992
16	6993
16	6994
16	6995
16	6996
16	6997
16	6998
16	6999
16	7000
16	7001
16	7002
16	7003
16	7004
16	7005
16	7006
16	7007
16	7008
16	7009
16	7010
16	7011
16	7012
16	7013
16	7014
16	7015
16	7016
16	7017
16	7018
16	7019
16	7020
16	7021
16	7022
16	7023
16	7024
16	7025
16	7026
16	7027
16	7028
16	7029
16	7030
16	7031
16	7032
16	7033
16	7034
16	7035
16	7036
16	7037
16	7038
16	7039
16	7040
16	7041
16	7042
16	7043
16	7044
16	7045
16	7046
16	7047
16	7048
16	7049
16	7050
16	7051
16	7052
16	7053
16	7054
16	7055
16	7056
16	7057
16	7058
16	7059
16	7060
16	7061
16	7062
16	7063
16	7064
16	7065
16	7066
16	7067
16	7068
16	7069
16	7070
16	7071
16	7072
16	7073
16	7074
16	7075
16	7076
16	7077
16	7078
16	7079
16	7080
16	7081
16	7082
16	7083
16	7084
16	7085
16	7086
16	7087
16	7088
16	7089
16	7090
16	7091
16	7092
16	7093
16	7094
16	7095
16	7096
16	7097
16	7098
16	7099
16	7100
16	7101
16	7102
16	7103
16	7104
16	7105
16	7106
16	7107
16	7108
16	7109
16	7110
16	7111
16	7112
16	7113
16	7114
16	7115
16	7116
16	7117
16	7118
16	7119
16	7120
16	7121
16	7122
16	7123
16	7124
16	7125
16	7126
16	7127
16	7128
16	7129
16	7130
16	7131
16	7132
16	7133
16	7134
16	7135
16	7136
16	7137
16	7138
16	7139
16	7140
16	7141
16	7142
16	7143
16	7144
16	7145
16	7146
16	7147
16	7148
16	7149
16	7150
16	7151
16	7152
16	7153
16	7154
16	7155
16	7156
16	7157
16	7158
16	7159
16	7160
16	7161
16	7162
16	7163
16	7164
16	7165
16	7166
16	7167
16	7168
16	7169
16	7170
16	7171
16	7172
16	7173
16	7174
16	7175
16	7176
16	7177
16	7178
16	7179
16	7180
16	7181
16	7182
16	7183
16	7184
16	7185
16	7186
16	7187
16	7188
16	7189
16	7190
16	7191
16	7192
16	7193
16	7194
16	7195
16	7196
16	7197
16	7198
16	7199
16	7200
16	7201
16	7202
16	7203
16	7204
16	7205
16	7206
16	7207
16	7208
16	7209
16	7210
16	7211
16	7212
16	7213
16	7214
16	7215
16	7216
16	7217
16	7218
16	7219
16	7220
16	7221
16	7222
16	7223
16	7224
16	7225
16	7226
16	7227
16	7228
16	7229
16	7230
16	7231
16	7232
16	7233
16	7234
16	7235
16	7236
16	7237
16	7238
16	7239
16	7240
16	7241
16	7242
16	7243
16	7244
16	7245
16	7246
16	7247
16	7248
16	7249
16	7250
16	7251
16	7252
16	7253
16	7254
16	7255
16	7256
16	7257
16	7258
16	7259
16	7260
16	7261
16	7262
16	7263
16	7264
16	7265
16	7266
16	7267
16	7268
16	7269
16	7270
16	7271
16	7272
16	7273
16	7274
16	7275
16	7276
16	7277
16	7278
16	7279
16	7280
16	7281
16	7282
16	7283
16	7284
16	7285
16	7286
16	7287
16	7288
16	7289
16	7290
16	7291
16	7292
16	7293
16	7294
16	7295
16	7296
16	7297
16	7298
16	7299
16	7300
16	7301
16	7302
16	7303
16	7304
16	7305
16	7306
16	7307
16	7308
16	7309
16	7310
16	7311
16	7312
16	7313
16	7314
16	7315
16	7316
16	7317
16	7318
16	7319
16	7320
16	7321
16	7322
16	7323
16	7324
16	7325
16	7326
16	7327
16	7328
16	7329
16	7330
16	7331
16	7332
16	7333
16	7334
16	7335
16	7336
16	7337
16	7338
16	7339
16	7340
16	7341
16	7342
16	7343
16	7344
16	7345
16	7346
16	7347
16	7348
16	7349
16	7350
16	7351
16	7352
16	7353
16	7354
16	7355
16	7356
16	7357
16	7358
16	7359
16	7360
16	7361
16	7362
16	7363
16	7364
16	7365
16	7366
16	7367
16	7368
16	7369
16	7370
16	7371
16	7372
16	7373
16	7374
16	7375
16	7376
16	7377
16	7378
16	7379
16	7380
16	7381
16	7382
16	7383
16	7384
16	7385
16	7386
16	7387
16	7388
16	7389
16	7390
16	7391
16	7392
16	7393
16	7394
16	7395
16	7396
16	7397
16	7398
16	7399
16	7400
16	7401
16	7402
16	7403
16	7404
16	7405
16	7406
16	7407
16	7408
16	7409
16	7410
16	7411
16	7412
16	7413
16	7414
16	7415
16	7416
16	7417
16	7418
16	7419
16	7420
16	7421
16	7422
16	7423
16	7424
16	7425
16	7426
16	7427
16	7428
16	7429
16	7430
16	7431
16	7432
16	7433
16	7434
16	7435
16	7436
16	7437
16	7438
16	7439
16	7440
16	7441
16	7442
16	7443
16	7444
16	7445
16	7446
16	7447
16	7448
16	7449
16	7450
16	7451
16	7452
16	7453
16	7454
16	7455
16	7456
16	7457
16	7458
16	7459
16	7460
16	7461
16	7462
16	7463
16	7464
16	7465
16	7466
16	7467
16	7468
16	7469
16	7470
16	7471
16	7472
16	7473
16	7474
16	7475
16	7476
16	7477
16	7478
16	7479
16	7480
16	7481
16	7482
16	7483
16	7484
16	7485
16	7486
16	7487
16	7488
16	7489
16	7490
16	7491
16	7492
16	7493
16	7494
16	7495
16	7496
16	7497
16	7498
16	7499
16	7500
16	7501
16	7502
16	7503
16	7504
16	7505
16	7506
16	7507
16	7508
16	7509
16	7510
16	7511
16	7512
16	7513
16	7514
16	7515
16	7516
16	7517
16	7518
16	7519
16	7520
16	7521
16	7522
16	7523
16	7524
16	7525
16	7526
16	7527
16	7528
16	7529
16	7530
16	7531
16	7532
16	7533
16	7534
16	7535
16	7536
16	7537
16	7538
16	7539
16	7540
16	7541
16	7542
16	7543
16	7544
16	7545
16	7546
16	7547
16	7548
16	7549
16	7550
16	7551
16	7552
16	7553
16	7554
16	7555
16	7556
16	7557
16	7558
16	7559
16	7560
16	7561
16	7562
16	7563
16	7564
16	7565
16	7566
16	7567
16	7568
16	7569
16	7570
16	7571
16	7572
16	7573
16	7574
16	7575
16	7576
16	7577
16	7578
16	7579
16	7580
16	7581
16	7582
16	7583
16	7584
16	7585
16	7586
16	7587
16	7588
16	7589
16	7590
16	7591
16	7592
16	7593
16	7594
16	7595
16	7596
16	7597
16	7598
16	7599
16	7600
16	7601
16	7602
16	7603
16	7604
16	7605
16	7606
16	7607
16	7608
16	7609
16	7610
16	7611
16	7612
16	7613
16	7614
16	7615
16	7616
16	7617
16	7618
16	7619
16	7620
16	7621
16	7622
16	7623
16	7624
16	7625
16	7626
16	7627
16	7628
16	7629
16	7630
16	7631
16	7632
16	7633
16	7634
16	7635
16	7636
16	7637
16	7638
16	7639
16	7640
16	7641
16	7642
16	7643
16	7644
16	7645
16	7646
16	7647
16	7648
16	7649
16	7650
16	7651
16	7652
16	7653
16	7654
16	7655
16	7656
16	7657
16	7658
16	7659
16	7660
16	7661
16	7662
16	7663
16	7664
16	7665
16	7666
16	7667
16	7668
16	7669
16	7670
16	7671
16	7672
16	7673
16	7674
16	7675
16	7676
16	7677
16	7678
16	7679
16	7680
16	7681
16	7682
16	7683
16	7684
16	7685
16	7686
16	7687
16	7688
16	7689
16	7690
16	7691
16	7692
16	7693
16	7694
16	7695
16	7696
16	7697
16	7698
16	7699
16	7700
16	7701
16	7702
16	7703
16	7704
16	7705
16	7706
16	7707
16	7708
16	7709
16	7710
16	7711
16	7712
16	7713
16	7714
16	7715
16	7716
16	7717
16	7718
16	7719
16	7720
16	7721
16	7722
16	7723
16	7724
16	7725
16	7726
16	7727
16	7728
16	7729
16	7730
16	7731
16	7732
16	7733
16	7734
16	7735
16	7736
16	7737
16	7738
16	7739
16	7740
16	7741
16	7742
16	7743
16	7744
16	7745
16	7746
16	7747
16	7748
16	7749
16	7750
16	7751
16	7752
16	7753
16	7754
16	7755
16	7756
16	7757
16	7758
16	7759
16	7760
16	7761
16	7762
16	7763
16	7764
16	7765
16	7766
16	7767
16	7768
16	7769
16	7770
16	7771
16	7772
16	7773
16	7774
16	7775
16	7776
16	7777
16	7778
16	7779
16	7780
16	7781
16	7782
16	7783
16	7784
16	7785
16	7786
16	7787
16	7788
16	7789
16	7790
16	7791
16	7792
16	7793
16	7794
16	7795
16	7796
16	7797
16	7798
16	7799
16	7800
16	7801
16	7802
16	7803
16	7804
16	7805
16	7806
16	7807
16	7808
16	7809
16	7810
16	7811
16	7812
16	7813
16	7814
16	7815
16	7816
16	7817
16	7818
16	7819
16	7820
16	7821
16	7822
16	7823
16	7824
16	7825
16	7826
16	7827
16	7828
16	7829
16	7830
16	7831
16	7832
16	7833
16	7834
16	7835
16	7836
16	7837
16	7838
16	7839
16	7840
16	7841
16	7842
16	7843
16	7844
16	7845
16	7846
16	7847
16	7848
16	7849
16	7850
16	7851
16	7852
16	7853
16	7854
16	7855
16	7856
16	7857
16	7858
16	7859
16	7860
16	7861
16	7862
16	7863
16	7864
16	7865
16	7866
16	7867
16	7868
16	7869
16	7870
16	7871
16	7872
16	7873
16	7874
16	7875
16	7876
16	7877
16	7878
16	7879
16	7880
16	7881
16	7882
16	7883
16	7884
16	7885
16	7886
16	7887
16	7888
16	7889
16	7890
16	7891
16	7892
16	7893
16	7894
16	7895
16	7896
16	7897
16	7898
16	7899
16	7900
16	7901
16	7902
16	7903
16	7904
16	7905
16	7906
16	7907
16	7908
16	7909
16	7910
16	7911
16	7912
16	7913
16	7914
16	7915
16	7916
16	7917
16	7918
16	7919
16	7920
16	7921
16	7922
16	7923
16	7924
16	7925
16	7926
16	7927
16	7928
16	7929
16	7930
16	7931
16	7932
16	7933
16	7934
16	7935
16	7936
16	7937
16	7938
16	7939
16	7940
16	7941
16	7942
16	7943
16	7944
16	7945
16	7946
16	7947
16	7948
16	7949
16	7950
16	7951
16	7952
16	7953
16	7954
16	7955
16	7956
16	7957
16	7958
16	7959
16	7960
16	7961
16	7962
16	7963
16	7964
16	7965
16	7966
16	7967
16	7968
16	7969
16	7970
16	7971
16	7972
16	7973
16	7974
16	7975
16	7976
16	7977
16	7978
16	7979
16	7980
16	7981
16	7982
16	7983
16	7984
16	7985
16	7986
16	7987
16	7988
16	7989
16	7990
16	7991
16	7992
16	7993
16	7994
16	7995
16	7996
16	7997
16	7998
16	7999
16	8000
16	8001
16	8002
16	8003
16	8004
16	8005
16	8006
16	8007
16	8008
16	8009
16	8010
16	8011
16	8012
16	8013
16	8014
16	8015
16	8016
16	8017
16	8018
16	8019
16	8020
16	8021
16	8022
16	8023
16	8024
16	8025
16	8026
16	8027
16	8028
16	8029
16	8030
16	8031
16	8032
16	8033
16	8034
16	8035
16	8036
16	8037
16	8038
16	8039
16	8040
16	8041
16	8042
16	8043
16	8044
16	8045
16	8046
16	8047
16	8048
16	8049
16	8050
16	8051
16	8052
16	8053
16	8054
16	8055
16	8056
16	8057
16	8058
16	8059
16	8060
16	8061
16	8062
16	8063
16	8064
16	8065
16	8066
16	8067
16	8068
16	8069
16	8070
16	8071
16	8072
16	8073
16	8074
16	8075
16	8076
16	8077
16	8078
16	8079
16	8080
16	8081
16	8082
16	8083
16	8084
16	8085
16	8086
16	8087
16	8088
16	8089
16	8090
16	8091
16	8092
16	8093
16	8094
16	8095
16	8096
16	8097
16	8098
16	8099
16	8100
16	8101
16	8102
16	8103
16	8104
16	8105
16	8106
16	8107
16	8108
16	8109
16	8110
16	8111
16	8112
16	8113
16	8114
16	8115
16	8116
16	8117
16	8118
16	8119
16	8120
16	8121
16	8122
16	8123
16	8124
16	8125
16	8126
16	8127
16	8128
16	8129
16	8130
16	8131
16	8132
16	8133
16	8134
16	8135
16	8136
16	8137
16	8138
16	8139
16	8140
16	8141
16	8142
16	8143
16	8144
16	8145
16	8146
16	8147
16	8148
16	8149
16	8150
16	8151
16	8152
16	8153
16	8154
16	8155
16	8156
16	8157
16	8158
16	8159
16	8160
16	8161
16	8162
16	8163
16	8164
16	8165
16	8166
16	8167
16	8168
16	8169
16	8170
16	8171
16	8172
16	8173
16	8174
16	8175
16	8176
16	8177
16	8178
16	8179
16	8180
16	8181
16	8182
16	8183
16	8184
16	8185
16	8186
16	8187
16	8188
16	8189
16	8190
16	8191
16	8192
16	8193
16	8194
16	8195
16	8196
16	8197
16	8198
16	8199
16	8200
16	8201
16	8202
16	8203
16	8204
16	8205
16	8206
16	8207
16	8208
16	8209
16	8210
16	8211
16	8212
16	8213
16	8214
16	8215
16	8216
16	8217
16	8218
16	8219
16	8220
16	8221
16	8222
16	8223
16	8224
16	8225
16	8226
16	8227
16	8228
16	8229
16	8230
16	8231
16	8232
16	8233
16	8234
16	8235
16	8236
16	8237
16	8238
16	8239
16	8240
16	8241
16	8242
16	8243
16	8244
16	8245
16	8246
16	8247
16	8248
16	8249
16	8250
16	8251
16	8252
16	8253
16	8254
16	8255
16	8256
16	8257
16	8258
16	8259
16	8260
16	8261
16	8262
16	8263
16	8264
16	8265
16	8266
16	8267
16	8268
16	8269
16	8270
16	8271
16	8272
16	8273
16	8274
16	8275
16	8276
16	8277
16	8278
16	8279
16	8280
16	8281
16	8282
16	8283
16	8284
16	8285
16	8286
16	8287
16	8288
16	8289
16	8290
16	8291
16	8292
16	8293
16	8294
16	8295
16	8296
16	8297
16	8298
16	8299
16	8300
16	8301
16	8302
16	8303
16	8304
16	8305
16	8306
16	8307
16	8308
16	8309
16	8310
16	8311
16	8312
16	8313
16	8314
16	8315
16	8316
16	8317
16	8318
16	8319
16	8320
16	8321
16	8322
16	8323
16	8324
16	8325
16	8326
16	8327
16	8328
16	8329
16	8330
16	8331
16	8332
16	8333
16	8334
16	8335
16	8336
16	8337
16	8338
16	8339
16	8340
16	8341
16	8342
16	8343
16	8344
16	8345
16	8346
16	8347
16	8348
16	8349
16	8350
16	8351
16	8352
16	8353
16	8354
16	8355
16	8356
16	8357
16	8358
16	8359
16	8360
16	8361
16	8362
16	8363
16	8364
16	8365
16	8366
16	8367
16	8368
16	8369
16	8370
16	8371
16	8372
16	8373
16	8374
16	8375
16	8376
16	8377
16	8378
16	8379
16	8380
16	8381
16	8382
16	8383
16	8384
16	8385
16	8386
16	8387
16	8388
16	8389
16	8390
16	8391
16	8392
16	8393
16	8394
16	8395
16	8396
16	8397
16	8398
16	8399
16	8400
16	8401
16	8402
16	8403
16	8404
16	8405
16	8406
16	8407
16	8408
16	8409
16	8410
16	8411
16	8412
16	8413
16	8414
16	8415
16	8416
16	8417
16	8418
16	8419
16	8420
16	8421
16	8422
16	8423
16	8424
16	8425
16	8426
16	8427
16	8428
16	8429
16	8430
16	8431
16	8432
16	8433
16	8434
16	8435
16	8436
16	8437
16	8438
16	8439
16	8440
16	8441
16	8442
16	8443
16	8444
16	8445
16	8446
16	8447
16	8448
16	8449
16	8450
16	8451
16	8452
16	8453
16	8454
16	8455
16	8456
16	8457
16	8458
16	8459
16	8460
16	8461
16	8462
16	8463
16	8464
16	8465
16	8466
16	8467
16	8468
16	8469
16	8470
16	8471
16	8472
16	8473
16	8474
16	8475
16	8476
16	8477
16	8478
16	8479
16	8480
16	8481
16	8482
16	8483
16	8484
16	8485
16	8486
16	8487
16	8488
16	8489
16	8490
16	8491
16	8492
16	8493
16	8494
16	8495
16	8496
16	8497
16	8498
16	8499
16	8500
16	8501
16	8502
16	8503
16	8504
16	8505
16	8506
16	8507
16	8508
16	8509
16	8510
16	8511
16	8512
16	8513
16	8514
16	8515
16	8516
16	8517
16	8518
16	8519
16	8520
16	8521
16	8522
16	8523
16	8524
16	8525
16	8526
16	8527
16	8528
16	8529
16	8530
16	8531
16	8532
16	8533
16	8534
16	8535
16	8536
16	8537
16	8538
16	8539
16	8540
16	8541
16	8542
16	8543
16	8544
16	8545
16	8546
16	8547
16	8548
16	8549
16	8550
16	8551
16	8552
16	8553
16	8554
16	8555
16	8556
16	8557
16	8558
16	8559
16	8560
16	8561
16	8562
16	8563
16	8564
16	8565
16	8566
16	8567
16	8568
16	8569
16	8570
16	8571
16	8572
16	8573
16	8574
16	8575
16	8576
16	8577
16	8578
16	8579
16	8580
16	8581
16	8582
16	8583
16	8584
16	8585
16	8586
16	8587
16	8588
16	8589
16	8590
16	8591
16	8592
16	8593
16	8594
16	8595
16	8596
16	8597
16	8598
16	8599
16	8600
16	8601
16	8602
16	8603
16	8604
16	8605
16	8606
16	8607
16	8608
16	8609
16	8610
16	8611
16	8612
16	8613
16	8614
16	8615
16	8616
16	8617
16	8618
16	8619
16	8620
16	8621
16	8622
16	8623
16	8624
16	8625
16	8626
16	8627
16	8628
16	8629
16	8630
16	8631
16	8632
16	8633
16	8634
16	8635
16	8636
16	8637
16	8638
16	8639
16	8640
16	8641
16	8642
16	8643
16	8644
16	8645
16	8646
16	8647
16	8648
16	8649
16	8650
16	8651
16	8652
16	8653
16	8654
16	8655
16	8656
16	8657
16	8658
16	8659
16	8660
16	8661
16	8662
16	8663
16	8664
16	8665
16	8666
16	8667
16	8668
16	8669
16	8670
16	8671
16	8672
16	8673
16	8674
16	8675
16	8676
16	8677
16	8678
16	8679
16	8680
16	8681
16	8682
16	8683
16	8684
16	8685
16	8686
16	8687
16	8688
16	8689
16	8690
16	8691
16	8692
16	8693
16	8694
16	8695
16	8696
16	8697
16	8698
16	8699
16	8700
16	8701
16	8702
16	8703
16	8704
16	8705
16	8706
16	8707
16	8708
16	8709
16	8710
16	8711
16	8712
16	8713
16	8714
16	8715
16	8716
16	8717
16	8718
16	8719
16	8720
16	8721
16	8722
16	8723
16	8724
16	8725
16	8726
16	8727
16	8728
16	8729
16	8730
16	8731
16	8732
16	8733
16	8734
16	8735
16	8736
16	8737
16	8738
16	8739
16	8740
16	8741
16	8742
16	8743
16	8744
16	8745
16	8746
16	8747
16	8748
16	8749
16	8750
16	8751
16	8752
16	8753
16	8754
16	8755
16	8756
16	8757
16	8758
16	8759
16	8760
16	8761
16	8762
16	8763
16	8764
16	8765
16	8766
16	8767
16	8768
16	8769
16	8770
16	8771
16	8772
16	8773
16	8774
16	8775
16	8776
16	8777
16	8778
16	8779
16	8780
16	8781
16	8782
16	8783
16	8784
16	8785
16	8786
16	8787
16	8788
16	8789
16	8790
16	8791
16	8792
16	8793
16	8794
16	8795
16	8796
16	8797
16	8798
16	8799
16	8800
16	8801
16	8802
16	8803
16	8804
16	8805
16	8806
16	8807
16	8808
16	8809
16	8810
16	8811
16	8812
16	8813
16	8814
16	8815
16	8816
16	8817
16	8818
16	8819
16	8820
16	8821
16	8822
16	8823
16	8824
16	8825
16	8826
16	8827
16	8828
16	8829
16	8830
16	8831
16	8832
16	8833
16	8834
16	8835
16	8836
16	8837
16	8838
16	8839
16	8840
16	8841
16	8842
16	8843
16	8844
16	8845
16	8846
16	8847
16	8848
16	8849
16	8850
16	8851
16	8852
16	8853
16	8854
16	8855
16	8856
16	8857
16	8858
16	8859
16	8860
16	8861
16	8862
16	8863
16	8864
16	8865
16	8866
16	8867
16	8868
16	8869
16	8870
16	8871
16	8872
16	8873
16	8874
16	8875
16	8876
16	8877
16	8878
16	8879
16	8880
16	8881
16	8882
16	8883
16	8884
16	8885
16	8886
16	8887
16	8888
16	8889
16	8890
16	8891
16	8892
16	8893
16	8894
16	8895
16	8896
16	8897
16	8898
16	8899
16	8900
16	8901
16	8902
16	8903
16	8904
16	8905
16	8906
16	8907
16	8908
16	8909
16	8910
16	8911
16	8912
16	8913
16	8914
16	8915
16	8916
16	8917
16	8918
16	8919
16	8920
16	8921
16	8922
16	8923
16	8924
16	8925
16	8926
16	8927
16	8928
16	8929
16	8930
16	8931
16	8932
16	8933
16	8934
16	8935
16	8936
16	8937
16	8938
16	8939
16	8940
16	8941
16	8942
16	8943
16	8944
16	8945
16	8946
16	8947
16	8948
16	8949
16	8950
16	8951
16	8952
16	8953
16	8954
16	8955
16	8956
16	8957
16	8958
16	8959
16	8960
16	8961
16	8962
16	8963
16	8964
16	8965
16	8966
16	8967
16	8968
16	8969
16	8970
16	8971
16	8972
16	8973
16	8974
16	8975
16	8976
16	8977
16	8978
16	8979
16	8980
16	8981
16	8982
16	8983
16	8984
16	8985
16	8986
16	8987
16	8988
16	8989
16	8990
16	8991
16	8992
16	8993
16	8994
16	8995
16	8996
16	8997
16	8998
16	8999
16	9000
16	9001
16	9002
16	9003
16	9004
16	9005
16	9006
16	9007
16	9008
16	9009
16	9010
16	9011
16	9012
16	9013
16	9014
16	9015
16	9016
16	9017
16	9018
16	9019
16	9020
16	9021
16	9022
16	9023
16	9024
16	9025
16	9026
16	9027
16	9028
16	9029
16	9030
16	9031
16	9032
16	9033
16	9034
16	9035
16	9036
16	9037
16	9038
16	9039
16	9040
16	9041
16	9042
16	9043
16	9044
16	9045
16	9046
16	9047
16	9048
16	9049
16	9050
16	9051
16	9052
16	9053
16	9054
16	9055
16	9056
16	9057
16	9058
16	9059
16	9060
16	9061
16	9062
16	9063
16	9064
16	9065
16	9066
16	9067
16	9068
16	9069
16	9070
16	9071
16	9072
16	9073
16	9074
16	9075
16	9076
16	9077
16	9078
16	9079
16	9080
16	9081
16	9082
16	9083
16	9084
16	9085
16	9086
16	9087
16	9088
16	9089
16	9090
16	9091
16	9092
16	9093
16	9094
16	9095
16	9096
16	9097
16	9098
16	9099
16	9100
16	9101
16	9102
16	9103
16	9104
16	9105
16	9106
16	9107
16	9108
16	9109
16	9110
16	9111
16	9112
16	9113
16	9114
16	9115
16	9116
16	9117
16	9118
16	9119
16	9120
16	9121
16	9122
16	9123
16	9124
16	9125
16	9126
16	9127
16	9128
16	9129
16	9130
16	9131
16	9132
16	9133
16	9134
16	9135
16	9136
16	9137
16	9138
16	9139
16	9140
16	9141
16	9142
16	9143
16	9144
16	9145
16	9146
16	9147
16	9148
16	9149
16	9150
16	9151
16	9152
16	9153
16	9154
16	9155
16	9156
16	9157
16	9158
16	9159
16	9160
16	9161
16	9162
16	9163
16	9164
16	9165
16	9166
16	9167
16	9168
16	9169
16	9170
16	9171
16	9172
16	9173
16	9174
16	9175
16	9176
16	9177
16	9178
16	9179
16	9180
16	9181
16	9182
16	9183
16	9184
16	9185
16	9186
16	9187
16	9188
16	9189
16	9190
16	9191
16	9192
16	9193
16	9194
16	9195
16	9196
16	9197
16	9198
16	9199
16	9200
16	9201
16	9202
16	9203
16	9204
16	9205
16	9206
16	9207
16	9208
16	9209
16	9210
16	9211
16	9212
16	9213
16	9214
16	9215
16	9216
16	9217
16	9218
16	9219
16	9220
16	9221
16	9222
16	9223
16	9224
16	9225
16	9226
16	9227
16	9228
16	9229
16	9230
16	9231
16	9232
16	9233
16	9234
16	9235
16	9236
16	9237
16	9238
16	9239
16	9240
16	9241
16	9242
16	9243
16	9244
16	9245
16	9246
16	9247
16	9248
16	9249
16	9250
16	9251
16	9252
16	9253
16	9254
16	9255
16	9256
16	9257
16	9258
16	9259
16	9260
16	9261
16	9262
16	9263
16	9264
16	9265
16	9266
16	9267
16	9268
16	9269
16	9270
16	9271
16	9272
16	9273
16	9274
16	9275
16	9276
16	9277
16	9278
16	9279
16	9280
16	9281
16	9282
16	9283
16	9284
16	9285
16	9286
16	9287
16	9288
16	9289
16	9290
16	9291
16	9292
16	9293
16	9294
16	9295
16	9296
16	9297
16	9298
16	9299
16	9300
16	9301
16	9302
16	9303
16	9304
16	9305
16	9306
16	9307
16	9308
16	9309
16	9310
16	9311
16	9312
16	9313
16	9314
16	9315
16	9316
16	9317
16	9318
16	9319
16	9320
16	9321
16	9322
16	9323
16	9324
16	9325
16	9326
16	9327
16	9328
16	9329
16	9330
16	9331
16	9332
16	9333
16	9334
16	9335
16	9336
16	9337
16	9338
16	9339
16	9340
16	9341
16	9342
16	9343
16	9344
16	9345
16	9346
16	9347
16	9348
16	9349
16	9350
16	9351
16	9352
16	9353
16	9354
16	9355
16	9356
16	9357
16	9358
16	9359
16	9360
16	9361
16	9362
16	9363
16	9364
16	9365
16	9366
16	9367
16	9368
16	9369
16	9370
16	9371
16	9372
16	9373
16	9374
16	9375
16	9376
16	9377
16	9378
16	9379
16	9380
16	9381
16	9382
16	9383
16	9384
16	9385
16	9386
16	9387
16	9388
16	9389
16	9390
16	9391
16	9392
16	9393
16	9394
16	9395
16	9396
16	9397
16	9398
16	9399
16	9400
16	9401
16	9402
16	9403
16	9404
16	9405
16	9406
16	9407
16	9408
16	9409
16	9410
16	9411
16	9412
16	9413
16	9414
16	9415
16	9416
16	9417
16	9418
16	9419
16	9420
16	9421
16	9422
16	9423
16	9424
16	9425
16	9426
16	9427
16	9428
16	9429
16	9430
16	9431
16	9432
16	9433
16	9434
16	9435
16	9436
16	9437
16	9438
16	9439
16	9440
16	9441
16	9442
16	9443
16	9444
16	9445
16	9446
16	9447
16	9448
16	9449
16	9450
16	9451
16	9452
16	9453
16	9454
16	9455
16	9456
16	9457
16	9458
16	9459
16	9460
16	9461
16	9462
16	9463
16	9464
16	9465
16	9466
16	9467
16	9468
16	9469
16	9470
16	9471
16	9472
16	9473
16	9474
16	9475
16	9476
16	9477
16	9478
16	9479
16	9480
16	9481
16	9482
16	9483
16	9484
16	9485
16	9486
16	9487
16	9488
16	9489
16	9490
16	9491
16	9492
16	9493
16	9494
16	9495
16	9496
16	9497
16	9498
16	9499
16	9500
16	9501
16	9502
16	9503
16	9504
16	9505
16	9506
16	9507
16	9508
16	9509
16	9510
16	9511
16	9512
16	9513
16	9514
16	9515
16	9516
16	9517
16	9518
16	9519
16	9520
16	9521
16	9522
16	9523
16	9524
16	9525
16	9526
16	9527
16	9528
16	9529
16	9530
16	9531
16	9532
16	9533
16	9534
16	9535
16	9536
16	9537
16	9538
16	9539
16	9540
16	9541
16	9542
16	9543
16	9544
16	9545
16	9546
16	9547
16	9548
16	9549
16	9550
16	9551
16	9552
16	9553
16	9554
16	9555
16	9556
16	9557
16	9558
16	9559
16	9560
16	9561
16	9562
16	9563
16	9564
16	9565
16	9566
16	9567
16	9568
16	9569
16	9570
16	9571
16	9572
16	9573
16	9574
16	9575
16	9576
16	9577
16	9578
16	9579
16	9580
16	9581
16	9582
16	9583
16	9584
16	9585
16	9586
16	9587
16	9588
16	9589
16	9590
16	9591
16	9592
16	9593
16	9594
16	9595
16	9596
16	9597
16	9598
16	9599
16	9600
16	9601
16	9602
16	9603
16	9604
16	9605
16	9606
16	9607
16	9608
16	9609
16	9610
16	9611
16	9612
16	9613
16	9614
16	9615
16	9616
16	9617
16	9618
16	9619
16	9620
16	9621
16	9622
16	9623
16	9624
16	9625
16	9626
16	9627
16	9628
16	9629
16	9630
16	9631
16	9632
16	9633
16	9634
16	9635
16	9636
16	9637
16	9638
16	9639
16	9640
16	9641
16	9642
16	9643
16	9644
16	9645
16	9646
16	9647
16	9648
16	9649
16	9650
16	9651
16	9652
16	9653
16	9654
16	9655
16	9656
16	9657
16	9658
16	9659
16	9660
16	9661
16	9662
16	9663
16	9664
16	9665
16	9666
16	9667
16	9668
16	9669
16	9670
16	9671
16	9672
16	9673
16	9674
16	9675
16	9676
16	9677
16	9678
16	9679
16	9680
16	9681
16	9682
16	9683
16	9684
16	9685
16	9686
16	9687
16	9688
16	9689
16	9690
16	9691
16	9692
16	9693
16	9694
16	9695
16	9696
16	9697
16	9698
16	9699
16	9700
16	9701
16	9702
16	9703
16	9704
16	9705
16	9706
16	9707
16	9708
16	9709
16	9710
16	9711
16	9712
16	9713
16	9714
16	9715
16	9716
16	9717
16	9718
16	9719
16	9720
16	9721
16	9722
16	9723
16	9724
16	9725
16	9726
16	9727
16	9728
16	9729
16	9730
16	9731
16	9732
16	9733
16	9734
16	9735
16	9736
16	9737
16	9738
16	9739
16	9740
16	9741
16	9742
16	9743
16	9744
16	9745
16	9746
16	9747
16	9748
16	9749
16	9750
16	9751
16	9752
16	9753
16	9754
16	9755
16	9756
16	9757
16	9758
16	9759
16	9760
16	9761
16	9762
16	9763
16	9764
16	9765
16	9766
16	9767
16	9768
16	9769
16	9770
16	9771
16	9772
16	9773
16	9774
16	9775
16	9776
16	9777
16	9778
16	9779
16	9780
16	9781
16	9782
16	9783
16	9784
16	9785
16	9786
16	9787
16	9788
16	9789
16	9790
16	9791
16	9792
16	9793
16	9794
16	9795
16	9796
16	9797
16	9798
16	9799
16	9800
16	9801
16	9802
16	9803
16	9804
16	9805
16	9806
16	9807
16	9808
16	9809
16	9810
16	9811
16	9812
16	9813
16	9814
16	9815
16	9816
16	9817
16	9818
16	9819
16	9820
16	9821
16	9822
16	9823
16	9824
16	9825
16	9826
16	9827
16	9828
16	9829
16	9830
16	9831
16	9832
16	9833
16	9834
16	9835
16	9836
16	9837
16	9838
16	9839
16	9840
16	9841
16	9842
16	9843
16	9844
16	9845
16	9846
16	9847
16	9848
16	9849
16	9850
16	9851
16	9852
16	9853
16	9854
16	9855
16	9856
16	9857
16	9858
16	9859
16	9860
16	9861
16	9862
16	9863
16	9864
16	9865
16	9866
16	9867
16	9868
16	9869
16	9870
16	9871
16	9872
16	9873
16	9874
16	9875
16	9876
16	9877
16	9878
16	9879
16	9880
16	9881
16	9882
16	9883
16	9884
16	9885
16	9886
16	9887
16	9888
16	9889
16	9890
16	9891
16	9892
16	9893
16	9894
16	9895
16	9896
16	9897
16	9898
16	9899
16	9900
16	9901
16	9902
16	9903
16	9904
16	9905
16	9906
16	9907
16	9908
16	9909
16	9910
16	9911
16	9912
16	9913
16	9914
16	9915
16	9916
16	9917
16	9918
16	9919
16	9920
16	9921
16	9922
16	9923
16	9924
16	9925
16	9926
16	9927
16	9928
16	9929
16	9930
16	9931
16	9932
16	9933
16	9934
16	9935
16	9936
16	9937
16	9938
16	9939
16	9940
16	9941
16	9942
16	9943
16	9944
16	9945
16	9946
16	9947
16	9948
16	9949
16	9950
16	9951
16	9952
16	9953
16	9954
16	9955
16	9956
16	9957
16	9958
16	9959
16	9960
16	9961
16	9962
16	9963
16	9964
16	9965
16	9966
16	9967
16	9968
16	9969
16	9970
16	9971
16	9972
16	9973
16	9974
16	9975
16	9976
16	9977
16	9978
16	9979
16	9980
16	9981
16	9982
16	9983
16	9984
16	9985
16	9986
16	9987
16	9988
16	9989
16	9990
16	9991
16	9992
16	9993
16	9994
16	9995
16	9996
16	9997
16	9998
16	9999
