Minimo	Corrida
12	36
12	230
12	687
12	2673
12	3421
13	2
13	3
13	27
13	38
13	53
13	59
13	65
13	67
13	95
13	99
13	102
13	114
13	124
13	130
13	146
13	148
13	157
13	179
13	180
13	196
13	200
13	204
13	208
13	211
13	218
13	220
13	223
13	235
13	240
13	243
13	249
13	253
13	263
13	266
13	272
13	277
13	287
13	302
13	313
13	326
13	329
13	335
13	346
13	347
13	350
13	354
13	359
13	367
13	371
13	380
13	385
13	389
13	402
13	420
13	426
13	445
13	446
13	464
13	467
13	471
13	473
13	478
13	480
13	489
13	490
13	494
13	495
13	502
13	504
13	507
13	521
13	524
13	530
13	538
13	541
13	559
13	562
13	572
13	576
13	579
13	586
13	596
13	601
13	604
13	613
13	619
13	620
13	633
13	652
13	657
13	659
13	665
13	673
13	677
13	681
13	714
13	715
13	719
13	721
13	725
13	727
13	729
13	745
13	750
13	754
13	761
13	763
13	765
13	776
13	780
13	787
13	793
13	794
13	813
13	821
13	825
13	836
13	847
13	863
13	881
13	893
13	902
13	920
13	945
13	961
13	968
13	978
13	984
13	992
13	1021
13	1033
13	1041
13	1054
13	1059
13	1060
13	1064
13	1065
13	1068
13	1070
13	1071
13	1078
13	1081
13	1091
13	1093
13	1106
13	1124
13	1127
13	1128
13	1133
13	1134
13	1138
13	1140
13	1141
13	1147
13	1150
13	1151
13	1164
13	1167
13	1186
13	1191
13	1199
13	1206
13	1212
13	1219
13	1247
13	1267
13	1295
13	1296
13	1301
13	1312
13	1313
13	1315
13	1324
13	1333
13	1353
13	1355
13	1379
13	1382
13	1383
13	1384
13	1393
13	1407
13	1408
13	1413
13	1429
13	1439
13	1441
13	1446
13	1462
13	1467
13	1476
13	1479
13	1483
13	1484
13	1499
13	1532
13	1534
13	1550
13	1563
13	1583
13	1592
13	1636
13	1640
13	1658
13	1684
13	1686
13	1689
13	1695
13	1696
13	1725
13	1729
13	1735
13	1737
13	1753
13	1758
13	1764
13	1770
13	1771
13	1776
13	1780
13	1787
13	1826
13	1844
13	1851
13	1853
13	1864
13	1874
13	1879
13	1880
13	1884
13	1897
13	1898
13	1915
13	1920
13	1922
13	1933
13	1983
13	2016
13	2021
13	2026
13	2028
13	2040
13	2048
13	2057
13	2063
13	2070
13	2072
13	2087
13	2098
13	2101
13	2105
13	2118
13	2126
13	2130
13	2136
13	2140
13	2145
13	2166
13	2183
13	2186
13	2204
13	2208
13	2220
13	2228
13	2230
13	2235
13	2242
13	2252
13	2267
13	2271
13	2302
13	2306
13	2308
13	2312
13	2315
13	2322
13	2323
13	2361
13	2370
13	2373
13	2384
13	2427
13	2438
13	2448
13	2466
13	2467
13	2468
13	2470
13	2474
13	2482
13	2494
13	2497
13	2499
13	2503
13	2519
13	2525
13	2539
13	2556
13	2558
13	2570
13	2583
13	2604
13	2616
13	2644
13	2661
13	2670
13	2678
13	2684
13	2694
13	2698
13	2704
13	2705
13	2710
13	2718
13	2731
13	2738
13	2739
13	2757
13	2758
13	2765
13	2780
13	2782
13	2786
13	2797
13	2812
13	2820
13	2823
13	2844
13	2853
13	2859
13	2876
13	2880
13	2884
13	2891
13	2894
13	2896
13	2901
13	2907
13	2913
13	2916
13	2917
13	2918
13	2919
13	2925
13	2931
13	2935
13	2941
13	2943
13	2958
13	2961
13	2964
13	2994
13	3014
13	3021
13	3027
13	3039
13	3057
13	3061
13	3069
13	3074
13	3079
13	3084
13	3097
13	3103
13	3106
13	3108
13	3111
13	3116
13	3131
13	3136
13	3151
13	3155
13	3160
13	3166
13	3173
13	3176
13	3201
13	3212
13	3216
13	3218
13	3219
13	3227
13	3242
13	3257
13	3263
13	3265
13	3279
13	3292
13	3295
13	3308
13	3310
13	3324
13	3334
13	3347
13	3352
13	3360
13	3361
13	3381
13	3398
13	3406
13	3407
13	3409
13	3427
13	3432
13	3443
13	3448
13	3449
13	3475
13	3478
13	3494
13	3505
13	3509
13	3521
13	3547
13	3558
13	3563
13	3582
13	3583
13	3588
13	3591
13	3615
13	3619
13	3625
13	3629
13	3646
13	3669
13	3672
13	3684
13	3691
13	3699
13	3701
13	3706
13	3719
13	3720
13	3726
13	3727
13	3733
13	3737
13	3750
13	3759
13	3767
13	3770
13	3777
13	3780
13	3783
13	3784
13	3790
13	3794
13	3807
13	3808
13	3828
13	3841
13	3848
13	3862
13	3863
13	3866
13	3870
13	3881
13	3897
13	3898
13	3900
13	3908
13	3914
13	3915
13	3925
13	3934
13	3975
13	3982
13	3990
13	3996
13	3997
13	4000
13	4010
13	4033
13	4034
13	4057
13	4064
13	4065
13	4075
13	4079
13	4080
13	4086
13	4093
13	4095
13	4098
13	4106
13	4108
13	4110
13	4119
13	4121
13	4127
13	4130
13	4134
13	4137
13	4166
13	4171
13	4174
13	4175
13	4202
13	4208
13	4216
13	4226
13	4231
13	4240
13	4246
13	4260
13	4266
13	4273
13	4286
13	4287
13	4295
13	4307
13	4308
13	4338
13	4346
13	4348
13	4358
13	4363
13	4387
13	4397
13	4409
13	4448
13	4455
13	4462
13	4481
13	4488
13	4501
13	4502
13	4516
13	4530
13	4552
13	4566
13	4574
13	4583
13	4588
13	4598
13	4599
13	4600
13	4608
13	4636
13	4638
13	4639
13	4644
13	4656
13	4658
13	4664
13	4685
13	4696
13	4699
13	4703
13	4708
13	4752
13	4787
13	4791
13	4800
13	4816
13	4830
13	4834
13	4836
13	4854
13	4856
13	4858
13	4860
13	4867
13	4875
13	4917
13	4927
13	4930
13	4933
13	4964
13	4967
13	4976
13	4992
13	5008
13	5017
13	5040
13	5061
13	5064
13	5069
13	5090
13	5098
13	5105
13	5118
13	5126
13	5142
13	5154
13	5160
13	5189
13	5196
13	5209
13	5212
13	5213
13	5218
13	5229
13	5237
13	5249
13	5265
13	5268
13	5271
13	5281
13	5287
13	5290
13	5302
13	5306
13	5314
13	5316
13	5339
13	5343
13	5346
13	5358
13	5360
13	5369
13	5374
13	5375
13	5377
13	5383
13	5385
13	5393
13	5409
13	5419
13	5426
13	5428
13	5435
13	5437
13	5442
13	5449
13	5455
13	5488
13	5491
13	5492
13	5496
13	5498
13	5502
13	5509
13	5511
13	5530
13	5531
13	5541
13	5543
13	5547
13	5555
13	5558
13	5573
13	5594
13	5616
13	5621
13	5631
13	5635
13	5666
13	5667
13	5680
13	5693
13	5697
13	5708
13	5713
13	5736
13	5744
13	5765
13	5780
13	5789
13	5790
13	5793
13	5794
13	5795
13	5804
13	5806
13	5819
13	5844
13	5847
13	5857
13	5877
13	5889
13	5897
13	5910
13	5943
13	5956
13	5958
13	5967
13	5969
13	5975
13	5976
13	5989
13	5994
13	5996
13	5998
13	6004
13	6011
13	6012
13	6014
13	6017
13	6020
13	6024
13	6062
13	6065
13	6066
13	6067
13	6070
13	6072
13	6074
13	6084
13	6086
13	6087
13	6091
13	6104
13	6108
13	6110
13	6113
13	6119
13	6126
13	6137
13	6149
13	6154
13	6158
13	6159
13	6173
13	6174
13	6190
13	6206
13	6213
13	6216
13	6227
13	6243
13	6250
13	6257
13	6296
13	6315
13	6338
13	6340
13	6352
13	6365
13	6367
13	6380
13	6389
13	6395
13	6400
13	6401
13	6418
13	6438
13	6440
13	6443
13	6447
13	6453
13	6477
13	6500
13	6506
13	6532
13	6546
13	6560
13	6578
13	6589
13	6604
13	6628
13	6633
13	6636
13	6640
13	6642
13	6652
13	6657
13	6659
13	6674
13	6680
13	6682
13	6692
13	6706
13	6733
13	6734
13	6756
13	6773
13	6786
13	6787
13	6794
13	6796
13	6809
13	6811
13	6812
13	6816
13	6820
13	6825
13	6832
13	6840
13	6876
13	6888
13	6903
13	6905
13	6920
13	6933
13	6935
13	6939
13	6942
13	6955
13	6956
13	6972
13	6985
13	6991
13	6994
13	7008
13	7013
13	7014
13	7017
13	7023
13	7041
13	7049
13	7064
13	7076
13	7079
13	7108
13	7115
13	7129
13	7132
13	7133
13	7136
13	7138
13	7146
13	7147
13	7152
13	7164
13	7168
13	7174
13	7180
13	7183
13	7192
13	7193
13	7204
13	7212
13	7220
13	7223
13	7232
13	7233
13	7235
13	7236
13	7259
13	7267
13	7286
13	7288
13	7293
13	7320
13	7321
13	7327
13	7334
13	7346
13	7353
13	7355
13	7356
13	7358
13	7374
13	7376
13	7390
13	7395
13	7411
13	7417
13	7418
13	7425
13	7428
13	7432
13	7441
13	7453
13	7458
13	7461
13	7470
13	7480
13	7484
13	7496
13	7504
13	7505
13	7514
13	7535
13	7538
13	7543
13	7551
13	7564
13	7575
13	7588
13	7593
13	7596
13	7615
13	7621
13	7628
13	7675
13	7696
13	7697
13	7701
13	7708
13	7712
13	7718
13	7736
13	7740
13	7742
13	7755
13	7772
13	7775
13	7782
13	7807
13	7810
13	7815
13	7818
13	7826
13	7849
13	7853
13	7859
13	7862
13	7872
13	7873
13	7899
13	7920
13	7956
13	7959
13	7965
13	7970
13	7998
13	8011
13	8025
13	8033
13	8044
13	8059
13	8060
13	8091
13	8112
13	8143
13	8148
13	8154
13	8158
13	8160
13	8163
13	8175
13	8179
13	8181
13	8193
13	8199
13	8200
13	8204
13	8206
13	8217
13	8226
13	8245
13	8246
13	8248
13	8271
13	8288
13	8292
13	8303
13	8307
13	8322
13	8325
13	8326
13	8329
13	8336
13	8339
13	8342
13	8352
13	8353
13	8377
13	8381
13	8387
13	8401
13	8405
13	8417
13	8418
13	8427
13	8428
13	8450
13	8454
13	8455
13	8464
13	8468
13	8471
13	8477
13	8493
13	8522
13	8529
13	8530
13	8537
13	8543
13	8545
13	8563
13	8595
13	8600
13	8616
13	8633
13	8662
13	8673
13	8681
13	8687
13	8691
13	8701
13	8703
13	8709
13	8715
13	8731
13	8743
13	8764
13	8769
13	8778
13	8783
13	8784
13	8786
13	8793
13	8795
13	8799
13	8804
13	8813
13	8815
13	8824
13	8831
13	8836
13	8842
13	8847
13	8868
13	8875
13	8884
13	8885
13	8895
13	8901
13	8929
13	8939
13	8942
13	8943
13	8951
13	8952
13	8966
13	8978
13	8980
13	8982
13	8986
13	8989
13	8999
13	9004
13	9020
13	9034
13	9040
13	9051
13	9052
13	9054
13	9057
13	9065
13	9069
13	9072
13	9083
13	9090
13	9094
13	9096
13	9104
13	9110
13	9112
13	9123
13	9127
13	9137
13	9138
13	9144
13	9152
13	9156
13	9162
13	9180
13	9191
13	9196
13	9208
13	9213
13	9214
13	9228
13	9240
13	9252
13	9258
13	9259
13	9262
13	9266
13	9271
13	9321
13	9327
13	9331
13	9356
13	9367
13	9375
13	9377
13	9407
13	9421
13	9433
13	9440
13	9441
13	9449
13	9458
13	9474
13	9475
13	9478
13	9480
13	9502
13	9549
13	9555
13	9556
13	9575
13	9580
13	9584
13	9595
13	9599
13	9622
13	9623
13	9640
13	9641
13	9647
13	9665
13	9666
13	9687
13	9694
13	9706
13	9710
13	9724
13	9735
13	9744
13	9745
13	9772
13	9775
13	9776
13	9782
13	9791
13	9794
13	9800
13	9801
13	9802
13	9806
13	9819
13	9829
13	9837
13	9861
13	9864
13	9865
13	9873
13	9885
13	9890
13	9892
13	9894
13	9895
13	9914
13	9917
13	9924
13	9927
13	9928
13	9929
13	9944
13	9948
13	9949
13	9960
13	9968
13	9977
13	9981
13	9982
13	9988
13	9996
14	0
14	1
14	5
14	7
14	8
14	11
14	14
14	15
14	16
14	17
14	18
14	19
14	22
14	24
14	28
14	29
14	32
14	35
14	37
14	39
14	41
14	42
14	43
14	44
14	45
14	46
14	48
14	57
14	58
14	62
14	63
14	66
14	70
14	72
14	75
14	76
14	77
14	78
14	81
14	82
14	83
14	84
14	85
14	86
14	87
14	88
14	90
14	93
14	96
14	98
14	100
14	101
14	103
14	105
14	107
14	108
14	113
14	115
14	116
14	118
14	120
14	123
14	126
14	127
14	128
14	129
14	131
14	134
14	137
14	138
14	140
14	141
14	142
14	145
14	152
14	154
14	155
14	158
14	159
14	160
14	162
14	164
14	165
14	166
14	169
14	171
14	175
14	182
14	183
14	184
14	185
14	187
14	188
14	189
14	191
14	192
14	193
14	194
14	195
14	197
14	198
14	201
14	206
14	209
14	212
14	214
14	219
14	221
14	224
14	225
14	226
14	229
14	234
14	236
14	238
14	239
14	242
14	244
14	245
14	246
14	247
14	251
14	252
14	254
14	255
14	256
14	257
14	269
14	270
14	273
14	274
14	275
14	278
14	280
14	281
14	282
14	284
14	286
14	288
14	289
14	291
14	293
14	295
14	296
14	297
14	298
14	299
14	303
14	304
14	305
14	307
14	309
14	310
14	311
14	318
14	320
14	321
14	324
14	327
14	330
14	331
14	332
14	333
14	336
14	338
14	339
14	340
14	341
14	342
14	344
14	345
14	349
14	352
14	353
14	356
14	357
14	358
14	360
14	362
14	363
14	368
14	369
14	372
14	376
14	377
14	378
14	381
14	382
14	383
14	386
14	387
14	388
14	390
14	391
14	393
14	395
14	400
14	401
14	403
14	404
14	405
14	406
14	407
14	409
14	411
14	414
14	417
14	418
14	419
14	423
14	424
14	427
14	428
14	429
14	432
14	434
14	439
14	441
14	442
14	444
14	448
14	450
14	451
14	452
14	453
14	456
14	459
14	460
14	462
14	465
14	466
14	475
14	476
14	477
14	479
14	483
14	491
14	492
14	493
14	496
14	497
14	499
14	503
14	505
14	508
14	509
14	510
14	511
14	512
14	513
14	518
14	519
14	522
14	525
14	526
14	528
14	531
14	532
14	533
14	534
14	535
14	536
14	537
14	542
14	543
14	554
14	555
14	556
14	557
14	564
14	568
14	569
14	571
14	573
14	575
14	580
14	581
14	585
14	587
14	588
14	589
14	595
14	597
14	598
14	602
14	606
14	608
14	610
14	611
14	616
14	617
14	618
14	622
14	626
14	628
14	629
14	630
14	631
14	632
14	634
14	637
14	638
14	639
14	641
14	642
14	643
14	645
14	646
14	647
14	648
14	650
14	651
14	653
14	655
14	658
14	661
14	662
14	663
14	664
14	667
14	668
14	676
14	678
14	679
14	680
14	682
14	683
14	684
14	685
14	690
14	692
14	693
14	694
14	696
14	697
14	698
14	699
14	700
14	701
14	702
14	703
14	708
14	710
14	713
14	718
14	720
14	722
14	724
14	728
14	730
14	731
14	734
14	735
14	736
14	737
14	739
14	741
14	742
14	743
14	747
14	748
14	751
14	752
14	755
14	756
14	759
14	760
14	762
14	764
14	766
14	770
14	771
14	773
14	774
14	775
14	777
14	781
14	782
14	783
14	786
14	788
14	789
14	790
14	792
14	796
14	797
14	801
14	802
14	803
14	804
14	806
14	807
14	808
14	809
14	810
14	811
14	814
14	816
14	818
14	822
14	823
14	827
14	828
14	829
14	830
14	831
14	837
14	838
14	839
14	840
14	841
14	842
14	844
14	845
14	848
14	849
14	850
14	851
14	852
14	855
14	856
14	858
14	859
14	860
14	865
14	866
14	867
14	868
14	869
14	872
14	873
14	874
14	875
14	877
14	878
14	879
14	882
14	884
14	889
14	891
14	892
14	897
14	903
14	904
14	905
14	906
14	907
14	911
14	912
14	913
14	914
14	915
14	918
14	919
14	922
14	924
14	925
14	927
14	929
14	931
14	934
14	935
14	940
14	943
14	946
14	949
14	951
14	954
14	957
14	958
14	962
14	963
14	964
14	966
14	967
14	970
14	971
14	975
14	976
14	980
14	981
14	983
14	986
14	988
14	989
14	990
14	991
14	993
14	995
14	1001
14	1002
14	1004
14	1006
14	1007
14	1008
14	1009
14	1011
14	1012
14	1016
14	1018
14	1019
14	1020
14	1022
14	1023
14	1025
14	1028
14	1031
14	1034
14	1035
14	1036
14	1037
14	1038
14	1039
14	1040
14	1043
14	1045
14	1046
14	1050
14	1051
14	1052
14	1053
14	1056
14	1062
14	1063
14	1072
14	1074
14	1075
14	1076
14	1077
14	1079
14	1086
14	1089
14	1090
14	1095
14	1096
14	1097
14	1099
14	1101
14	1102
14	1104
14	1109
14	1110
14	1112
14	1113
14	1114
14	1116
14	1117
14	1119
14	1120
14	1126
14	1135
14	1136
14	1137
14	1142
14	1143
14	1144
14	1145
14	1146
14	1148
14	1152
14	1153
14	1158
14	1159
14	1162
14	1165
14	1168
14	1171
14	1172
14	1173
14	1174
14	1179
14	1181
14	1183
14	1184
14	1188
14	1190
14	1192
14	1193
14	1195
14	1200
14	1202
14	1203
14	1204
14	1205
14	1207
14	1210
14	1215
14	1216
14	1218
14	1221
14	1222
14	1224
14	1225
14	1227
14	1232
14	1235
14	1236
14	1238
14	1239
14	1241
14	1244
14	1245
14	1249
14	1250
14	1252
14	1253
14	1257
14	1260
14	1261
14	1262
14	1263
14	1264
14	1268
14	1269
14	1270
14	1271
14	1272
14	1273
14	1276
14	1277
14	1278
14	1282
14	1287
14	1289
14	1290
14	1292
14	1293
14	1297
14	1299
14	1300
14	1303
14	1305
14	1307
14	1308
14	1309
14	1310
14	1311
14	1314
14	1316
14	1317
14	1318
14	1319
14	1321
14	1322
14	1325
14	1327
14	1329
14	1330
14	1338
14	1340
14	1343
14	1346
14	1347
14	1348
14	1352
14	1358
14	1365
14	1366
14	1368
14	1369
14	1372
14	1374
14	1375
14	1376
14	1377
14	1378
14	1380
14	1385
14	1386
14	1388
14	1389
14	1392
14	1395
14	1396
14	1399
14	1402
14	1403
14	1405
14	1416
14	1422
14	1423
14	1425
14	1426
14	1428
14	1430
14	1431
14	1435
14	1437
14	1438
14	1440
14	1442
14	1443
14	1444
14	1449
14	1450
14	1451
14	1452
14	1453
14	1454
14	1457
14	1459
14	1464
14	1465
14	1466
14	1468
14	1470
14	1471
14	1472
14	1475
14	1477
14	1482
14	1486
14	1491
14	1492
14	1493
14	1494
14	1495
14	1497
14	1501
14	1505
14	1506
14	1509
14	1511
14	1512
14	1513
14	1519
14	1520
14	1521
14	1523
14	1524
14	1527
14	1528
14	1529
14	1530
14	1536
14	1538
14	1539
14	1541
14	1542
14	1543
14	1545
14	1546
14	1547
14	1549
14	1551
14	1554
14	1556
14	1558
14	1560
14	1562
14	1564
14	1567
14	1570
14	1572
14	1574
14	1576
14	1577
14	1578
14	1579
14	1580
14	1581
14	1582
14	1585
14	1586
14	1588
14	1589
14	1590
14	1594
14	1597
14	1598
14	1600
14	1603
14	1604
14	1605
14	1606
14	1607
14	1608
14	1610
14	1611
14	1616
14	1617
14	1619
14	1621
14	1622
14	1623
14	1624
14	1626
14	1630
14	1631
14	1633
14	1634
14	1635
14	1637
14	1638
14	1639
14	1641
14	1642
14	1643
14	1644
14	1646
14	1653
14	1655
14	1656
14	1657
14	1660
14	1662
14	1666
14	1667
14	1669
14	1671
14	1672
14	1673
14	1674
14	1677
14	1678
14	1679
14	1680
14	1681
14	1683
14	1685
14	1690
14	1691
14	1698
14	1699
14	1702
14	1703
14	1706
14	1707
14	1708
14	1710
14	1711
14	1714
14	1718
14	1722
14	1723
14	1726
14	1727
14	1728
14	1731
14	1732
14	1733
14	1734
14	1736
14	1738
14	1739
14	1740
14	1743
14	1744
14	1745
14	1746
14	1747
14	1748
14	1749
14	1752
14	1755
14	1757
14	1759
14	1761
14	1763
14	1765
14	1766
14	1767
14	1768
14	1773
14	1774
14	1777
14	1778
14	1781
14	1782
14	1783
14	1786
14	1788
14	1789
14	1790
14	1791
14	1792
14	1794
14	1795
14	1796
14	1798
14	1801
14	1802
14	1803
14	1804
14	1805
14	1806
14	1807
14	1808
14	1809
14	1810
14	1814
14	1818
14	1821
14	1824
14	1825
14	1827
14	1828
14	1831
14	1832
14	1833
14	1834
14	1835
14	1837
14	1838
14	1839
14	1840
14	1842
14	1843
14	1845
14	1847
14	1852
14	1854
14	1856
14	1858
14	1860
14	1863
14	1865
14	1868
14	1870
14	1871
14	1872
14	1873
14	1876
14	1881
14	1883
14	1885
14	1887
14	1888
14	1890
14	1891
14	1893
14	1894
14	1896
14	1903
14	1905
14	1907
14	1909
14	1911
14	1912
14	1913
14	1914
14	1916
14	1917
14	1918
14	1919
14	1921
14	1923
14	1926
14	1928
14	1929
14	1931
14	1932
14	1936
14	1939
14	1942
14	1944
14	1945
14	1947
14	1949
14	1950
14	1951
14	1955
14	1956
14	1958
14	1964
14	1966
14	1967
14	1974
14	1975
14	1976
14	1978
14	1979
14	1980
14	1981
14	1982
14	1988
14	1990
14	1991
14	1995
14	1997
14	1998
14	1999
14	2000
14	2001
14	2002
14	2005
14	2006
14	2007
14	2010
14	2012
14	2014
14	2020
14	2022
14	2023
14	2024
14	2025
14	2029
14	2035
14	2036
14	2038
14	2041
14	2042
14	2045
14	2046
14	2047
14	2049
14	2050
14	2054
14	2059
14	2060
14	2061
14	2064
14	2065
14	2069
14	2073
14	2076
14	2077
14	2078
14	2079
14	2081
14	2083
14	2084
14	2086
14	2090
14	2091
14	2095
14	2096
14	2102
14	2103
14	2106
14	2107
14	2108
14	2110
14	2111
14	2112
14	2114
14	2115
14	2120
14	2121
14	2122
14	2123
14	2124
14	2131
14	2132
14	2133
14	2134
14	2137
14	2139
14	2141
14	2142
14	2144
14	2147
14	2150
14	2152
14	2155
14	2157
14	2159
14	2160
14	2162
14	2164
14	2165
14	2169
14	2170
14	2171
14	2172
14	2173
14	2175
14	2177
14	2178
14	2180
14	2184
14	2185
14	2191
14	2192
14	2193
14	2194
14	2197
14	2200
14	2202
14	2203
14	2205
14	2206
14	2207
14	2210
14	2211
14	2213
14	2214
14	2216
14	2217
14	2218
14	2219
14	2221
14	2223
14	2225
14	2227
14	2231
14	2232
14	2234
14	2237
14	2238
14	2239
14	2243
14	2244
14	2246
14	2247
14	2248
14	2251
14	2253
14	2257
14	2262
14	2265
14	2266
14	2268
14	2269
14	2270
14	2273
14	2277
14	2278
14	2279
14	2280
14	2282
14	2283
14	2288
14	2289
14	2290
14	2291
14	2292
14	2293
14	2294
14	2295
14	2297
14	2298
14	2300
14	2301
14	2305
14	2307
14	2310
14	2313
14	2316
14	2317
14	2320
14	2326
14	2328
14	2329
14	2331
14	2334
14	2336
14	2338
14	2339
14	2340
14	2343
14	2345
14	2346
14	2347
14	2349
14	2350
14	2352
14	2353
14	2354
14	2355
14	2356
14	2359
14	2360
14	2363
14	2365
14	2366
14	2368
14	2374
14	2375
14	2377
14	2378
14	2379
14	2382
14	2383
14	2386
14	2389
14	2390
14	2391
14	2394
14	2397
14	2398
14	2400
14	2405
14	2406
14	2407
14	2408
14	2411
14	2414
14	2416
14	2417
14	2418
14	2421
14	2424
14	2425
14	2428
14	2430
14	2431
14	2432
14	2436
14	2440
14	2443
14	2444
14	2452
14	2453
14	2458
14	2463
14	2464
14	2471
14	2475
14	2477
14	2478
14	2479
14	2480
14	2483
14	2486
14	2488
14	2490
14	2495
14	2500
14	2501
14	2502
14	2504
14	2506
14	2507
14	2509
14	2511
14	2513
14	2514
14	2515
14	2516
14	2517
14	2520
14	2521
14	2522
14	2523
14	2524
14	2526
14	2530
14	2531
14	2532
14	2533
14	2534
14	2536
14	2538
14	2541
14	2543
14	2545
14	2548
14	2549
14	2550
14	2551
14	2552
14	2553
14	2554
14	2557
14	2561
14	2563
14	2564
14	2565
14	2566
14	2568
14	2569
14	2572
14	2575
14	2576
14	2579
14	2580
14	2584
14	2588
14	2589
14	2591
14	2593
14	2594
14	2596
14	2597
14	2601
14	2605
14	2608
14	2609
14	2610
14	2612
14	2613
14	2614
14	2615
14	2617
14	2618
14	2619
14	2620
14	2621
14	2624
14	2626
14	2628
14	2630
14	2632
14	2634
14	2635
14	2641
14	2642
14	2643
14	2645
14	2647
14	2648
14	2649
14	2650
14	2651
14	2652
14	2654
14	2655
14	2656
14	2657
14	2659
14	2660
14	2663
14	2664
14	2665
14	2666
14	2667
14	2671
14	2672
14	2674
14	2679
14	2680
14	2681
14	2683
14	2685
14	2687
14	2688
14	2689
14	2695
14	2696
14	2697
14	2699
14	2701
14	2702
14	2706
14	2707
14	2714
14	2715
14	2717
14	2720
14	2721
14	2724
14	2725
14	2726
14	2728
14	2729
14	2732
14	2733
14	2735
14	2736
14	2740
14	2741
14	2742
14	2744
14	2745
14	2749
14	2750
14	2752
14	2754
14	2755
14	2756
14	2760
14	2761
14	2763
14	2764
14	2768
14	2769
14	2771
14	2773
14	2776
14	2777
14	2779
14	2781
14	2783
14	2784
14	2785
14	2787
14	2788
14	2790
14	2791
14	2792
14	2793
14	2796
14	2798
14	2801
14	2804
14	2805
14	2806
14	2807
14	2808
14	2809
14	2810
14	2819
14	2822
14	2825
14	2826
14	2829
14	2830
14	2831
14	2832
14	2838
14	2843
14	2845
14	2846
14	2851
14	2852
14	2854
14	2856
14	2858
14	2861
14	2862
14	2863
14	2866
14	2867
14	2871
14	2873
14	2875
14	2877
14	2878
14	2879
14	2882
14	2885
14	2889
14	2892
14	2897
14	2898
14	2899
14	2903
14	2904
14	2905
14	2909
14	2910
14	2912
14	2914
14	2921
14	2923
14	2924
14	2926
14	2928
14	2930
14	2934
14	2936
14	2937
14	2938
14	2940
14	2942
14	2947
14	2952
14	2953
14	2954
14	2955
14	2956
14	2957
14	2959
14	2963
14	2968
14	2969
14	2970
14	2974
14	2978
14	2981
14	2982
14	2983
14	2986
14	2988
14	2989
14	2990
14	2991
14	2992
14	2997
14	3003
14	3008
14	3011
14	3015
14	3019
14	3020
14	3022
14	3023
14	3029
14	3030
14	3034
14	3035
14	3036
14	3041
14	3042
14	3043
14	3045
14	3047
14	3049
14	3053
14	3055
14	3056
14	3060
14	3062
14	3063
14	3068
14	3070
14	3071
14	3073
14	3076
14	3077
14	3081
14	3082
14	3083
14	3085
14	3093
14	3095
14	3096
14	3098
14	3100
14	3101
14	3102
14	3104
14	3105
14	3109
14	3112
14	3113
14	3115
14	3117
14	3118
14	3120
14	3123
14	3124
14	3126
14	3127
14	3128
14	3129
14	3130
14	3133
14	3134
14	3135
14	3140
14	3141
14	3144
14	3145
14	3146
14	3148
14	3156
14	3157
14	3158
14	3159
14	3161
14	3163
14	3165
14	3167
14	3168
14	3169
14	3172
14	3174
14	3179
14	3182
14	3183
14	3184
14	3185
14	3186
14	3188
14	3189
14	3190
14	3193
14	3194
14	3197
14	3199
14	3200
14	3202
14	3203
14	3204
14	3205
14	3209
14	3210
14	3211
14	3213
14	3217
14	3221
14	3222
14	3223
14	3224
14	3225
14	3226
14	3229
14	3232
14	3234
14	3235
14	3236
14	3237
14	3239
14	3241
14	3243
14	3244
14	3246
14	3247
14	3249
14	3250
14	3252
14	3255
14	3256
14	3258
14	3260
14	3262
14	3264
14	3269
14	3270
14	3271
14	3272
14	3273
14	3274
14	3276
14	3277
14	3281
14	3282
14	3284
14	3285
14	3286
14	3287
14	3288
14	3289
14	3291
14	3296
14	3297
14	3301
14	3302
14	3303
14	3304
14	3312
14	3313
14	3314
14	3315
14	3316
14	3317
14	3319
14	3325
14	3326
14	3327
14	3328
14	3331
14	3336
14	3337
14	3339
14	3340
14	3343
14	3344
14	3349
14	3350
14	3351
14	3353
14	3355
14	3358
14	3359
14	3362
14	3363
14	3364
14	3365
14	3367
14	3368
14	3370
14	3372
14	3373
14	3377
14	3382
14	3387
14	3388
14	3390
14	3392
14	3393
14	3394
14	3395
14	3396
14	3397
14	3399
14	3400
14	3401
14	3403
14	3408
14	3412
14	3413
14	3415
14	3416
14	3418
14	3420
14	3424
14	3425
14	3428
14	3430
14	3434
14	3436
14	3437
14	3438
14	3442
14	3444
14	3450
14	3453
14	3454
14	3457
14	3458
14	3461
14	3462
14	3464
14	3466
14	3467
14	3468
14	3470
14	3472
14	3474
14	3477
14	3482
14	3483
14	3484
14	3485
14	3486
14	3487
14	3489
14	3492
14	3495
14	3496
14	3501
14	3502
14	3503
14	3506
14	3507
14	3508
14	3510
14	3513
14	3514
14	3515
14	3516
14	3519
14	3522
14	3523
14	3524
14	3525
14	3526
14	3527
14	3529
14	3530
14	3531
14	3532
14	3533
14	3535
14	3536
14	3537
14	3538
14	3539
14	3540
14	3542
14	3543
14	3545
14	3546
14	3549
14	3552
14	3562
14	3564
14	3567
14	3568
14	3570
14	3571
14	3577
14	3581
14	3584
14	3585
14	3586
14	3587
14	3589
14	3590
14	3592
14	3593
14	3595
14	3598
14	3601
14	3602
14	3603
14	3605
14	3606
14	3608
14	3610
14	3613
14	3616
14	3617
14	3618
14	3620
14	3622
14	3623
14	3624
14	3626
14	3628
14	3632
14	3634
14	3637
14	3642
14	3644
14	3645
14	3647
14	3648
14	3649
14	3650
14	3651
14	3652
14	3654
14	3655
14	3657
14	3658
14	3660
14	3661
14	3663
14	3664
14	3665
14	3668
14	3670
14	3671
14	3673
14	3675
14	3676
14	3680
14	3682
14	3683
14	3686
14	3687
14	3689
14	3693
14	3694
14	3695
14	3696
14	3698
14	3700
14	3702
14	3703
14	3707
14	3709
14	3710
14	3711
14	3712
14	3717
14	3718
14	3722
14	3725
14	3729
14	3730
14	3734
14	3735
14	3736
14	3738
14	3739
14	3740
14	3743
14	3745
14	3746
14	3748
14	3749
14	3751
14	3752
14	3753
14	3754
14	3756
14	3757
14	3761
14	3762
14	3763
14	3764
14	3766
14	3769
14	3773
14	3774
14	3776
14	3778
14	3782
14	3785
14	3786
14	3787
14	3788
14	3789
14	3791
14	3792
14	3793
14	3795
14	3796
14	3798
14	3799
14	3800
14	3802
14	3803
14	3804
14	3805
14	3806
14	3811
14	3812
14	3815
14	3816
14	3818
14	3819
14	3820
14	3821
14	3823
14	3827
14	3829
14	3833
14	3834
14	3835
14	3836
14	3837
14	3839
14	3840
14	3843
14	3844
14	3845
14	3849
14	3851
14	3853
14	3854
14	3856
14	3857
14	3859
14	3861
14	3865
14	3867
14	3868
14	3869
14	3872
14	3873
14	3876
14	3877
14	3878
14	3879
14	3880
14	3883
14	3886
14	3887
14	3888
14	3889
14	3890
14	3892
14	3894
14	3895
14	3896
14	3901
14	3902
14	3903
14	3906
14	3910
14	3911
14	3912
14	3916
14	3917
14	3918
14	3919
14	3920
14	3921
14	3923
14	3927
14	3930
14	3931
14	3933
14	3936
14	3937
14	3938
14	3939
14	3940
14	3941
14	3944
14	3946
14	3948
14	3950
14	3951
14	3953
14	3954
14	3956
14	3959
14	3960
14	3961
14	3962
14	3964
14	3966
14	3967
14	3969
14	3970
14	3971
14	3972
14	3973
14	3974
14	3978
14	3981
14	3984
14	3986
14	3988
14	3992
14	3993
14	3994
14	3998
14	4001
14	4003
14	4004
14	4007
14	4011
14	4012
14	4013
14	4016
14	4017
14	4019
14	4022
14	4026
14	4028
14	4029
14	4030
14	4031
14	4032
14	4035
14	4036
14	4037
14	4038
14	4039
14	4040
14	4041
14	4043
14	4044
14	4045
14	4047
14	4048
14	4050
14	4051
14	4053
14	4059
14	4060
14	4063
14	4069
14	4070
14	4071
14	4076
14	4081
14	4082
14	4084
14	4087
14	4088
14	4090
14	4101
14	4102
14	4104
14	4105
14	4107
14	4109
14	4112
14	4114
14	4115
14	4117
14	4122
14	4123
14	4124
14	4125
14	4126
14	4128
14	4135
14	4136
14	4140
14	4141
14	4142
14	4143
14	4145
14	4146
14	4147
14	4149
14	4150
14	4151
14	4152
14	4156
14	4158
14	4163
14	4172
14	4176
14	4178
14	4179
14	4181
14	4182
14	4185
14	4188
14	4193
14	4194
14	4196
14	4197
14	4198
14	4199
14	4200
14	4201
14	4203
14	4205
14	4206
14	4207
14	4211
14	4213
14	4215
14	4217
14	4218
14	4219
14	4220
14	4223
14	4225
14	4230
14	4233
14	4234
14	4235
14	4236
14	4238
14	4239
14	4243
14	4245
14	4247
14	4249
14	4250
14	4251
14	4257
14	4258
14	4259
14	4261
14	4264
14	4268
14	4270
14	4272
14	4277
14	4278
14	4279
14	4280
14	4285
14	4289
14	4290
14	4292
14	4293
14	4296
14	4297
14	4298
14	4300
14	4301
14	4302
14	4303
14	4309
14	4311
14	4312
14	4314
14	4317
14	4318
14	4320
14	4322
14	4324
14	4326
14	4327
14	4330
14	4331
14	4334
14	4336
14	4337
14	4339
14	4340
14	4343
14	4345
14	4347
14	4349
14	4350
14	4352
14	4353
14	4356
14	4360
14	4362
14	4365
14	4366
14	4367
14	4368
14	4369
14	4370
14	4372
14	4373
14	4374
14	4376
14	4378
14	4380
14	4381
14	4382
14	4383
14	4385
14	4388
14	4390
14	4393
14	4396
14	4399
14	4401
14	4402
14	4403
14	4404
14	4405
14	4406
14	4407
14	4415
14	4417
14	4418
14	4419
14	4420
14	4421
14	4422
14	4423
14	4425
14	4427
14	4428
14	4429
14	4430
14	4433
14	4434
14	4436
14	4437
14	4438
14	4439
14	4441
14	4442
14	4443
14	4446
14	4452
14	4453
14	4454
14	4457
14	4459
14	4461
14	4463
14	4469
14	4470
14	4473
14	4474
14	4476
14	4477
14	4479
14	4480
14	4482
14	4483
14	4484
14	4485
14	4487
14	4492
14	4495
14	4497
14	4499
14	4503
14	4504
14	4505
14	4506
14	4507
14	4509
14	4510
14	4513
14	4514
14	4515
14	4517
14	4519
14	4520
14	4521
14	4523
14	4527
14	4531
14	4533
14	4534
14	4535
14	4540
14	4541
14	4545
14	4546
14	4548
14	4550
14	4551
14	4553
14	4556
14	4557
14	4558
14	4559
14	4560
14	4561
14	4563
14	4564
14	4567
14	4568
14	4572
14	4573
14	4576
14	4577
14	4581
14	4582
14	4584
14	4587
14	4590
14	4591
14	4593
14	4594
14	4595
14	4597
14	4602
14	4606
14	4607
14	4610
14	4611
14	4612
14	4613
14	4615
14	4617
14	4618
14	4622
14	4623
14	4626
14	4627
14	4629
14	4631
14	4632
14	4641
14	4642
14	4643
14	4647
14	4648
14	4650
14	4652
14	4654
14	4655
14	4659
14	4660
14	4662
14	4663
14	4667
14	4668
14	4670
14	4671
14	4676
14	4677
14	4679
14	4686
14	4687
14	4689
14	4690
14	4691
14	4692
14	4694
14	4697
14	4698
14	4704
14	4706
14	4707
14	4709
14	4710
14	4713
14	4714
14	4715
14	4716
14	4718
14	4719
14	4720
14	4722
14	4723
14	4724
14	4725
14	4727
14	4729
14	4731
14	4733
14	4735
14	4736
14	4740
14	4742
14	4745
14	4746
14	4749
14	4751
14	4753
14	4755
14	4757
14	4759
14	4761
14	4762
14	4763
14	4764
14	4765
14	4766
14	4770
14	4773
14	4775
14	4777
14	4778
14	4780
14	4781
14	4782
14	4784
14	4786
14	4788
14	4789
14	4792
14	4793
14	4794
14	4795
14	4796
14	4798
14	4799
14	4802
14	4804
14	4805
14	4807
14	4809
14	4810
14	4811
14	4812
14	4814
14	4817
14	4818
14	4821
14	4822
14	4826
14	4829
14	4833
14	4835
14	4839
14	4840
14	4844
14	4846
14	4847
14	4848
14	4853
14	4855
14	4863
14	4864
14	4865
14	4866
14	4869
14	4871
14	4874
14	4877
14	4878
14	4880
14	4881
14	4883
14	4884
14	4885
14	4887
14	4888
14	4892
14	4893
14	4894
14	4895
14	4897
14	4898
14	4900
14	4907
14	4909
14	4913
14	4915
14	4918
14	4920
14	4921
14	4922
14	4926
14	4928
14	4929
14	4931
14	4932
14	4934
14	4937
14	4938
14	4939
14	4940
14	4942
14	4947
14	4948
14	4953
14	4956
14	4958
14	4959
14	4960
14	4962
14	4963
14	4965
14	4968
14	4969
14	4970
14	4971
14	4972
14	4973
14	4974
14	4975
14	4977
14	4978
14	4979
14	4982
14	4983
14	4984
14	4985
14	4987
14	4989
14	4990
14	4991
14	4993
14	4995
14	4996
14	4998
14	4999
14	5001
14	5010
14	5011
14	5012
14	5016
14	5021
14	5023
14	5025
14	5026
14	5027
14	5028
14	5030
14	5031
14	5032
14	5036
14	5037
14	5038
14	5039
14	5041
14	5042
14	5045
14	5046
14	5048
14	5049
14	5051
14	5054
14	5055
14	5056
14	5057
14	5058
14	5059
14	5060
14	5063
14	5065
14	5066
14	5067
14	5071
14	5072
14	5074
14	5076
14	5080
14	5084
14	5085
14	5086
14	5087
14	5088
14	5091
14	5092
14	5095
14	5099
14	5100
14	5101
14	5102
14	5106
14	5107
14	5110
14	5112
14	5113
14	5114
14	5117
14	5119
14	5122
14	5123
14	5127
14	5128
14	5129
14	5130
14	5132
14	5133
14	5134
14	5135
14	5136
14	5137
14	5138
14	5139
14	5140
14	5141
14	5145
14	5146
14	5147
14	5149
14	5150
14	5151
14	5153
14	5158
14	5162
14	5164
14	5166
14	5170
14	5172
14	5176
14	5177
14	5178
14	5180
14	5181
14	5183
14	5184
14	5185
14	5186
14	5188
14	5190
14	5191
14	5194
14	5197
14	5199
14	5201
14	5202
14	5204
14	5205
14	5206
14	5210
14	5211
14	5219
14	5221
14	5222
14	5224
14	5225
14	5230
14	5231
14	5232
14	5234
14	5239
14	5240
14	5241
14	5242
14	5243
14	5244
14	5245
14	5247
14	5248
14	5250
14	5253
14	5256
14	5259
14	5262
14	5266
14	5269
14	5270
14	5272
14	5277
14	5279
14	5280
14	5283
14	5286
14	5288
14	5295
14	5297
14	5298
14	5301
14	5303
14	5304
14	5305
14	5307
14	5309
14	5310
14	5312
14	5313
14	5315
14	5317
14	5318
14	5320
14	5321
14	5322
14	5325
14	5326
14	5328
14	5329
14	5330
14	5333
14	5337
14	5338
14	5341
14	5344
14	5345
14	5348
14	5350
14	5352
14	5353
14	5355
14	5361
14	5362
14	5363
14	5364
14	5366
14	5368
14	5370
14	5372
14	5373
14	5378
14	5380
14	5382
14	5386
14	5387
14	5388
14	5390
14	5392
14	5394
14	5395
14	5398
14	5399
14	5401
14	5402
14	5405
14	5410
14	5411
14	5412
14	5413
14	5416
14	5417
14	5418
14	5422
14	5424
14	5425
14	5429
14	5431
14	5432
14	5433
14	5434
14	5439
14	5440
14	5441
14	5443
14	5444
14	5445
14	5446
14	5447
14	5451
14	5453
14	5456
14	5457
14	5458
14	5459
14	5464
14	5465
14	5467
14	5468
14	5474
14	5475
14	5476
14	5477
14	5478
14	5479
14	5482
14	5483
14	5484
14	5490
14	5493
14	5494
14	5495
14	5497
14	5499
14	5500
14	5501
14	5513
14	5516
14	5518
14	5519
14	5520
14	5521
14	5523
14	5525
14	5526
14	5527
14	5528
14	5534
14	5536
14	5538
14	5540
14	5542
14	5544
14	5545
14	5548
14	5552
14	5554
14	5559
14	5564
14	5567
14	5569
14	5571
14	5572
14	5574
14	5575
14	5577
14	5581
14	5582
14	5583
14	5584
14	5586
14	5589
14	5591
14	5596
14	5598
14	5600
14	5601
14	5602
14	5604
14	5605
14	5609
14	5611
14	5613
14	5615
14	5617
14	5619
14	5620
14	5625
14	5628
14	5630
14	5632
14	5636
14	5644
14	5645
14	5647
14	5649
14	5652
14	5653
14	5655
14	5656
14	5661
14	5668
14	5669
14	5671
14	5672
14	5674
14	5675
14	5678
14	5679
14	5681
14	5682
14	5683
14	5689
14	5690
14	5695
14	5696
14	5700
14	5701
14	5702
14	5703
14	5704
14	5707
14	5711
14	5712
14	5715
14	5716
14	5717
14	5719
14	5722
14	5724
14	5725
14	5728
14	5729
14	5730
14	5731
14	5733
14	5734
14	5739
14	5745
14	5746
14	5748
14	5749
14	5750
14	5752
14	5753
14	5754
14	5755
14	5756
14	5757
14	5758
14	5760
14	5761
14	5762
14	5763
14	5764
14	5767
14	5769
14	5772
14	5773
14	5775
14	5776
14	5777
14	5778
14	5782
14	5784
14	5786
14	5787
14	5788
14	5791
14	5792
14	5797
14	5799
14	5800
14	5802
14	5805
14	5808
14	5810
14	5814
14	5815
14	5816
14	5821
14	5822
14	5825
14	5826
14	5829
14	5830
14	5831
14	5833
14	5834
14	5836
14	5839
14	5842
14	5850
14	5852
14	5853
14	5855
14	5856
14	5858
14	5859
14	5861
14	5862
14	5866
14	5867
14	5868
14	5869
14	5874
14	5880
14	5881
14	5882
14	5884
14	5886
14	5887
14	5888
14	5890
14	5896
14	5898
14	5900
14	5901
14	5903
14	5905
14	5908
14	5913
14	5917
14	5918
14	5919
14	5920
14	5922
14	5924
14	5925
14	5926
14	5927
14	5928
14	5929
14	5932
14	5934
14	5935
14	5937
14	5941
14	5942
14	5946
14	5947
14	5949
14	5951
14	5952
14	5953
14	5957
14	5959
14	5960
14	5962
14	5968
14	5970
14	5971
14	5973
14	5974
14	5977
14	5978
14	5979
14	5980
14	5981
14	5985
14	5988
14	5991
14	5997
14	5999
14	6000
14	6001
14	6005
14	6006
14	6007
14	6008
14	6009
14	6010
14	6013
14	6016
14	6019
14	6021
14	6022
14	6023
14	6025
14	6027
14	6030
14	6031
14	6032
14	6033
14	6036
14	6039
14	6041
14	6042
14	6043
14	6044
14	6046
14	6047
14	6049
14	6053
14	6054
14	6056
14	6057
14	6059
14	6060
14	6068
14	6069
14	6071
14	6075
14	6077
14	6081
14	6082
14	6085
14	6089
14	6092
14	6094
14	6095
14	6097
14	6098
14	6100
14	6101
14	6102
14	6103
14	6115
14	6116
14	6118
14	6122
14	6123
14	6128
14	6129
14	6130
14	6131
14	6134
14	6139
14	6141
14	6142
14	6143
14	6144
14	6146
14	6148
14	6151
14	6152
14	6153
14	6160
14	6162
14	6163
14	6166
14	6168
14	6169
14	6171
14	6176
14	6177
14	6178
14	6179
14	6182
14	6186
14	6187
14	6189
14	6191
14	6192
14	6193
14	6194
14	6195
14	6197
14	6198
14	6199
14	6201
14	6202
14	6204
14	6205
14	6207
14	6208
14	6209
14	6212
14	6214
14	6217
14	6219
14	6223
14	6225
14	6226
14	6229
14	6235
14	6236
14	6238
14	6240
14	6241
14	6242
14	6244
14	6245
14	6246
14	6247
14	6248
14	6251
14	6252
14	6253
14	6254
14	6255
14	6256
14	6258
14	6260
14	6261
14	6264
14	6265
14	6266
14	6272
14	6273
14	6275
14	6279
14	6280
14	6281
14	6282
14	6283
14	6287
14	6290
14	6292
14	6294
14	6295
14	6297
14	6300
14	6301
14	6303
14	6308
14	6309
14	6310
14	6311
14	6314
14	6319
14	6320
14	6321
14	6322
14	6323
14	6324
14	6325
14	6326
14	6328
14	6332
14	6336
14	6337
14	6342
14	6344
14	6345
14	6347
14	6349
14	6351
14	6355
14	6356
14	6357
14	6358
14	6359
14	6360
14	6364
14	6372
14	6376
14	6377
14	6381
14	6382
14	6383
14	6384
14	6386
14	6387
14	6388
14	6390
14	6391
14	6393
14	6403
14	6404
14	6405
14	6407
14	6410
14	6411
14	6412
14	6413
14	6415
14	6417
14	6419
14	6420
14	6421
14	6427
14	6428
14	6430
14	6431
14	6433
14	6434
14	6435
14	6436
14	6437
14	6439
14	6441
14	6442
14	6445
14	6449
14	6451
14	6452
14	6454
14	6455
14	6458
14	6460
14	6461
14	6462
14	6465
14	6467
14	6470
14	6472
14	6473
14	6480
14	6482
14	6484
14	6485
14	6486
14	6487
14	6489
14	6490
14	6493
14	6494
14	6495
14	6496
14	6498
14	6501
14	6503
14	6507
14	6508
14	6509
14	6511
14	6513
14	6516
14	6518
14	6521
14	6522
14	6523
14	6526
14	6527
14	6529
14	6530
14	6531
14	6533
14	6534
14	6535
14	6537
14	6545
14	6547
14	6549
14	6550
14	6553
14	6554
14	6557
14	6558
14	6559
14	6561
14	6562
14	6563
14	6564
14	6566
14	6569
14	6572
14	6573
14	6575
14	6581
14	6590
14	6592
14	6593
14	6594
14	6595
14	6596
14	6597
14	6600
14	6602
14	6603
14	6606
14	6608
14	6612
14	6613
14	6614
14	6615
14	6616
14	6618
14	6620
14	6621
14	6623
14	6624
14	6625
14	6626
14	6627
14	6631
14	6632
14	6634
14	6638
14	6641
14	6644
14	6645
14	6646
14	6651
14	6653
14	6655
14	6658
14	6660
14	6661
14	6662
14	6664
14	6665
14	6666
14	6669
14	6670
14	6671
14	6675
14	6676
14	6677
14	6678
14	6679
14	6684
14	6685
14	6687
14	6688
14	6689
14	6690
14	6691
14	6693
14	6694
14	6695
14	6696
14	6697
14	6698
14	6699
14	6700
14	6703
14	6708
14	6709
14	6710
14	6715
14	6717
14	6718
14	6719
14	6720
14	6721
14	6722
14	6724
14	6726
14	6729
14	6735
14	6736
14	6737
14	6738
14	6741
14	6742
14	6744
14	6752
14	6755
14	6757
14	6760
14	6764
14	6765
14	6766
14	6767
14	6768
14	6769
14	6770
14	6771
14	6774
14	6775
14	6776
14	6777
14	6778
14	6779
14	6780
14	6781
14	6782
14	6783
14	6785
14	6788
14	6793
14	6799
14	6800
14	6801
14	6802
14	6804
14	6805
14	6806
14	6808
14	6813
14	6815
14	6817
14	6818
14	6819
14	6821
14	6822
14	6823
14	6826
14	6827
14	6828
14	6830
14	6831
14	6833
14	6836
14	6838
14	6839
14	6841
14	6842
14	6843
14	6844
14	6845
14	6846
14	6847
14	6848
14	6849
14	6851
14	6859
14	6860
14	6861
14	6863
14	6869
14	6871
14	6872
14	6873
14	6874
14	6877
14	6879
14	6881
14	6882
14	6884
14	6889
14	6891
14	6894
14	6899
14	6900
14	6901
14	6902
14	6904
14	6906
14	6913
14	6915
14	6916
14	6918
14	6923
14	6924
14	6925
14	6926
14	6927
14	6930
14	6931
14	6932
14	6934
14	6938
14	6941
14	6943
14	6946
14	6947
14	6948
14	6951
14	6952
14	6953
14	6959
14	6962
14	6963
14	6966
14	6967
14	6969
14	6971
14	6974
14	6975
14	6976
14	6978
14	6979
14	6982
14	6983
14	6992
14	6995
14	6996
14	6997
14	6998
14	6999
14	7000
14	7001
14	7009
14	7010
14	7015
14	7016
14	7020
14	7021
14	7022
14	7025
14	7027
14	7028
14	7029
14	7031
14	7032
14	7040
14	7045
14	7046
14	7048
14	7050
14	7052
14	7054
14	7060
14	7062
14	7069
14	7071
14	7073
14	7074
14	7075
14	7081
14	7082
14	7084
14	7085
14	7086
14	7087
14	7088
14	7091
14	7093
14	7095
14	7096
14	7097
14	7098
14	7099
14	7100
14	7101
14	7102
14	7105
14	7110
14	7111
14	7113
14	7114
14	7116
14	7117
14	7120
14	7121
14	7122
14	7125
14	7126
14	7131
14	7135
14	7141
14	7144
14	7145
14	7148
14	7150
14	7151
14	7153
14	7154
14	7155
14	7157
14	7158
14	7159
14	7160
14	7161
14	7162
14	7165
14	7169
14	7172
14	7173
14	7175
14	7177
14	7178
14	7179
14	7181
14	7184
14	7185
14	7188
14	7190
14	7194
14	7196
14	7197
14	7198
14	7199
14	7200
14	7202
14	7203
14	7205
14	7206
14	7207
14	7209
14	7210
14	7211
14	7214
14	7215
14	7216
14	7218
14	7219
14	7221
14	7222
14	7225
14	7227
14	7231
14	7234
14	7238
14	7245
14	7248
14	7251
14	7252
14	7254
14	7255
14	7260
14	7265
14	7266
14	7273
14	7274
14	7275
14	7277
14	7280
14	7281
14	7282
14	7283
14	7284
14	7287
14	7290
14	7291
14	7295
14	7296
14	7298
14	7300
14	7302
14	7304
14	7306
14	7307
14	7309
14	7311
14	7312
14	7314
14	7315
14	7318
14	7323
14	7324
14	7326
14	7329
14	7331
14	7332
14	7333
14	7335
14	7336
14	7339
14	7341
14	7342
14	7348
14	7349
14	7352
14	7359
14	7361
14	7362
14	7363
14	7365
14	7367
14	7369
14	7370
14	7371
14	7373
14	7375
14	7378
14	7379
14	7380
14	7383
14	7385
14	7386
14	7387
14	7391
14	7392
14	7394
14	7396
14	7397
14	7399
14	7401
14	7403
14	7404
14	7405
14	7410
14	7412
14	7413
14	7414
14	7416
14	7421
14	7423
14	7424
14	7426
14	7433
14	7436
14	7437
14	7442
14	7444
14	7445
14	7449
14	7454
14	7455
14	7456
14	7460
14	7462
14	7468
14	7476
14	7478
14	7479
14	7483
14	7485
14	7487
14	7490
14	7491
14	7492
14	7495
14	7499
14	7500
14	7503
14	7506
14	7507
14	7508
14	7512
14	7513
14	7515
14	7517
14	7518
14	7520
14	7523
14	7524
14	7525
14	7527
14	7528
14	7529
14	7530
14	7531
14	7533
14	7534
14	7536
14	7537
14	7539
14	7540
14	7542
14	7546
14	7547
14	7548
14	7549
14	7553
14	7554
14	7555
14	7559
14	7560
14	7561
14	7565
14	7568
14	7570
14	7574
14	7580
14	7581
14	7583
14	7589
14	7594
14	7598
14	7600
14	7602
14	7603
14	7604
14	7605
14	7606
14	7607
14	7608
14	7609
14	7612
14	7613
14	7617
14	7619
14	7622
14	7623
14	7625
14	7626
14	7629
14	7630
14	7632
14	7633
14	7635
14	7636
14	7639
14	7641
14	7642
14	7644
14	7645
14	7646
14	7647
14	7648
14	7649
14	7650
14	7653
14	7656
14	7660
14	7661
14	7662
14	7668
14	7673
14	7674
14	7679
14	7680
14	7681
14	7683
14	7686
14	7688
14	7691
14	7693
14	7694
14	7695
14	7702
14	7705
14	7709
14	7710
14	7714
14	7715
14	7717
14	7719
14	7720
14	7721
14	7722
14	7725
14	7726
14	7728
14	7730
14	7732
14	7733
14	7734
14	7737
14	7739
14	7743
14	7746
14	7748
14	7752
14	7753
14	7754
14	7758
14	7760
14	7761
14	7762
14	7766
14	7768
14	7771
14	7773
14	7774
14	7776
14	7779
14	7780
14	7781
14	7785
14	7787
14	7792
14	7795
14	7797
14	7800
14	7802
14	7803
14	7805
14	7808
14	7814
14	7816
14	7819
14	7821
14	7822
14	7823
14	7825
14	7827
14	7828
14	7829
14	7832
14	7833
14	7838
14	7839
14	7841
14	7842
14	7845
14	7848
14	7851
14	7854
14	7855
14	7856
14	7857
14	7860
14	7861
14	7863
14	7864
14	7865
14	7866
14	7867
14	7868
14	7869
14	7876
14	7877
14	7879
14	7880
14	7882
14	7884
14	7885
14	7887
14	7888
14	7891
14	7892
14	7894
14	7895
14	7896
14	7897
14	7898
14	7902
14	7903
14	7904
14	7905
14	7906
14	7909
14	7911
14	7913
14	7914
14	7916
14	7919
14	7923
14	7925
14	7926
14	7928
14	7929
14	7930
14	7934
14	7935
14	7937
14	7938
14	7940
14	7944
14	7946
14	7947
14	7948
14	7950
14	7952
14	7954
14	7957
14	7960
14	7962
14	7966
14	7967
14	7971
14	7972
14	7973
14	7975
14	7976
14	7977
14	7978
14	7979
14	7982
14	7985
14	7987
14	7988
14	7991
14	7992
14	7995
14	7997
14	8001
14	8003
14	8004
14	8005
14	8006
14	8007
14	8010
14	8012
14	8015
14	8016
14	8018
14	8019
14	8020
14	8022
14	8024
14	8027
14	8028
14	8029
14	8030
14	8032
14	8034
14	8036
14	8038
14	8040
14	8042
14	8043
14	8045
14	8046
14	8049
14	8051
14	8053
14	8054
14	8055
14	8056
14	8058
14	8062
14	8063
14	8064
14	8066
14	8067
14	8071
14	8072
14	8074
14	8078
14	8080
14	8081
14	8083
14	8084
14	8087
14	8088
14	8089
14	8090
14	8093
14	8094
14	8095
14	8098
14	8100
14	8102
14	8104
14	8106
14	8107
14	8108
14	8109
14	8116
14	8117
14	8120
14	8123
14	8124
14	8125
14	8127
14	8128
14	8129
14	8130
14	8133
14	8134
14	8136
14	8137
14	8138
14	8141
14	8142
14	8144
14	8145
14	8149
14	8150
14	8152
14	8153
14	8155
14	8156
14	8157
14	8159
14	8165
14	8169
14	8170
14	8172
14	8173
14	8174
14	8176
14	8180
14	8182
14	8183
14	8185
14	8188
14	8189
14	8190
14	8195
14	8196
14	8197
14	8201
14	8202
14	8205
14	8207
14	8210
14	8211
14	8214
14	8215
14	8218
14	8220
14	8221
14	8222
14	8223
14	8224
14	8228
14	8229
14	8233
14	8235
14	8236
14	8237
14	8238
14	8239
14	8240
14	8241
14	8244
14	8247
14	8249
14	8250
14	8253
14	8256
14	8257
14	8259
14	8261
14	8263
14	8264
14	8265
14	8266
14	8269
14	8273
14	8275
14	8277
14	8278
14	8279
14	8281
14	8283
14	8284
14	8285
14	8286
14	8289
14	8290
14	8294
14	8295
14	8298
14	8301
14	8305
14	8308
14	8309
14	8310
14	8311
14	8314
14	8316
14	8317
14	8319
14	8321
14	8327
14	8328
14	8337
14	8338
14	8340
14	8341
14	8343
14	8344
14	8345
14	8346
14	8347
14	8348
14	8349
14	8350
14	8351
14	8355
14	8356
14	8358
14	8360
14	8365
14	8367
14	8372
14	8375
14	8378
14	8379
14	8384
14	8385
14	8389
14	8392
14	8393
14	8395
14	8396
14	8399
14	8400
14	8402
14	8403
14	8404
14	8406
14	8407
14	8409
14	8411
14	8412
14	8413
14	8414
14	8415
14	8421
14	8422
14	8423
14	8424
14	8425
14	8426
14	8429
14	8430
14	8431
14	8432
14	8433
14	8434
14	8438
14	8443
14	8444
14	8445
14	8447
14	8448
14	8451
14	8453
14	8457
14	8459
14	8460
14	8461
14	8462
14	8465
14	8467
14	8475
14	8478
14	8479
14	8480
14	8481
14	8482
14	8483
14	8485
14	8486
14	8489
14	8491
14	8492
14	8494
14	8495
14	8496
14	8498
14	8500
14	8501
14	8502
14	8504
14	8505
14	8506
14	8507
14	8508
14	8509
14	8511
14	8515
14	8516
14	8521
14	8523
14	8524
14	8527
14	8528
14	8531
14	8534
14	8538
14	8542
14	8544
14	8549
14	8552
14	8554
14	8559
14	8560
14	8561
14	8562
14	8565
14	8566
14	8567
14	8568
14	8569
14	8570
14	8573
14	8574
14	8576
14	8577
14	8578
14	8579
14	8580
14	8584
14	8586
14	8589
14	8591
14	8594
14	8597
14	8602
14	8604
14	8605
14	8607
14	8608
14	8609
14	8612
14	8613
14	8621
14	8624
14	8627
14	8628
14	8630
14	8631
14	8634
14	8635
14	8637
14	8638
14	8639
14	8640
14	8641
14	8642
14	8643
14	8645
14	8646
14	8648
14	8651
14	8652
14	8653
14	8655
14	8656
14	8657
14	8661
14	8668
14	8669
14	8670
14	8671
14	8675
14	8677
14	8678
14	8680
14	8685
14	8686
14	8688
14	8689
14	8690
14	8693
14	8694
14	8695
14	8696
14	8697
14	8700
14	8702
14	8704
14	8705
14	8706
14	8707
14	8708
14	8713
14	8714
14	8717
14	8718
14	8722
14	8723
14	8724
14	8725
14	8726
14	8727
14	8728
14	8729
14	8732
14	8735
14	8737
14	8738
14	8740
14	8741
14	8744
14	8745
14	8746
14	8749
14	8750
14	8751
14	8753
14	8755
14	8756
14	8757
14	8758
14	8760
14	8761
14	8763
14	8765
14	8767
14	8768
14	8772
14	8773
14	8774
14	8776
14	8780
14	8781
14	8782
14	8785
14	8788
14	8791
14	8794
14	8798
14	8800
14	8801
14	8802
14	8803
14	8805
14	8807
14	8809
14	8810
14	8811
14	8812
14	8818
14	8819
14	8820
14	8822
14	8823
14	8825
14	8826
14	8827
14	8829
14	8832
14	8833
14	8835
14	8838
14	8839
14	8841
14	8843
14	8848
14	8850
14	8851
14	8852
14	8854
14	8855
14	8857
14	8858
14	8859
14	8860
14	8861
14	8864
14	8866
14	8867
14	8871
14	8874
14	8877
14	8879
14	8881
14	8886
14	8887
14	8888
14	8889
14	8890
14	8891
14	8893
14	8894
14	8898
14	8899
14	8900
14	8902
14	8903
14	8905
14	8906
14	8907
14	8908
14	8910
14	8911
14	8912
14	8913
14	8914
14	8916
14	8917
14	8921
14	8922
14	8923
14	8925
14	8928
14	8930
14	8931
14	8932
14	8933
14	8934
14	8936
14	8938
14	8940
14	8941
14	8945
14	8946
14	8947
14	8948
14	8950
14	8953
14	8954
14	8960
14	8961
14	8963
14	8969
14	8971
14	8972
14	8974
14	8975
14	8977
14	8979
14	8985
14	8987
14	8993
14	8995
14	9000
14	9002
14	9007
14	9009
14	9010
14	9011
14	9012
14	9013
14	9015
14	9017
14	9018
14	9019
14	9022
14	9025
14	9027
14	9029
14	9032
14	9033
14	9035
14	9037
14	9039
14	9041
14	9044
14	9046
14	9047
14	9049
14	9053
14	9055
14	9056
14	9059
14	9060
14	9062
14	9066
14	9068
14	9071
14	9073
14	9074
14	9075
14	9085
14	9088
14	9089
14	9091
14	9092
14	9095
14	9099
14	9100
14	9101
14	9103
14	9105
14	9106
14	9107
14	9108
14	9111
14	9114
14	9115
14	9116
14	9117
14	9118
14	9119
14	9121
14	9122
14	9124
14	9125
14	9131
14	9132
14	9133
14	9136
14	9145
14	9146
14	9148
14	9149
14	9150
14	9151
14	9153
14	9154
14	9158
14	9160
14	9161
14	9164
14	9167
14	9171
14	9174
14	9175
14	9177
14	9178
14	9179
14	9181
14	9182
14	9183
14	9185
14	9186
14	9187
14	9188
14	9192
14	9193
14	9199
14	9203
14	9205
14	9207
14	9209
14	9210
14	9212
14	9215
14	9216
14	9218
14	9220
14	9221
14	9225
14	9230
14	9231
14	9232
14	9233
14	9234
14	9235
14	9241
14	9242
14	9243
14	9245
14	9246
14	9248
14	9250
14	9251
14	9253
14	9254
14	9255
14	9257
14	9261
14	9264
14	9265
14	9268
14	9270
14	9275
14	9276
14	9279
14	9280
14	9282
14	9285
14	9286
14	9290
14	9293
14	9294
14	9295
14	9296
14	9298
14	9299
14	9301
14	9302
14	9306
14	9307
14	9308
14	9309
14	9310
14	9312
14	9316
14	9317
14	9319
14	9322
14	9323
14	9325
14	9328
14	9332
14	9334
14	9335
14	9336
14	9338
14	9340
14	9343
14	9346
14	9347
14	9349
14	9352
14	9353
14	9354
14	9355
14	9357
14	9358
14	9359
14	9360
14	9361
14	9362
14	9363
14	9364
14	9366
14	9368
14	9370
14	9371
14	9372
14	9373
14	9376
14	9378
14	9383
14	9386
14	9391
14	9392
14	9393
14	9395
14	9399
14	9400
14	9401
14	9402
14	9403
14	9406
14	9408
14	9409
14	9412
14	9414
14	9415
14	9416
14	9418
14	9425
14	9430
14	9431
14	9432
14	9437
14	9438
14	9442
14	9443
14	9444
14	9447
14	9450
14	9452
14	9453
14	9455
14	9457
14	9459
14	9460
14	9461
14	9462
14	9463
14	9464
14	9465
14	9467
14	9469
14	9470
14	9471
14	9473
14	9481
14	9482
14	9483
14	9484
14	9485
14	9487
14	9488
14	9490
14	9493
14	9496
14	9498
14	9499
14	9501
14	9504
14	9505
14	9508
14	9509
14	9510
14	9511
14	9513
14	9514
14	9516
14	9517
14	9518
14	9519
14	9521
14	9522
14	9523
14	9524
14	9525
14	9526
14	9528
14	9529
14	9531
14	9536
14	9538
14	9539
14	9540
14	9541
14	9545
14	9546
14	9552
14	9554
14	9560
14	9561
14	9564
14	9565
14	9566
14	9568
14	9569
14	9570
14	9572
14	9573
14	9574
14	9586
14	9587
14	9589
14	9593
14	9596
14	9598
14	9600
14	9601
14	9602
14	9603
14	9604
14	9606
14	9607
14	9609
14	9610
14	9612
14	9615
14	9616
14	9617
14	9619
14	9620
14	9625
14	9626
14	9627
14	9629
14	9635
14	9636
14	9638
14	9639
14	9643
14	9644
14	9645
14	9646
14	9649
14	9650
14	9652
14	9653
14	9655
14	9658
14	9660
14	9661
14	9662
14	9663
14	9667
14	9668
14	9669
14	9670
14	9671
14	9672
14	9674
14	9675
14	9676
14	9677
14	9678
14	9679
14	9680
14	9681
14	9683
14	9689
14	9690
14	9691
14	9693
14	9695
14	9697
14	9698
14	9700
14	9701
14	9702
14	9707
14	9708
14	9711
14	9712
14	9713
14	9715
14	9717
14	9718
14	9720
14	9727
14	9729
14	9730
14	9731
14	9734
14	9738
14	9739
14	9746
14	9747
14	9748
14	9749
14	9754
14	9755
14	9756
14	9761
14	9762
14	9766
14	9768
14	9769
14	9770
14	9773
14	9778
14	9779
14	9781
14	9783
14	9784
14	9785
14	9786
14	9788
14	9793
14	9795
14	9796
14	9797
14	9798
14	9803
14	9804
14	9807
14	9810
14	9812
14	9813
14	9814
14	9816
14	9817
14	9820
14	9821
14	9822
14	9824
14	9825
14	9826
14	9827
14	9830
14	9831
14	9833
14	9835
14	9836
14	9839
14	9842
14	9843
14	9845
14	9848
14	9849
14	9851
14	9852
14	9855
14	9856
14	9857
14	9858
14	9859
14	9862
14	9866
14	9869
14	9870
14	9871
14	9876
14	9881
14	9883
14	9886
14	9888
14	9893
14	9898
14	9899
14	9901
14	9902
14	9903
14	9904
14	9907
14	9908
14	9909
14	9911
14	9912
14	9913
14	9919
14	9922
14	9923
14	9925
14	9930
14	9933
14	9934
14	9938
14	9939
14	9946
14	9947
14	9950
14	9951
14	9952
14	9953
14	9954
14	9955
14	9957
14	9961
14	9963
14	9964
14	9965
14	9966
14	9969
14	9970
14	9971
14	9975
14	9976
14	9984
14	9986
14	9987
14	9989
14	9990
14	9994
14	9998
15	4
15	6
15	9
15	10
15	12
15	20
15	21
15	23
15	25
15	26
15	31
15	33
15	34
15	40
15	47
15	49
15	50
15	51
15	52
15	54
15	55
15	56
15	60
15	64
15	69
15	71
15	73
15	74
15	79
15	80
15	89
15	91
15	92
15	94
15	97
15	104
15	106
15	110
15	112
15	117
15	121
15	122
15	125
15	132
15	133
15	135
15	136
15	139
15	143
15	144
15	147
15	149
15	150
15	151
15	153
15	163
15	167
15	168
15	170
15	172
15	173
15	174
15	176
15	177
15	178
15	181
15	186
15	190
15	199
15	202
15	203
15	205
15	207
15	213
15	215
15	216
15	222
15	227
15	228
15	231
15	232
15	233
15	237
15	241
15	248
15	258
15	259
15	260
15	261
15	264
15	265
15	267
15	268
15	271
15	276
15	279
15	285
15	290
15	292
15	294
15	300
15	301
15	308
15	312
15	314
15	316
15	319
15	322
15	328
15	334
15	337
15	343
15	351
15	355
15	361
15	364
15	365
15	366
15	370
15	373
15	374
15	379
15	384
15	392
15	394
15	396
15	397
15	398
15	399
15	408
15	410
15	412
15	413
15	415
15	416
15	421
15	422
15	425
15	430
15	433
15	435
15	436
15	437
15	438
15	440
15	443
15	449
15	454
15	455
15	457
15	458
15	461
15	463
15	468
15	469
15	470
15	472
15	474
15	481
15	484
15	485
15	486
15	488
15	498
15	500
15	501
15	506
15	514
15	515
15	516
15	517
15	523
15	527
15	529
15	539
15	540
15	546
15	547
15	549
15	550
15	551
15	552
15	553
15	558
15	560
15	561
15	563
15	565
15	566
15	567
15	574
15	577
15	578
15	582
15	583
15	584
15	590
15	591
15	592
15	593
15	594
15	599
15	600
15	603
15	605
15	607
15	609
15	612
15	614
15	621
15	623
15	624
15	625
15	627
15	635
15	636
15	640
15	644
15	654
15	656
15	660
15	666
15	669
15	670
15	671
15	672
15	674
15	675
15	686
15	688
15	689
15	691
15	695
15	705
15	706
15	707
15	711
15	712
15	717
15	723
15	726
15	733
15	738
15	740
15	744
15	746
15	753
15	757
15	758
15	767
15	768
15	769
15	778
15	779
15	785
15	791
15	795
15	798
15	799
15	800
15	805
15	812
15	815
15	817
15	819
15	820
15	824
15	826
15	832
15	833
15	834
15	835
15	843
15	853
15	854
15	861
15	870
15	871
15	876
15	880
15	883
15	885
15	886
15	887
15	890
15	894
15	895
15	896
15	898
15	899
15	900
15	901
15	908
15	909
15	910
15	916
15	917
15	921
15	923
15	926
15	928
15	933
15	937
15	938
15	941
15	942
15	944
15	947
15	948
15	950
15	952
15	953
15	955
15	956
15	959
15	965
15	969
15	972
15	973
15	974
15	977
15	979
15	982
15	996
15	997
15	999
15	1000
15	1003
15	1005
15	1010
15	1013
15	1014
15	1015
15	1017
15	1024
15	1027
15	1029
15	1030
15	1032
15	1042
15	1044
15	1047
15	1048
15	1049
15	1055
15	1058
15	1066
15	1067
15	1069
15	1073
15	1080
15	1082
15	1083
15	1084
15	1085
15	1087
15	1092
15	1094
15	1098
15	1100
15	1103
15	1105
15	1107
15	1108
15	1111
15	1115
15	1118
15	1121
15	1122
15	1123
15	1125
15	1131
15	1132
15	1139
15	1149
15	1154
15	1155
15	1156
15	1157
15	1160
15	1161
15	1163
15	1166
15	1176
15	1177
15	1178
15	1180
15	1182
15	1185
15	1187
15	1189
15	1194
15	1196
15	1197
15	1198
15	1201
15	1208
15	1213
15	1214
15	1217
15	1220
15	1223
15	1226
15	1229
15	1230
15	1231
15	1233
15	1234
15	1237
15	1240
15	1242
15	1243
15	1246
15	1248
15	1251
15	1254
15	1255
15	1256
15	1258
15	1259
15	1265
15	1266
15	1274
15	1279
15	1280
15	1281
15	1283
15	1284
15	1288
15	1291
15	1294
15	1298
15	1302
15	1304
15	1306
15	1320
15	1323
15	1326
15	1328
15	1331
15	1332
15	1334
15	1335
15	1336
15	1337
15	1339
15	1341
15	1344
15	1349
15	1350
15	1351
15	1354
15	1356
15	1357
15	1359
15	1361
15	1363
15	1364
15	1367
15	1370
15	1371
15	1373
15	1381
15	1387
15	1390
15	1391
15	1397
15	1398
15	1400
15	1401
15	1404
15	1409
15	1410
15	1411
15	1414
15	1418
15	1419
15	1420
15	1421
15	1424
15	1427
15	1432
15	1434
15	1445
15	1448
15	1455
15	1458
15	1460
15	1461
15	1463
15	1469
15	1473
15	1474
15	1480
15	1481
15	1485
15	1487
15	1488
15	1489
15	1490
15	1496
15	1500
15	1502
15	1503
15	1504
15	1507
15	1508
15	1510
15	1514
15	1515
15	1516
15	1517
15	1518
15	1522
15	1525
15	1531
15	1533
15	1535
15	1537
15	1540
15	1544
15	1548
15	1552
15	1553
15	1555
15	1559
15	1561
15	1565
15	1566
15	1568
15	1571
15	1573
15	1575
15	1584
15	1591
15	1593
15	1595
15	1596
15	1599
15	1601
15	1602
15	1609
15	1612
15	1613
15	1614
15	1615
15	1618
15	1620
15	1625
15	1627
15	1628
15	1629
15	1632
15	1645
15	1647
15	1648
15	1649
15	1650
15	1651
15	1652
15	1659
15	1661
15	1663
15	1664
15	1665
15	1668
15	1670
15	1675
15	1676
15	1682
15	1687
15	1692
15	1693
15	1700
15	1701
15	1704
15	1709
15	1712
15	1715
15	1716
15	1717
15	1719
15	1720
15	1721
15	1724
15	1741
15	1742
15	1750
15	1754
15	1756
15	1762
15	1769
15	1772
15	1775
15	1779
15	1784
15	1785
15	1793
15	1797
15	1799
15	1800
15	1811
15	1812
15	1813
15	1815
15	1816
15	1817
15	1819
15	1820
15	1822
15	1823
15	1829
15	1830
15	1836
15	1841
15	1846
15	1848
15	1849
15	1850
15	1855
15	1857
15	1859
15	1861
15	1862
15	1866
15	1869
15	1875
15	1877
15	1878
15	1882
15	1886
15	1889
15	1892
15	1899
15	1900
15	1901
15	1904
15	1906
15	1908
15	1925
15	1930
15	1934
15	1937
15	1938
15	1940
15	1941
15	1943
15	1946
15	1952
15	1953
15	1954
15	1957
15	1959
15	1960
15	1961
15	1962
15	1963
15	1968
15	1969
15	1970
15	1972
15	1973
15	1977
15	1984
15	1985
15	1986
15	1987
15	1989
15	1992
15	1993
15	1994
15	1996
15	2003
15	2004
15	2008
15	2009
15	2013
15	2015
15	2017
15	2018
15	2019
15	2030
15	2031
15	2032
15	2033
15	2034
15	2037
15	2039
15	2043
15	2044
15	2051
15	2052
15	2053
15	2055
15	2056
15	2058
15	2062
15	2066
15	2067
15	2068
15	2071
15	2074
15	2080
15	2082
15	2085
15	2088
15	2089
15	2092
15	2093
15	2094
15	2097
15	2099
15	2100
15	2109
15	2113
15	2116
15	2117
15	2119
15	2128
15	2129
15	2135
15	2138
15	2143
15	2146
15	2148
15	2149
15	2151
15	2153
15	2156
15	2158
15	2161
15	2163
15	2167
15	2168
15	2174
15	2176
15	2179
15	2181
15	2182
15	2187
15	2188
15	2189
15	2190
15	2196
15	2198
15	2199
15	2201
15	2212
15	2222
15	2224
15	2226
15	2229
15	2233
15	2236
15	2240
15	2241
15	2245
15	2249
15	2250
15	2254
15	2255
15	2256
15	2258
15	2259
15	2260
15	2261
15	2263
15	2274
15	2275
15	2276
15	2281
15	2286
15	2287
15	2299
15	2303
15	2304
15	2309
15	2311
15	2314
15	2318
15	2319
15	2321
15	2324
15	2325
15	2330
15	2332
15	2333
15	2335
15	2337
15	2341
15	2342
15	2344
15	2348
15	2351
15	2357
15	2358
15	2364
15	2369
15	2371
15	2376
15	2380
15	2381
15	2385
15	2387
15	2388
15	2392
15	2393
15	2395
15	2399
15	2402
15	2403
15	2404
15	2409
15	2410
15	2415
15	2419
15	2420
15	2422
15	2423
15	2426
15	2429
15	2433
15	2434
15	2435
15	2437
15	2439
15	2441
15	2442
15	2445
15	2446
15	2447
15	2449
15	2450
15	2451
15	2454
15	2455
15	2456
15	2459
15	2460
15	2461
15	2462
15	2469
15	2473
15	2476
15	2481
15	2484
15	2485
15	2487
15	2489
15	2492
15	2493
15	2496
15	2505
15	2508
15	2510
15	2518
15	2527
15	2528
15	2529
15	2535
15	2537
15	2542
15	2544
15	2546
15	2547
15	2555
15	2559
15	2560
15	2562
15	2567
15	2571
15	2574
15	2577
15	2578
15	2581
15	2585
15	2586
15	2587
15	2590
15	2592
15	2598
15	2599
15	2600
15	2602
15	2603
15	2606
15	2607
15	2611
15	2622
15	2623
15	2625
15	2627
15	2631
15	2633
15	2636
15	2637
15	2638
15	2640
15	2646
15	2653
15	2658
15	2662
15	2668
15	2669
15	2675
15	2676
15	2677
15	2682
15	2686
15	2691
15	2692
15	2700
15	2703
15	2708
15	2709
15	2712
15	2713
15	2716
15	2719
15	2722
15	2723
15	2727
15	2730
15	2734
15	2737
15	2743
15	2747
15	2748
15	2751
15	2753
15	2759
15	2762
15	2766
15	2767
15	2770
15	2772
15	2774
15	2775
15	2778
15	2789
15	2794
15	2795
15	2799
15	2800
15	2802
15	2803
15	2811
15	2813
15	2814
15	2815
15	2816
15	2817
15	2818
15	2821
15	2824
15	2827
15	2834
15	2835
15	2836
15	2837
15	2839
15	2840
15	2842
15	2847
15	2849
15	2850
15	2855
15	2857
15	2860
15	2864
15	2865
15	2868
15	2869
15	2870
15	2872
15	2874
15	2881
15	2883
15	2886
15	2887
15	2888
15	2890
15	2893
15	2895
15	2900
15	2902
15	2906
15	2908
15	2911
15	2920
15	2922
15	2927
15	2929
15	2932
15	2933
15	2939
15	2944
15	2945
15	2946
15	2948
15	2949
15	2950
15	2951
15	2960
15	2965
15	2966
15	2971
15	2973
15	2975
15	2976
15	2977
15	2979
15	2980
15	2984
15	2985
15	2987
15	2993
15	2995
15	2996
15	2998
15	2999
15	3000
15	3001
15	3002
15	3006
15	3007
15	3009
15	3010
15	3012
15	3013
15	3016
15	3018
15	3024
15	3025
15	3028
15	3032
15	3033
15	3037
15	3038
15	3040
15	3044
15	3046
15	3048
15	3051
15	3052
15	3058
15	3059
15	3064
15	3067
15	3072
15	3075
15	3080
15	3086
15	3087
15	3088
15	3091
15	3092
15	3094
15	3107
15	3110
15	3114
15	3121
15	3122
15	3125
15	3132
15	3137
15	3138
15	3139
15	3143
15	3149
15	3150
15	3152
15	3153
15	3154
15	3162
15	3164
15	3170
15	3171
15	3175
15	3177
15	3178
15	3180
15	3181
15	3187
15	3191
15	3195
15	3198
15	3206
15	3207
15	3214
15	3215
15	3220
15	3228
15	3230
15	3231
15	3233
15	3238
15	3240
15	3245
15	3248
15	3251
15	3253
15	3254
15	3259
15	3261
15	3267
15	3268
15	3275
15	3278
15	3280
15	3283
15	3290
15	3293
15	3299
15	3300
15	3305
15	3306
15	3307
15	3309
15	3311
15	3318
15	3320
15	3322
15	3323
15	3330
15	3332
15	3333
15	3335
15	3338
15	3345
15	3346
15	3348
15	3354
15	3356
15	3357
15	3369
15	3371
15	3374
15	3375
15	3376
15	3378
15	3379
15	3380
15	3383
15	3384
15	3385
15	3386
15	3389
15	3391
15	3402
15	3404
15	3405
15	3410
15	3411
15	3417
15	3419
15	3422
15	3423
15	3426
15	3429
15	3431
15	3433
15	3435
15	3439
15	3440
15	3441
15	3445
15	3446
15	3447
15	3451
15	3452
15	3455
15	3456
15	3459
15	3463
15	3465
15	3469
15	3471
15	3473
15	3476
15	3479
15	3480
15	3490
15	3493
15	3497
15	3498
15	3499
15	3500
15	3504
15	3512
15	3517
15	3518
15	3520
15	3528
15	3534
15	3541
15	3550
15	3551
15	3554
15	3555
15	3556
15	3557
15	3559
15	3560
15	3561
15	3565
15	3566
15	3572
15	3573
15	3574
15	3575
15	3576
15	3578
15	3579
15	3580
15	3594
15	3597
15	3599
15	3607
15	3609
15	3611
15	3612
15	3614
15	3621
15	3627
15	3630
15	3631
15	3633
15	3635
15	3636
15	3638
15	3639
15	3640
15	3653
15	3656
15	3659
15	3662
15	3666
15	3667
15	3678
15	3679
15	3681
15	3685
15	3688
15	3690
15	3697
15	3704
15	3708
15	3713
15	3714
15	3715
15	3716
15	3721
15	3724
15	3728
15	3731
15	3732
15	3741
15	3742
15	3744
15	3747
15	3758
15	3760
15	3765
15	3768
15	3771
15	3772
15	3775
15	3779
15	3781
15	3797
15	3801
15	3810
15	3813
15	3817
15	3822
15	3824
15	3825
15	3826
15	3831
15	3832
15	3838
15	3842
15	3846
15	3847
15	3850
15	3852
15	3855
15	3860
15	3864
15	3871
15	3874
15	3875
15	3882
15	3885
15	3891
15	3893
15	3899
15	3904
15	3905
15	3907
15	3909
15	3922
15	3924
15	3926
15	3928
15	3929
15	3932
15	3935
15	3942
15	3943
15	3945
15	3952
15	3955
15	3957
15	3958
15	3963
15	3965
15	3968
15	3976
15	3979
15	3980
15	3983
15	3985
15	3987
15	3989
15	3991
15	3995
15	3999
15	4002
15	4005
15	4006
15	4008
15	4009
15	4014
15	4018
15	4020
15	4021
15	4023
15	4025
15	4027
15	4042
15	4046
15	4052
15	4054
15	4056
15	4058
15	4061
15	4062
15	4067
15	4072
15	4074
15	4077
15	4078
15	4083
15	4085
15	4092
15	4094
15	4096
15	4097
15	4099
15	4100
15	4103
15	4111
15	4113
15	4118
15	4120
15	4129
15	4131
15	4132
15	4133
15	4139
15	4144
15	4153
15	4155
15	4157
15	4159
15	4160
15	4161
15	4162
15	4164
15	4165
15	4167
15	4168
15	4169
15	4170
15	4173
15	4177
15	4180
15	4183
15	4186
15	4187
15	4189
15	4190
15	4191
15	4192
15	4195
15	4204
15	4209
15	4210
15	4212
15	4214
15	4221
15	4222
15	4224
15	4227
15	4229
15	4237
15	4241
15	4242
15	4244
15	4252
15	4253
15	4255
15	4262
15	4263
15	4265
15	4267
15	4269
15	4271
15	4274
15	4275
15	4276
15	4281
15	4282
15	4283
15	4284
15	4291
15	4294
15	4299
15	4304
15	4305
15	4306
15	4310
15	4313
15	4315
15	4316
15	4319
15	4321
15	4323
15	4325
15	4328
15	4329
15	4332
15	4333
15	4335
15	4341
15	4342
15	4344
15	4351
15	4357
15	4361
15	4364
15	4371
15	4375
15	4377
15	4379
15	4384
15	4386
15	4389
15	4391
15	4392
15	4394
15	4395
15	4400
15	4408
15	4411
15	4412
15	4413
15	4416
15	4424
15	4426
15	4431
15	4432
15	4435
15	4440
15	4444
15	4447
15	4449
15	4450
15	4451
15	4456
15	4458
15	4460
15	4464
15	4465
15	4466
15	4467
15	4475
15	4478
15	4489
15	4490
15	4491
15	4493
15	4494
15	4496
15	4500
15	4508
15	4511
15	4512
15	4522
15	4524
15	4525
15	4526
15	4529
15	4532
15	4538
15	4539
15	4542
15	4544
15	4549
15	4555
15	4565
15	4569
15	4570
15	4571
15	4575
15	4578
15	4579
15	4580
15	4585
15	4586
15	4589
15	4592
15	4596
15	4601
15	4603
15	4604
15	4605
15	4614
15	4616
15	4619
15	4620
15	4621
15	4624
15	4625
15	4628
15	4630
15	4634
15	4635
15	4637
15	4640
15	4646
15	4649
15	4651
15	4657
15	4661
15	4665
15	4666
15	4669
15	4672
15	4673
15	4674
15	4675
15	4680
15	4681
15	4682
15	4683
15	4684
15	4688
15	4695
15	4700
15	4702
15	4705
15	4712
15	4721
15	4728
15	4730
15	4732
15	4734
15	4737
15	4738
15	4739
15	4741
15	4743
15	4747
15	4748
15	4750
15	4756
15	4758
15	4760
15	4767
15	4768
15	4769
15	4771
15	4772
15	4774
15	4779
15	4785
15	4790
15	4797
15	4801
15	4806
15	4808
15	4813
15	4819
15	4823
15	4824
15	4828
15	4831
15	4832
15	4837
15	4842
15	4843
15	4845
15	4849
15	4850
15	4851
15	4852
15	4857
15	4859
15	4861
15	4868
15	4870
15	4873
15	4879
15	4882
15	4886
15	4889
15	4890
15	4891
15	4896
15	4899
15	4901
15	4902
15	4903
15	4904
15	4905
15	4906
15	4908
15	4910
15	4911
15	4912
15	4914
15	4916
15	4919
15	4923
15	4924
15	4941
15	4943
15	4944
15	4945
15	4949
15	4950
15	4951
15	4952
15	4954
15	4955
15	4957
15	4961
15	4980
15	4981
15	4988
15	4994
15	4997
15	5000
15	5002
15	5003
15	5004
15	5005
15	5006
15	5007
15	5009
15	5013
15	5014
15	5015
15	5018
15	5020
15	5022
15	5024
15	5029
15	5033
15	5035
15	5043
15	5044
15	5047
15	5050
15	5052
15	5053
15	5062
15	5068
15	5070
15	5073
15	5075
15	5077
15	5078
15	5079
15	5081
15	5082
15	5083
15	5089
15	5093
15	5094
15	5096
15	5097
15	5103
15	5104
15	5108
15	5109
15	5111
15	5115
15	5116
15	5120
15	5121
15	5124
15	5125
15	5131
15	5143
15	5144
15	5148
15	5155
15	5156
15	5157
15	5159
15	5161
15	5163
15	5165
15	5167
15	5168
15	5169
15	5171
15	5173
15	5174
15	5175
15	5179
15	5182
15	5187
15	5192
15	5193
15	5198
15	5200
15	5203
15	5207
15	5208
15	5214
15	5216
15	5217
15	5223
15	5226
15	5227
15	5228
15	5233
15	5235
15	5236
15	5246
15	5251
15	5252
15	5254
15	5255
15	5257
15	5260
15	5261
15	5263
15	5267
15	5273
15	5274
15	5275
15	5276
15	5278
15	5282
15	5284
15	5285
15	5289
15	5291
15	5292
15	5293
15	5294
15	5296
15	5299
15	5300
15	5308
15	5311
15	5319
15	5323
15	5324
15	5331
15	5332
15	5334
15	5335
15	5336
15	5340
15	5342
15	5347
15	5351
15	5354
15	5356
15	5357
15	5359
15	5365
15	5367
15	5376
15	5381
15	5391
15	5396
15	5397
15	5400
15	5404
15	5406
15	5407
15	5408
15	5414
15	5415
15	5420
15	5421
15	5427
15	5430
15	5436
15	5438
15	5448
15	5452
15	5454
15	5460
15	5461
15	5462
15	5463
15	5466
15	5469
15	5470
15	5471
15	5472
15	5473
15	5481
15	5485
15	5486
15	5487
15	5489
15	5503
15	5504
15	5505
15	5506
15	5507
15	5508
15	5510
15	5512
15	5514
15	5515
15	5517
15	5522
15	5529
15	5532
15	5535
15	5539
15	5546
15	5549
15	5550
15	5551
15	5553
15	5556
15	5561
15	5562
15	5563
15	5565
15	5566
15	5568
15	5570
15	5576
15	5578
15	5579
15	5580
15	5585
15	5587
15	5588
15	5593
15	5595
15	5599
15	5603
15	5606
15	5608
15	5610
15	5612
15	5614
15	5618
15	5622
15	5623
15	5624
15	5626
15	5627
15	5629
15	5633
15	5637
15	5638
15	5639
15	5640
15	5641
15	5643
15	5646
15	5648
15	5650
15	5654
15	5657
15	5658
15	5659
15	5660
15	5662
15	5663
15	5664
15	5665
15	5670
15	5673
15	5676
15	5677
15	5685
15	5686
15	5687
15	5688
15	5692
15	5694
15	5698
15	5699
15	5705
15	5706
15	5709
15	5710
15	5714
15	5720
15	5721
15	5723
15	5726
15	5732
15	5735
15	5737
15	5738
15	5740
15	5741
15	5742
15	5743
15	5747
15	5751
15	5759
15	5766
15	5768
15	5771
15	5774
15	5779
15	5781
15	5783
15	5796
15	5798
15	5801
15	5803
15	5809
15	5811
15	5817
15	5818
15	5820
15	5823
15	5824
15	5827
15	5828
15	5832
15	5835
15	5837
15	5838
15	5840
15	5841
15	5845
15	5846
15	5848
15	5849
15	5851
15	5854
15	5860
15	5863
15	5864
15	5865
15	5871
15	5872
15	5873
15	5875
15	5876
15	5878
15	5879
15	5883
15	5885
15	5891
15	5892
15	5893
15	5894
15	5895
15	5899
15	5902
15	5906
15	5907
15	5909
15	5911
15	5914
15	5915
15	5916
15	5921
15	5930
15	5931
15	5933
15	5936
15	5938
15	5939
15	5940
15	5945
15	5948
15	5950
15	5954
15	5955
15	5961
15	5963
15	5964
15	5965
15	5966
15	5972
15	5982
15	5983
15	5984
15	5986
15	5987
15	5992
15	5993
15	5995
15	6002
15	6003
15	6015
15	6018
15	6026
15	6028
15	6029
15	6034
15	6035
15	6037
15	6038
15	6045
15	6048
15	6050
15	6051
15	6052
15	6055
15	6061
15	6064
15	6078
15	6079
15	6080
15	6088
15	6090
15	6093
15	6096
15	6099
15	6105
15	6106
15	6109
15	6111
15	6112
15	6114
15	6117
15	6120
15	6121
15	6124
15	6125
15	6127
15	6132
15	6133
15	6136
15	6138
15	6140
15	6145
15	6150
15	6155
15	6156
15	6157
15	6161
15	6164
15	6165
15	6170
15	6172
15	6175
15	6180
15	6181
15	6184
15	6185
15	6188
15	6196
15	6203
15	6211
15	6215
15	6218
15	6220
15	6221
15	6222
15	6228
15	6230
15	6231
15	6232
15	6233
15	6234
15	6237
15	6249
15	6259
15	6262
15	6263
15	6267
15	6268
15	6269
15	6270
15	6271
15	6274
15	6276
15	6277
15	6278
15	6284
15	6285
15	6288
15	6289
15	6291
15	6293
15	6298
15	6299
15	6302
15	6304
15	6306
15	6307
15	6312
15	6313
15	6316
15	6317
15	6318
15	6327
15	6329
15	6330
15	6331
15	6333
15	6335
15	6339
15	6341
15	6346
15	6348
15	6350
15	6353
15	6361
15	6362
15	6363
15	6366
15	6368
15	6369
15	6370
15	6371
15	6373
15	6374
15	6379
15	6385
15	6392
15	6394
15	6396
15	6397
15	6402
15	6406
15	6408
15	6409
15	6414
15	6416
15	6422
15	6423
15	6424
15	6425
15	6426
15	6429
15	6432
15	6444
15	6446
15	6448
15	6456
15	6457
15	6463
15	6466
15	6468
15	6469
15	6471
15	6474
15	6475
15	6476
15	6478
15	6479
15	6481
15	6483
15	6488
15	6491
15	6492
15	6497
15	6499
15	6502
15	6504
15	6505
15	6512
15	6514
15	6515
15	6517
15	6520
15	6524
15	6528
15	6536
15	6538
15	6539
15	6540
15	6541
15	6542
15	6543
15	6548
15	6551
15	6552
15	6555
15	6556
15	6565
15	6568
15	6570
15	6571
15	6574
15	6576
15	6577
15	6579
15	6580
15	6582
15	6583
15	6584
15	6585
15	6586
15	6588
15	6591
15	6605
15	6607
15	6609
15	6610
15	6611
15	6617
15	6619
15	6622
15	6629
15	6630
15	6635
15	6637
15	6639
15	6643
15	6647
15	6648
15	6650
15	6654
15	6656
15	6663
15	6667
15	6668
15	6672
15	6673
15	6681
15	6683
15	6686
15	6701
15	6702
15	6704
15	6705
15	6707
15	6711
15	6712
15	6713
15	6714
15	6716
15	6723
15	6727
15	6728
15	6730
15	6731
15	6732
15	6739
15	6740
15	6745
15	6746
15	6747
15	6748
15	6749
15	6750
15	6751
15	6753
15	6758
15	6761
15	6763
15	6772
15	6784
15	6789
15	6790
15	6791
15	6792
15	6795
15	6798
15	6803
15	6807
15	6810
15	6814
15	6829
15	6834
15	6835
15	6837
15	6850
15	6852
15	6853
15	6854
15	6855
15	6856
15	6857
15	6858
15	6862
15	6864
15	6865
15	6866
15	6867
15	6868
15	6870
15	6875
15	6880
15	6883
15	6886
15	6887
15	6890
15	6892
15	6893
15	6895
15	6896
15	6897
15	6907
15	6908
15	6909
15	6910
15	6911
15	6912
15	6914
15	6917
15	6921
15	6928
15	6929
15	6936
15	6937
15	6940
15	6945
15	6949
15	6950
15	6954
15	6957
15	6958
15	6960
15	6961
15	6964
15	6965
15	6970
15	6973
15	6977
15	6980
15	6981
15	6984
15	6986
15	6988
15	6989
15	6990
15	6993
15	7002
15	7003
15	7004
15	7005
15	7007
15	7011
15	7012
15	7019
15	7024
15	7026
15	7033
15	7034
15	7036
15	7037
15	7038
15	7039
15	7042
15	7043
15	7044
15	7056
15	7058
15	7061
15	7063
15	7065
15	7067
15	7068
15	7070
15	7072
15	7077
15	7078
15	7080
15	7083
15	7089
15	7090
15	7094
15	7103
15	7107
15	7109
15	7118
15	7119
15	7124
15	7127
15	7128
15	7130
15	7134
15	7137
15	7139
15	7142
15	7143
15	7149
15	7156
15	7163
15	7170
15	7171
15	7176
15	7182
15	7186
15	7187
15	7189
15	7191
15	7195
15	7201
15	7208
15	7213
15	7217
15	7226
15	7228
15	7230
15	7239
15	7240
15	7241
15	7243
15	7244
15	7246
15	7247
15	7249
15	7250
15	7253
15	7256
15	7257
15	7258
15	7261
15	7262
15	7264
15	7268
15	7269
15	7270
15	7276
15	7278
15	7279
15	7285
15	7289
15	7292
15	7297
15	7299
15	7301
15	7303
15	7305
15	7308
15	7310
15	7316
15	7317
15	7319
15	7322
15	7325
15	7328
15	7330
15	7337
15	7338
15	7340
15	7343
15	7344
15	7347
15	7350
15	7351
15	7354
15	7357
15	7364
15	7366
15	7368
15	7372
15	7381
15	7382
15	7384
15	7389
15	7393
15	7398
15	7400
15	7402
15	7406
15	7407
15	7408
15	7409
15	7419
15	7420
15	7422
15	7427
15	7430
15	7431
15	7435
15	7438
15	7439
15	7440
15	7446
15	7447
15	7448
15	7450
15	7451
15	7452
15	7457
15	7459
15	7463
15	7464
15	7465
15	7466
15	7467
15	7469
15	7471
15	7472
15	7473
15	7474
15	7475
15	7481
15	7486
15	7488
15	7489
15	7493
15	7494
15	7497
15	7498
15	7501
15	7502
15	7509
15	7510
15	7511
15	7516
15	7519
15	7521
15	7522
15	7526
15	7532
15	7541
15	7544
15	7545
15	7550
15	7552
15	7556
15	7558
15	7563
15	7566
15	7567
15	7569
15	7571
15	7572
15	7573
15	7576
15	7577
15	7579
15	7582
15	7584
15	7585
15	7586
15	7587
15	7590
15	7591
15	7592
15	7595
15	7597
15	7599
15	7601
15	7611
15	7618
15	7620
15	7624
15	7627
15	7631
15	7634
15	7637
15	7638
15	7640
15	7643
15	7651
15	7652
15	7654
15	7655
15	7657
15	7658
15	7659
15	7663
15	7664
15	7665
15	7667
15	7669
15	7670
15	7671
15	7672
15	7676
15	7677
15	7678
15	7682
15	7684
15	7685
15	7689
15	7690
15	7692
15	7698
15	7699
15	7700
15	7703
15	7704
15	7706
15	7707
15	7713
15	7716
15	7723
15	7724
15	7731
15	7735
15	7738
15	7741
15	7744
15	7745
15	7747
15	7750
15	7751
15	7756
15	7757
15	7759
15	7763
15	7764
15	7765
15	7767
15	7769
15	7770
15	7777
15	7778
15	7783
15	7784
15	7786
15	7788
15	7789
15	7790
15	7791
15	7794
15	7798
15	7799
15	7801
15	7804
15	7806
15	7809
15	7811
15	7813
15	7817
15	7820
15	7824
15	7830
15	7831
15	7834
15	7835
15	7836
15	7837
15	7840
15	7843
15	7844
15	7846
15	7847
15	7852
15	7858
15	7870
15	7871
15	7874
15	7875
15	7878
15	7881
15	7883
15	7886
15	7890
15	7893
15	7900
15	7901
15	7908
15	7910
15	7912
15	7915
15	7917
15	7921
15	7922
15	7924
15	7927
15	7931
15	7932
15	7933
15	7943
15	7949
15	7951
15	7953
15	7955
15	7958
15	7961
15	7963
15	7964
15	7968
15	7974
15	7980
15	7984
15	7986
15	7989
15	7990
15	7994
15	7996
15	7999
15	8000
15	8002
15	8008
15	8009
15	8013
15	8014
15	8017
15	8021
15	8026
15	8031
15	8035
15	8037
15	8047
15	8048
15	8052
15	8057
15	8065
15	8068
15	8069
15	8070
15	8073
15	8075
15	8076
15	8077
15	8079
15	8082
15	8085
15	8086
15	8092
15	8096
15	8097
15	8099
15	8101
15	8103
15	8105
15	8111
15	8113
15	8114
15	8115
15	8118
15	8119
15	8121
15	8122
15	8126
15	8131
15	8132
15	8135
15	8139
15	8140
15	8146
15	8147
15	8151
15	8161
15	8162
15	8164
15	8166
15	8167
15	8171
15	8177
15	8178
15	8184
15	8186
15	8187
15	8191
15	8192
15	8194
15	8198
15	8203
15	8208
15	8209
15	8212
15	8213
15	8216
15	8219
15	8225
15	8227
15	8230
15	8231
15	8232
15	8234
15	8242
15	8251
15	8254
15	8258
15	8260
15	8262
15	8267
15	8268
15	8272
15	8274
15	8280
15	8293
15	8297
15	8299
15	8300
15	8302
15	8304
15	8306
15	8312
15	8313
15	8315
15	8318
15	8320
15	8323
15	8332
15	8333
15	8334
15	8335
15	8354
15	8357
15	8361
15	8362
15	8363
15	8368
15	8369
15	8370
15	8371
15	8374
15	8376
15	8380
15	8382
15	8383
15	8390
15	8391
15	8394
15	8397
15	8398
15	8408
15	8410
15	8416
15	8419
15	8435
15	8436
15	8437
15	8439
15	8440
15	8441
15	8442
15	8446
15	8449
15	8458
15	8463
15	8466
15	8469
15	8470
15	8472
15	8473
15	8474
15	8476
15	8484
15	8487
15	8488
15	8490
15	8497
15	8499
15	8503
15	8510
15	8512
15	8513
15	8514
15	8518
15	8526
15	8532
15	8533
15	8535
15	8536
15	8539
15	8540
15	8541
15	8547
15	8548
15	8550
15	8551
15	8553
15	8555
15	8556
15	8557
15	8558
15	8564
15	8572
15	8575
15	8581
15	8583
15	8585
15	8587
15	8588
15	8590
15	8592
15	8593
15	8596
15	8598
15	8601
15	8606
15	8614
15	8615
15	8617
15	8618
15	8619
15	8620
15	8622
15	8623
15	8625
15	8626
15	8629
15	8632
15	8636
15	8644
15	8647
15	8649
15	8650
15	8654
15	8658
15	8659
15	8663
15	8665
15	8666
15	8667
15	8672
15	8674
15	8676
15	8679
15	8682
15	8683
15	8684
15	8692
15	8699
15	8710
15	8711
15	8716
15	8719
15	8720
15	8721
15	8734
15	8736
15	8739
15	8747
15	8748
15	8752
15	8754
15	8759
15	8762
15	8766
15	8770
15	8771
15	8775
15	8777
15	8779
15	8787
15	8789
15	8790
15	8792
15	8796
15	8797
15	8806
15	8814
15	8816
15	8817
15	8830
15	8834
15	8837
15	8840
15	8844
15	8845
15	8849
15	8853
15	8856
15	8862
15	8863
15	8865
15	8869
15	8870
15	8872
15	8873
15	8876
15	8878
15	8880
15	8892
15	8896
15	8904
15	8909
15	8915
15	8918
15	8919
15	8920
15	8924
15	8927
15	8944
15	8955
15	8956
15	8957
15	8959
15	8962
15	8964
15	8965
15	8967
15	8968
15	8970
15	8973
15	8976
15	8981
15	8984
15	8991
15	8992
15	8994
15	8997
15	8998
15	9001
15	9003
15	9005
15	9006
15	9008
15	9014
15	9016
15	9021
15	9023
15	9024
15	9026
15	9028
15	9030
15	9031
15	9036
15	9038
15	9042
15	9045
15	9048
15	9050
15	9058
15	9061
15	9063
15	9064
15	9070
15	9076
15	9077
15	9078
15	9079
15	9080
15	9081
15	9082
15	9086
15	9087
15	9093
15	9097
15	9098
15	9102
15	9109
15	9113
15	9120
15	9126
15	9128
15	9129
15	9134
15	9135
15	9139
15	9140
15	9141
15	9142
15	9143
15	9147
15	9155
15	9157
15	9159
15	9163
15	9165
15	9166
15	9168
15	9169
15	9170
15	9172
15	9173
15	9176
15	9184
15	9189
15	9190
15	9194
15	9195
15	9197
15	9198
15	9200
15	9201
15	9202
15	9204
15	9206
15	9217
15	9219
15	9222
15	9223
15	9224
15	9226
15	9227
15	9229
15	9237
15	9238
15	9239
15	9244
15	9247
15	9249
15	9256
15	9260
15	9263
15	9267
15	9269
15	9272
15	9273
15	9274
15	9277
15	9278
15	9281
15	9283
15	9284
15	9287
15	9288
15	9289
15	9291
15	9292
15	9297
15	9300
15	9303
15	9304
15	9311
15	9313
15	9315
15	9318
15	9320
15	9324
15	9329
15	9330
15	9333
15	9337
15	9341
15	9342
15	9344
15	9345
15	9348
15	9350
15	9351
15	9369
15	9374
15	9379
15	9381
15	9382
15	9388
15	9389
15	9390
15	9394
15	9396
15	9397
15	9405
15	9410
15	9411
15	9413
15	9417
15	9419
15	9420
15	9422
15	9423
15	9424
15	9427
15	9428
15	9429
15	9434
15	9435
15	9436
15	9439
15	9445
15	9446
15	9448
15	9451
15	9456
15	9466
15	9468
15	9472
15	9477
15	9479
15	9486
15	9489
15	9491
15	9492
15	9494
15	9497
15	9503
15	9506
15	9507
15	9512
15	9515
15	9520
15	9530
15	9532
15	9533
15	9537
15	9543
15	9544
15	9547
15	9548
15	9551
15	9553
15	9557
15	9558
15	9559
15	9562
15	9563
15	9567
15	9571
15	9576
15	9577
15	9578
15	9579
15	9581
15	9585
15	9588
15	9591
15	9592
15	9594
15	9597
15	9605
15	9608
15	9611
15	9613
15	9614
15	9621
15	9624
15	9628
15	9630
15	9631
15	9632
15	9633
15	9634
15	9637
15	9642
15	9648
15	9651
15	9654
15	9656
15	9657
15	9659
15	9673
15	9682
15	9684
15	9686
15	9688
15	9692
15	9696
15	9699
15	9703
15	9704
15	9705
15	9709
15	9714
15	9716
15	9719
15	9721
15	9722
15	9723
15	9725
15	9728
15	9732
15	9733
15	9736
15	9737
15	9741
15	9742
15	9743
15	9750
15	9751
15	9752
15	9753
15	9757
15	9758
15	9759
15	9760
15	9763
15	9764
15	9765
15	9774
15	9777
15	9780
15	9787
15	9790
15	9792
15	9799
15	9808
15	9809
15	9811
15	9815
15	9818
15	9823
15	9828
15	9832
15	9834
15	9838
15	9840
15	9841
15	9844
15	9846
15	9847
15	9850
15	9853
15	9854
15	9863
15	9867
15	9868
15	9872
15	9874
15	9877
15	9878
15	9879
15	9880
15	9884
15	9887
15	9889
15	9891
15	9896
15	9897
15	9900
15	9905
15	9910
15	9915
15	9916
15	9918
15	9921
15	9926
15	9931
15	9932
15	9935
15	9936
15	9937
15	9940
15	9941
15	9942
15	9943
15	9945
15	9956
15	9958
15	9959
15	9962
15	9967
15	9972
15	9973
15	9974
15	9978
15	9979
15	9980
15	9985
15	9991
15	9992
15	9993
15	9995
15	9997
15	9999
16	30
16	61
16	68
16	109
16	111
16	119
16	156
16	161
16	217
16	262
16	306
16	315
16	317
16	323
16	325
16	348
16	375
16	431
16	447
16	482
16	487
16	520
16	544
16	545
16	570
16	615
16	649
16	704
16	709
16	716
16	732
16	749
16	772
16	784
16	846
16	857
16	862
16	864
16	888
16	932
16	936
16	939
16	960
16	985
16	987
16	994
16	998
16	1026
16	1057
16	1061
16	1088
16	1129
16	1130
16	1169
16	1170
16	1175
16	1209
16	1211
16	1228
16	1275
16	1285
16	1286
16	1342
16	1345
16	1360
16	1362
16	1394
16	1412
16	1415
16	1417
16	1433
16	1436
16	1447
16	1456
16	1478
16	1526
16	1557
16	1569
16	1587
16	1654
16	1688
16	1694
16	1697
16	1705
16	1713
16	1730
16	1751
16	1760
16	1867
16	1895
16	1902
16	1910
16	1924
16	1927
16	1935
16	1948
16	1965
16	1971
16	2011
16	2027
16	2075
16	2104
16	2125
16	2127
16	2154
16	2195
16	2209
16	2215
16	2264
16	2272
16	2284
16	2285
16	2296
16	2327
16	2362
16	2367
16	2372
16	2396
16	2401
16	2412
16	2413
16	2457
16	2465
16	2472
16	2491
16	2498
16	2512
16	2540
16	2582
16	2595
16	2639
16	2690
16	2693
16	2711
16	2746
16	2828
16	2833
16	2841
16	2848
16	2915
16	2962
16	2967
16	2972
16	3004
16	3005
16	3017
16	3026
16	3031
16	3050
16	3054
16	3065
16	3078
16	3089
16	3090
16	3099
16	3119
16	3142
16	3147
16	3192
16	3196
16	3208
16	3266
16	3294
16	3298
16	3321
16	3329
16	3341
16	3342
16	3366
16	3414
16	3460
16	3488
16	3491
16	3511
16	3544
16	3548
16	3553
16	3596
16	3600
16	3604
16	3674
16	3677
16	3692
16	3705
16	3723
16	3755
16	3809
16	3814
16	3830
16	3858
16	3884
16	3913
16	3947
16	3949
16	3977
16	4015
16	4024
16	4049
16	4055
16	4066
16	4068
16	4073
16	4091
16	4138
16	4148
16	4154
16	4184
16	4228
16	4232
16	4248
16	4254
16	4256
16	4288
16	4354
16	4398
16	4410
16	4414
16	4445
16	4472
16	4486
16	4498
16	4518
16	4528
16	4536
16	4537
16	4543
16	4547
16	4554
16	4562
16	4609
16	4633
16	4645
16	4653
16	4678
16	4693
16	4701
16	4726
16	4744
16	4754
16	4776
16	4783
16	4803
16	4815
16	4820
16	4825
16	4827
16	4838
16	4841
16	4862
16	4872
16	4876
16	4925
16	4935
16	4936
16	4946
16	4966
16	4986
16	5019
16	5034
16	5152
16	5195
16	5215
16	5220
16	5238
16	5258
16	5264
16	5327
16	5349
16	5371
16	5384
16	5389
16	5403
16	5423
16	5450
16	5480
16	5533
16	5537
16	5557
16	5560
16	5590
16	5592
16	5597
16	5607
16	5634
16	5642
16	5651
16	5684
16	5691
16	5718
16	5727
16	5770
16	5785
16	5807
16	5812
16	5813
16	5843
16	5870
16	5904
16	5912
16	5923
16	5944
16	5990
16	6040
16	6058
16	6073
16	6076
16	6083
16	6107
16	6167
16	6183
16	6200
16	6210
16	6224
16	6239
16	6286
16	6305
16	6334
16	6343
16	6354
16	6375
16	6378
16	6398
16	6399
16	6450
16	6459
16	6464
16	6510
16	6519
16	6525
16	6544
16	6587
16	6598
16	6601
16	6649
16	6725
16	6743
16	6754
16	6759
16	6797
16	6824
16	6878
16	6885
16	6898
16	6919
16	6944
16	6968
16	6987
16	7006
16	7018
16	7030
16	7035
16	7047
16	7051
16	7055
16	7057
16	7059
16	7066
16	7092
16	7104
16	7106
16	7112
16	7123
16	7166
16	7167
16	7224
16	7229
16	7237
16	7242
16	7263
16	7271
16	7272
16	7294
16	7313
16	7345
16	7360
16	7377
16	7388
16	7415
16	7429
16	7434
16	7443
16	7477
16	7482
16	7557
16	7562
16	7578
16	7610
16	7614
16	7616
16	7666
16	7687
16	7711
16	7727
16	7729
16	7793
16	7796
16	7812
16	7850
16	7889
16	7907
16	7918
16	7936
16	7939
16	7941
16	7942
16	7945
16	7969
16	7981
16	7983
16	7993
16	8023
16	8039
16	8041
16	8050
16	8061
16	8110
16	8168
16	8243
16	8252
16	8255
16	8270
16	8276
16	8282
16	8287
16	8291
16	8296
16	8324
16	8330
16	8331
16	8359
16	8364
16	8366
16	8386
16	8388
16	8420
16	8452
16	8456
16	8517
16	8519
16	8525
16	8546
16	8571
16	8582
16	8599
16	8603
16	8610
16	8660
16	8664
16	8698
16	8712
16	8730
16	8733
16	8742
16	8808
16	8821
16	8828
16	8846
16	8882
16	8883
16	8897
16	8926
16	8935
16	8937
16	8949
16	8958
16	8983
16	8988
16	8990
16	8996
16	9043
16	9067
16	9084
16	9130
16	9211
16	9236
16	9305
16	9314
16	9339
16	9365
16	9380
16	9385
16	9398
16	9426
16	9454
16	9476
16	9495
16	9500
16	9527
16	9534
16	9535
16	9542
16	9550
16	9582
16	9583
16	9590
16	9618
16	9664
16	9685
16	9726
16	9740
16	9767
16	9771
16	9789
16	9805
16	9860
16	9875
16	9882
16	9906
16	9920
16	9983
17	13
17	210
17	250
17	283
17	548
17	930
17	1406
17	1498
17	2573
17	2629
17	3066
17	3481
17	3569
17	3641
17	3643
17	4089
17	4116
17	4355
17	4359
17	4468
17	4471
17	4711
17	4717
17	5379
17	5524
17	6063
17	6135
17	6147
17	6567
17	6599
17	6762
17	6922
17	7053
17	7140
17	7749
17	8373
17	8520
17	8611
17	9326
17	9384
17	9387
17	9404
