Minimo	Corrida
25	81
25	428
25	523
25	615
25	945
25	1144
25	1331
25	1455
25	2050
25	2457
25	2584
25	2638
25	3084
25	3406
25	3574
25	3580
25	3612
25	3918
25	5288
25	5425
25	5685
25	5788
25	5824
25	6003
25	6152
25	6251
25	6302
25	6363
25	6388
25	7335
25	7909
25	7965
25	8175
25	8470
25	8478
25	8700
25	8946
25	8967
25	9355
25	9390
25	9766
25	9771
25	9996
26	7
26	61
26	76
26	78
26	79
26	84
26	91
26	115
26	139
26	172
26	185
26	193
26	195
26	207
26	223
26	234
26	235
26	243
26	247
26	250
26	255
26	256
26	261
26	279
26	289
26	299
26	346
26	359
26	373
26	385
26	386
26	399
26	414
26	446
26	447
26	452
26	453
26	467
26	479
26	496
26	513
26	572
26	624
26	626
26	640
26	642
26	645
26	670
26	686
26	688
26	712
26	723
26	740
26	772
26	823
26	828
26	830
26	848
26	861
26	888
26	893
26	917
26	921
26	928
26	940
26	984
26	989
26	994
26	997
26	1003
26	1021
26	1037
26	1040
26	1047
26	1062
26	1090
26	1095
26	1116
26	1117
26	1118
26	1128
26	1131
26	1140
26	1143
26	1175
26	1199
26	1257
26	1273
26	1277
26	1310
26	1314
26	1327
26	1367
26	1380
26	1384
26	1391
26	1392
26	1403
26	1420
26	1432
26	1471
26	1474
26	1520
26	1543
26	1558
26	1565
26	1569
26	1579
26	1580
26	1592
26	1601
26	1616
26	1620
26	1621
26	1636
26	1644
26	1653
26	1658
26	1661
26	1679
26	1697
26	1708
26	1718
26	1725
26	1813
26	1822
26	1827
26	1880
26	1881
26	1892
26	1916
26	1923
26	1927
26	1988
26	2034
26	2051
26	2069
26	2071
26	2076
26	2093
26	2095
26	2105
26	2122
26	2132
26	2156
26	2165
26	2172
26	2175
26	2181
26	2185
26	2200
26	2211
26	2239
26	2250
26	2253
26	2297
26	2330
26	2341
26	2342
26	2359
26	2363
26	2371
26	2373
26	2383
26	2397
26	2428
26	2435
26	2452
26	2456
26	2474
26	2519
26	2520
26	2522
26	2571
26	2581
26	2592
26	2605
26	2614
26	2651
26	2687
26	2694
26	2732
26	2745
26	2772
26	2782
26	2784
26	2790
26	2796
26	2851
26	2919
26	2932
26	2954
26	2989
26	3015
26	3038
26	3044
26	3056
26	3059
26	3064
26	3088
26	3098
26	3106
26	3117
26	3147
26	3161
26	3166
26	3186
26	3236
26	3237
26	3249
26	3266
26	3290
26	3300
26	3306
26	3326
26	3333
26	3358
26	3367
26	3385
26	3414
26	3494
26	3498
26	3524
26	3564
26	3568
26	3590
26	3595
26	3650
26	3670
26	3676
26	3677
26	3691
26	3698
26	3745
26	3751
26	3761
26	3782
26	3816
26	3818
26	3821
26	3827
26	3845
26	3863
26	3895
26	3896
26	3938
26	3945
26	3951
26	3955
26	3965
26	3973
26	3977
26	3988
26	4002
26	4010
26	4027
26	4031
26	4045
26	4048
26	4076
26	4077
26	4106
26	4125
26	4127
26	4146
26	4173
26	4185
26	4196
26	4198
26	4213
26	4223
26	4226
26	4228
26	4229
26	4230
26	4242
26	4249
26	4279
26	4318
26	4330
26	4331
26	4341
26	4349
26	4364
26	4366
26	4389
26	4408
26	4417
26	4449
26	4464
26	4469
26	4485
26	4518
26	4521
26	4557
26	4559
26	4572
26	4604
26	4607
26	4621
26	4646
26	4653
26	4661
26	4674
26	4686
26	4693
26	4700
26	4733
26	4765
26	4779
26	4810
26	4819
26	4828
26	4830
26	4841
26	4854
26	4859
26	4892
26	4893
26	4899
26	4911
26	4914
26	4915
26	4944
26	4961
26	4967
26	4978
26	4984
26	5021
26	5026
26	5027
26	5030
26	5038
26	5040
26	5041
26	5043
26	5052
26	5053
26	5064
26	5071
26	5074
26	5078
26	5135
26	5155
26	5161
26	5199
26	5257
26	5259
26	5289
26	5297
26	5320
26	5332
26	5342
26	5350
26	5362
26	5373
26	5376
26	5393
26	5409
26	5440
26	5446
26	5468
26	5518
26	5536
26	5548
26	5572
26	5591
26	5601
26	5629
26	5663
26	5664
26	5671
26	5701
26	5707
26	5727
26	5751
26	5754
26	5761
26	5765
26	5768
26	5793
26	5802
26	5803
26	5813
26	5848
26	5866
26	5870
26	5886
26	5934
26	5958
26	5959
26	5971
26	5980
26	5996
26	6006
26	6011
26	6014
26	6024
26	6027
26	6043
26	6048
26	6084
26	6104
26	6112
26	6128
26	6135
26	6167
26	6175
26	6185
26	6204
26	6206
26	6209
26	6228
26	6279
26	6289
26	6304
26	6309
26	6313
26	6357
26	6374
26	6411
26	6421
26	6444
26	6454
26	6470
26	6479
26	6488
26	6517
26	6522
26	6527
26	6530
26	6542
26	6544
26	6555
26	6560
26	6583
26	6588
26	6606
26	6609
26	6615
26	6626
26	6648
26	6664
26	6670
26	6689
26	6709
26	6724
26	6732
26	6755
26	6805
26	6810
26	6811
26	6815
26	6827
26	6848
26	6858
26	6868
26	6882
26	6890
26	6914
26	6936
26	6960
26	6962
26	6972
26	7052
26	7055
26	7079
26	7084
26	7092
26	7128
26	7137
26	7139
26	7143
26	7184
26	7190
26	7191
26	7225
26	7232
26	7275
26	7279
26	7295
26	7319
26	7342
26	7371
26	7377
26	7405
26	7411
26	7418
26	7427
26	7450
26	7455
26	7457
26	7463
26	7476
26	7491
26	7497
26	7522
26	7527
26	7532
26	7541
26	7548
26	7550
26	7577
26	7578
26	7605
26	7614
26	7628
26	7649
26	7658
26	7669
26	7671
26	7743
26	7771
26	7774
26	7790
26	7795
26	7804
26	7832
26	7853
26	7870
26	7882
26	7899
26	7903
26	7927
26	7928
26	7940
26	7989
26	7999
26	8012
26	8016
26	8029
26	8054
26	8056
26	8070
26	8086
26	8094
26	8107
26	8114
26	8122
26	8127
26	8150
26	8152
26	8179
26	8193
26	8207
26	8217
26	8223
26	8235
26	8243
26	8283
26	8293
26	8306
26	8324
26	8329
26	8333
26	8342
26	8370
26	8384
26	8385
26	8394
26	8414
26	8421
26	8440
26	8452
26	8454
26	8458
26	8492
26	8518
26	8520
26	8521
26	8529
26	8562
26	8567
26	8572
26	8600
26	8603
26	8614
26	8660
26	8685
26	8690
26	8701
26	8719
26	8730
26	8731
26	8736
26	8743
26	8746
26	8776
26	8787
26	8803
26	8836
26	8865
26	8903
26	8905
26	8945
26	8957
26	8971
26	8980
26	9006
26	9017
26	9030
26	9043
26	9046
26	9050
26	9074
26	9098
26	9103
26	9118
26	9184
26	9191
26	9193
26	9194
26	9212
26	9214
26	9222
26	9233
26	9234
26	9251
26	9262
26	9267
26	9277
26	9283
26	9310
26	9315
26	9357
26	9372
26	9396
26	9422
26	9435
26	9468
26	9470
26	9521
26	9527
26	9534
26	9536
26	9541
26	9549
26	9555
26	9558
26	9562
26	9575
26	9579
26	9588
26	9593
26	9626
26	9637
26	9646
26	9657
26	9688
26	9701
26	9711
26	9735
26	9747
26	9761
26	9774
26	9795
26	9799
26	9822
26	9825
26	9838
26	9850
26	9854
26	9862
26	9881
26	9901
26	9906
26	9912
26	9920
26	9932
26	9952
26	9959
26	9967
26	9985
26	9994
26	9995
27	4
27	12
27	13
27	15
27	20
27	24
27	25
27	34
27	38
27	43
27	44
27	48
27	66
27	69
27	72
27	73
27	75
27	77
27	89
27	94
27	95
27	102
27	103
27	107
27	111
27	117
27	125
27	137
27	138
27	141
27	142
27	143
27	148
27	150
27	151
27	152
27	156
27	162
27	163
27	164
27	166
27	167
27	168
27	175
27	179
27	180
27	181
27	183
27	192
27	194
27	196
27	199
27	204
27	205
27	209
27	211
27	218
27	219
27	225
27	232
27	242
27	249
27	257
27	264
27	273
27	274
27	275
27	276
27	283
27	284
27	287
27	293
27	294
27	295
27	298
27	300
27	302
27	321
27	326
27	327
27	328
27	330
27	338
27	342
27	344
27	347
27	348
27	352
27	354
27	356
27	361
27	374
27	377
27	384
27	389
27	391
27	393
27	394
27	398
27	400
27	403
27	410
27	415
27	422
27	423
27	424
27	430
27	432
27	436
27	439
27	444
27	449
27	451
27	466
27	472
27	477
27	482
27	486
27	487
27	488
27	491
27	494
27	495
27	498
27	502
27	505
27	507
27	508
27	514
27	516
27	517
27	525
27	526
27	531
27	541
27	543
27	546
27	547
27	548
27	551
27	563
27	571
27	574
27	576
27	577
27	594
27	596
27	598
27	601
27	606
27	608
27	614
27	621
27	623
27	627
27	633
27	637
27	639
27	653
27	656
27	665
27	667
27	668
27	677
27	680
27	681
27	682
27	683
27	689
27	690
27	694
27	697
27	710
27	711
27	716
27	717
27	726
27	731
27	732
27	737
27	742
27	744
27	746
27	750
27	755
27	758
27	759
27	760
27	764
27	765
27	768
27	771
27	773
27	776
27	778
27	781
27	783
27	792
27	794
27	798
27	807
27	810
27	815
27	816
27	820
27	826
27	837
27	839
27	844
27	846
27	847
27	850
27	851
27	852
27	855
27	864
27	868
27	870
27	871
27	874
27	881
27	892
27	894
27	899
27	900
27	901
27	902
27	906
27	908
27	910
27	912
27	913
27	920
27	924
27	926
27	948
27	950
27	952
27	954
27	957
27	959
27	960
27	962
27	965
27	968
27	969
27	973
27	974
27	978
27	988
27	990
27	993
27	998
27	1001
27	1004
27	1009
27	1025
27	1027
27	1042
27	1045
27	1054
27	1055
27	1061
27	1063
27	1070
27	1071
27	1074
27	1092
27	1094
27	1097
27	1104
27	1105
27	1108
27	1122
27	1123
27	1126
27	1138
27	1141
27	1147
27	1148
27	1149
27	1152
27	1156
27	1169
27	1171
27	1182
27	1202
27	1210
27	1211
27	1214
27	1219
27	1223
27	1224
27	1225
27	1233
27	1251
27	1258
27	1262
27	1265
27	1266
27	1268
27	1278
27	1279
27	1283
27	1284
27	1289
27	1290
27	1294
27	1297
27	1301
27	1304
27	1305
27	1306
27	1311
27	1312
27	1313
27	1328
27	1332
27	1333
27	1334
27	1335
27	1338
27	1348
27	1350
27	1352
27	1355
27	1357
27	1360
27	1364
27	1370
27	1377
27	1385
27	1387
27	1388
27	1393
27	1394
27	1402
27	1407
27	1409
27	1411
27	1418
27	1422
27	1423
27	1424
27	1436
27	1438
27	1444
27	1445
27	1452
27	1459
27	1462
27	1469
27	1472
27	1476
27	1479
27	1489
27	1491
27	1493
27	1495
27	1498
27	1499
27	1502
27	1507
27	1515
27	1521
27	1524
27	1526
27	1528
27	1545
27	1547
27	1549
27	1554
27	1557
27	1559
27	1560
27	1561
27	1564
27	1567
27	1573
27	1582
27	1584
27	1587
27	1607
27	1608
27	1617
27	1630
27	1632
27	1637
27	1652
27	1654
27	1660
27	1663
27	1666
27	1671
27	1681
27	1687
27	1688
27	1696
27	1699
27	1705
27	1714
27	1715
27	1719
27	1722
27	1723
27	1727
27	1734
27	1735
27	1740
27	1741
27	1743
27	1746
27	1757
27	1764
27	1765
27	1771
27	1775
27	1780
27	1785
27	1786
27	1787
27	1790
27	1796
27	1802
27	1804
27	1808
27	1809
27	1811
27	1814
27	1818
27	1820
27	1824
27	1826
27	1830
27	1831
27	1832
27	1838
27	1840
27	1843
27	1847
27	1850
27	1853
27	1859
27	1861
27	1863
27	1864
27	1876
27	1885
27	1887
27	1888
27	1891
27	1897
27	1900
27	1905
27	1908
27	1909
27	1911
27	1912
27	1913
27	1917
27	1925
27	1932
27	1937
27	1957
27	1959
27	1962
27	1964
27	1965
27	1967
27	1980
27	1982
27	1991
27	1993
27	1994
27	1995
27	1997
27	2008
27	2009
27	2010
27	2011
27	2012
27	2022
27	2024
27	2025
27	2033
27	2046
27	2052
27	2054
27	2060
27	2065
27	2068
27	2073
27	2075
27	2077
27	2078
27	2081
27	2084
27	2085
27	2089
27	2091
27	2101
27	2110
27	2116
27	2128
27	2130
27	2134
27	2135
27	2136
27	2140
27	2146
27	2148
27	2158
27	2162
27	2173
27	2179
27	2180
27	2183
27	2188
27	2191
27	2198
27	2206
27	2213
27	2224
27	2230
27	2232
27	2235
27	2238
27	2240
27	2241
27	2245
27	2247
27	2251
27	2257
27	2258
27	2265
27	2271
27	2275
27	2277
27	2282
27	2283
27	2288
27	2291
27	2293
27	2294
27	2295
27	2299
27	2301
27	2303
27	2309
27	2311
27	2316
27	2318
27	2319
27	2324
27	2326
27	2328
27	2331
27	2334
27	2336
27	2346
27	2350
27	2354
27	2355
27	2358
27	2361
27	2364
27	2366
27	2370
27	2375
27	2378
27	2389
27	2393
27	2396
27	2399
27	2401
27	2405
27	2406
27	2412
27	2413
27	2421
27	2426
27	2427
27	2432
27	2439
27	2440
27	2442
27	2445
27	2447
27	2454
27	2466
27	2470
27	2472
27	2477
27	2481
27	2482
27	2485
27	2493
27	2498
27	2502
27	2504
27	2505
27	2511
27	2516
27	2517
27	2524
27	2528
27	2532
27	2537
27	2540
27	2542
27	2559
27	2560
27	2563
27	2572
27	2576
27	2586
27	2594
27	2595
27	2603
27	2604
27	2609
27	2617
27	2618
27	2622
27	2625
27	2626
27	2628
27	2630
27	2631
27	2647
27	2657
27	2659
27	2681
27	2684
27	2700
27	2704
27	2718
27	2720
27	2723
27	2724
27	2726
27	2737
27	2740
27	2741
27	2744
27	2748
27	2750
27	2754
27	2755
27	2756
27	2757
27	2762
27	2764
27	2768
27	2776
27	2783
27	2789
27	2792
27	2798
27	2799
27	2804
27	2809
27	2815
27	2823
27	2825
27	2828
27	2832
27	2833
27	2835
27	2837
27	2838
27	2842
27	2843
27	2844
27	2848
27	2853
27	2856
27	2858
27	2864
27	2865
27	2866
27	2879
27	2880
27	2881
27	2883
27	2896
27	2900
27	2904
27	2909
27	2912
27	2921
27	2923
27	2927
27	2930
27	2934
27	2936
27	2942
27	2945
27	2947
27	2948
27	2949
27	2959
27	2965
27	2966
27	2967
27	2976
27	2978
27	2982
27	2983
27	2986
27	2993
27	3003
27	3004
27	3005
27	3010
27	3013
27	3024
27	3031
27	3033
27	3035
27	3045
27	3050
27	3051
27	3052
27	3054
27	3057
27	3058
27	3061
27	3066
27	3069
27	3080
27	3081
27	3101
27	3103
27	3105
27	3110
27	3114
27	3120
27	3121
27	3124
27	3125
27	3126
27	3131
27	3133
27	3135
27	3140
27	3142
27	3144
27	3146
27	3150
27	3152
27	3154
27	3163
27	3167
27	3168
27	3175
27	3188
27	3189
27	3197
27	3202
27	3206
27	3207
27	3213
27	3222
27	3228
27	3231
27	3232
27	3250
27	3256
27	3258
27	3270
27	3275
27	3276
27	3277
27	3278
27	3283
27	3284
27	3293
27	3294
27	3295
27	3316
27	3320
27	3327
27	3338
27	3339
27	3348
27	3361
27	3362
27	3364
27	3366
27	3368
27	3370
27	3373
27	3378
27	3388
27	3399
27	3402
27	3409
27	3410
27	3413
27	3420
27	3421
27	3432
27	3435
27	3439
27	3440
27	3442
27	3452
27	3453
27	3456
27	3459
27	3465
27	3466
27	3469
27	3475
27	3478
27	3479
27	3483
27	3490
27	3492
27	3503
27	3508
27	3510
27	3516
27	3519
27	3523
27	3531
27	3536
27	3537
27	3538
27	3540
27	3542
27	3550
27	3552
27	3554
27	3566
27	3570
27	3578
27	3579
27	3581
27	3584
27	3606
27	3608
27	3615
27	3616
27	3619
27	3621
27	3627
27	3628
27	3631
27	3639
27	3641
27	3645
27	3648
27	3649
27	3651
27	3653
27	3658
27	3660
27	3665
27	3666
27	3672
27	3675
27	3678
27	3682
27	3686
27	3690
27	3692
27	3704
27	3705
27	3708
27	3719
27	3720
27	3722
27	3725
27	3732
27	3734
27	3735
27	3747
27	3753
27	3754
27	3760
27	3763
27	3764
27	3765
27	3767
27	3768
27	3769
27	3778
27	3783
27	3786
27	3790
27	3793
27	3797
27	3801
27	3803
27	3807
27	3809
27	3813
27	3815
27	3824
27	3831
27	3832
27	3842
27	3844
27	3852
27	3855
27	3856
27	3859
27	3861
27	3870
27	3875
27	3882
27	3886
27	3894
27	3903
27	3904
27	3908
27	3911
27	3915
27	3916
27	3917
27	3922
27	3924
27	3927
27	3931
27	3935
27	3940
27	3941
27	3943
27	3948
27	3952
27	3954
27	3957
27	3987
27	3989
27	3991
27	3996
27	4000
27	4004
27	4007
27	4013
27	4014
27	4020
27	4023
27	4024
27	4029
27	4034
27	4035
27	4038
27	4041
27	4042
27	4046
27	4058
27	4067
27	4071
27	4072
27	4074
27	4075
27	4081
27	4082
27	4084
27	4091
27	4093
27	4103
27	4112
27	4117
27	4130
27	4134
27	4137
27	4149
27	4151
27	4155
27	4158
27	4159
27	4162
27	4166
27	4169
27	4184
27	4186
27	4189
27	4200
27	4205
27	4206
27	4211
27	4212
27	4215
27	4218
27	4221
27	4225
27	4227
27	4236
27	4240
27	4251
27	4260
27	4261
27	4262
27	4263
27	4266
27	4268
27	4272
27	4281
27	4283
27	4284
27	4292
27	4295
27	4310
27	4314
27	4320
27	4339
27	4347
27	4348
27	4351
27	4352
27	4353
27	4354
27	4355
27	4357
27	4359
27	4368
27	4371
27	4372
27	4373
27	4374
27	4376
27	4377
27	4387
27	4390
27	4394
27	4401
27	4406
27	4410
27	4411
27	4416
27	4418
27	4422
27	4424
27	4425
27	4435
27	4436
27	4437
27	4440
27	4442
27	4446
27	4456
27	4457
27	4459
27	4460
27	4463
27	4482
27	4486
27	4487
27	4489
27	4491
27	4492
27	4496
27	4498
27	4501
27	4508
27	4519
27	4523
27	4524
27	4526
27	4527
27	4531
27	4532
27	4533
27	4538
27	4541
27	4546
27	4553
27	4563
27	4565
27	4578
27	4580
27	4582
27	4585
27	4586
27	4587
27	4589
27	4596
27	4603
27	4605
27	4616
27	4618
27	4619
27	4622
27	4627
27	4629
27	4634
27	4637
27	4638
27	4640
27	4643
27	4647
27	4651
27	4654
27	4656
27	4659
27	4662
27	4666
27	4672
27	4675
27	4677
27	4680
27	4681
27	4684
27	4687
27	4689
27	4690
27	4691
27	4692
27	4694
27	4701
27	4702
27	4707
27	4715
27	4723
27	4734
27	4745
27	4746
27	4751
27	4752
27	4753
27	4754
27	4761
27	4767
27	4776
27	4777
27	4781
27	4784
27	4789
27	4791
27	4796
27	4801
27	4808
27	4809
27	4811
27	4817
27	4818
27	4821
27	4825
27	4829
27	4833
27	4835
27	4839
27	4842
27	4843
27	4846
27	4847
27	4853
27	4856
27	4861
27	4869
27	4876
27	4877
27	4881
27	4888
27	4895
27	4904
27	4905
27	4910
27	4912
27	4918
27	4926
27	4930
27	4934
27	4935
27	4936
27	4948
27	4952
27	4971
27	4973
27	4977
27	4979
27	4981
27	4983
27	4985
27	4987
27	5007
27	5009
27	5020
27	5028
27	5032
27	5035
27	5042
27	5044
27	5050
27	5051
27	5054
27	5060
27	5068
27	5084
27	5090
27	5105
27	5108
27	5109
27	5110
27	5118
27	5121
27	5124
27	5127
27	5130
27	5133
27	5145
27	5163
27	5167
27	5176
27	5179
27	5181
27	5182
27	5183
27	5186
27	5189
27	5198
27	5203
27	5209
27	5210
27	5212
27	5216
27	5218
27	5220
27	5221
27	5229
27	5235
27	5236
27	5238
27	5249
27	5251
27	5262
27	5264
27	5266
27	5268
27	5272
27	5273
27	5276
27	5285
27	5286
27	5296
27	5298
27	5299
27	5303
27	5305
27	5306
27	5309
27	5318
27	5323
27	5325
27	5326
27	5329
27	5338
27	5339
27	5349
27	5351
27	5353
27	5355
27	5356
27	5357
27	5358
27	5360
27	5364
27	5366
27	5369
27	5372
27	5385
27	5386
27	5390
27	5401
27	5402
27	5403
27	5410
27	5412
27	5413
27	5414
27	5416
27	5420
27	5421
27	5424
27	5433
27	5434
27	5436
27	5437
27	5442
27	5448
27	5451
27	5452
27	5454
27	5456
27	5458
27	5460
27	5464
27	5465
27	5470
27	5480
27	5486
27	5491
27	5493
27	5499
27	5502
27	5503
27	5520
27	5522
27	5523
27	5526
27	5528
27	5537
27	5538
27	5543
27	5545
27	5555
27	5557
27	5561
27	5563
27	5564
27	5566
27	5569
27	5574
27	5580
27	5581
27	5585
27	5592
27	5594
27	5602
27	5612
27	5621
27	5622
27	5635
27	5636
27	5639
27	5641
27	5646
27	5649
27	5653
27	5656
27	5659
27	5665
27	5668
27	5670
27	5674
27	5676
27	5677
27	5681
27	5682
27	5683
27	5684
27	5687
27	5692
27	5699
27	5700
27	5705
27	5714
27	5716
27	5722
27	5728
27	5732
27	5736
27	5738
27	5739
27	5745
27	5746
27	5747
27	5775
27	5778
27	5783
27	5790
27	5792
27	5805
27	5808
27	5820
27	5822
27	5827
27	5828
27	5829
27	5832
27	5833
27	5836
27	5852
27	5857
27	5871
27	5872
27	5874
27	5875
27	5880
27	5882
27	5889
27	5890
27	5894
27	5898
27	5899
27	5903
27	5904
27	5905
27	5911
27	5918
27	5919
27	5922
27	5936
27	5943
27	5946
27	5948
27	5950
27	5953
27	5955
27	5956
27	5961
27	5963
27	5967
27	5982
27	5992
27	5993
27	5997
27	5999
27	6000
27	6008
27	6015
27	6020
27	6026
27	6032
27	6035
27	6036
27	6038
27	6039
27	6047
27	6052
27	6063
27	6068
27	6069
27	6073
27	6074
27	6080
27	6081
27	6082
27	6083
27	6086
27	6087
27	6091
27	6094
27	6098
27	6108
27	6115
27	6117
27	6118
27	6119
27	6120
27	6125
27	6127
27	6129
27	6137
27	6144
27	6147
27	6151
27	6155
27	6163
27	6181
27	6182
27	6193
27	6196
27	6197
27	6201
27	6202
27	6205
27	6208
27	6211
27	6220
27	6233
27	6243
27	6248
27	6250
27	6258
27	6270
27	6273
27	6274
27	6275
27	6285
27	6290
27	6295
27	6298
27	6305
27	6312
27	6314
27	6317
27	6321
27	6331
27	6341
27	6343
27	6347
27	6354
27	6367
27	6368
27	6375
27	6381
27	6386
27	6394
27	6400
27	6401
27	6413
27	6434
27	6436
27	6437
27	6439
27	6440
27	6446
27	6448
27	6450
27	6451
27	6453
27	6456
27	6476
27	6483
27	6493
27	6494
27	6496
27	6503
27	6504
27	6511
27	6514
27	6521
27	6525
27	6528
27	6529
27	6535
27	6541
27	6545
27	6547
27	6549
27	6550
27	6566
27	6567
27	6569
27	6575
27	6576
27	6577
27	6580
27	6581
27	6582
27	6584
27	6586
27	6591
27	6598
27	6603
27	6605
27	6607
27	6613
27	6614
27	6619
27	6629
27	6634
27	6636
27	6639
27	6641
27	6643
27	6652
27	6653
27	6668
27	6672
27	6675
27	6680
27	6683
27	6685
27	6696
27	6701
27	6706
27	6715
27	6716
27	6717
27	6725
27	6726
27	6728
27	6730
27	6731
27	6734
27	6735
27	6738
27	6739
27	6743
27	6745
27	6748
27	6750
27	6757
27	6759
27	6760
27	6762
27	6766
27	6770
27	6771
27	6781
27	6787
27	6788
27	6800
27	6803
27	6804
27	6809
27	6819
27	6822
27	6826
27	6835
27	6836
27	6837
27	6845
27	6850
27	6853
27	6857
27	6860
27	6865
27	6866
27	6875
27	6876
27	6878
27	6894
27	6898
27	6907
27	6913
27	6916
27	6917
27	6919
27	6925
27	6934
27	6945
27	6946
27	6949
27	6958
27	6965
27	6966
27	6968
27	6976
27	6985
27	6986
27	6990
27	6991
27	6997
27	7001
27	7008
27	7021
27	7023
27	7026
27	7028
27	7029
27	7031
27	7035
27	7039
27	7043
27	7045
27	7048
27	7049
27	7062
27	7068
27	7080
27	7082
27	7086
27	7088
27	7090
27	7091
27	7093
27	7095
27	7099
27	7104
27	7109
27	7114
27	7119
27	7122
27	7123
27	7126
27	7127
27	7129
27	7140
27	7141
27	7145
27	7147
27	7152
27	7155
27	7156
27	7157
27	7160
27	7167
27	7171
27	7172
27	7179
27	7181
27	7183
27	7188
27	7195
27	7197
27	7205
27	7209
27	7217
27	7229
27	7230
27	7233
27	7235
27	7248
27	7249
27	7250
27	7255
27	7258
27	7259
27	7260
27	7264
27	7265
27	7267
27	7277
27	7278
27	7281
27	7298
27	7299
27	7300
27	7302
27	7308
27	7311
27	7312
27	7315
27	7321
27	7332
27	7338
27	7341
27	7345
27	7347
27	7348
27	7354
27	7356
27	7357
27	7359
27	7368
27	7370
27	7375
27	7380
27	7382
27	7383
27	7387
27	7400
27	7404
27	7407
27	7413
27	7416
27	7428
27	7433
27	7445
27	7446
27	7447
27	7452
27	7454
27	7465
27	7466
27	7467
27	7472
27	7474
27	7478
27	7479
27	7481
27	7484
27	7488
27	7493
27	7494
27	7498
27	7500
27	7509
27	7511
27	7516
27	7523
27	7529
27	7533
27	7534
27	7540
27	7547
27	7551
27	7560
27	7562
27	7566
27	7568
27	7569
27	7576
27	7583
27	7587
27	7590
27	7596
27	7597
27	7598
27	7603
27	7606
27	7607
27	7613
27	7618
27	7621
27	7623
27	7624
27	7635
27	7637
27	7638
27	7639
27	7643
27	7644
27	7652
27	7657
27	7674
27	7675
27	7679
27	7685
27	7686
27	7695
27	7700
27	7701
27	7702
27	7706
27	7714
27	7723
27	7725
27	7731
27	7733
27	7742
27	7746
27	7749
27	7751
27	7754
27	7756
27	7759
27	7763
27	7765
27	7769
27	7772
27	7778
27	7787
27	7794
27	7798
27	7805
27	7809
27	7813
27	7817
27	7820
27	7821
27	7822
27	7824
27	7826
27	7830
27	7833
27	7834
27	7836
27	7841
27	7843
27	7847
27	7852
27	7860
27	7861
27	7864
27	7866
27	7867
27	7872
27	7873
27	7878
27	7881
27	7890
27	7891
27	7892
27	7895
27	7898
27	7905
27	7907
27	7908
27	7911
27	7913
27	7915
27	7916
27	7924
27	7930
27	7934
27	7938
27	7941
27	7947
27	7951
27	7952
27	7958
27	7959
27	7963
27	7970
27	7971
27	7975
27	7982
27	7983
27	7986
27	7988
27	7990
27	7994
27	7996
27	8005
27	8014
27	8017
27	8042
27	8046
27	8051
27	8062
27	8065
27	8073
27	8077
27	8079
27	8091
27	8097
27	8099
27	8100
27	8105
27	8110
27	8116
27	8118
27	8119
27	8121
27	8123
27	8128
27	8129
27	8135
27	8139
27	8145
27	8147
27	8148
27	8151
27	8161
27	8166
27	8170
27	8171
27	8172
27	8174
27	8184
27	8198
27	8201
27	8204
27	8210
27	8213
27	8216
27	8218
27	8229
27	8231
27	8232
27	8233
27	8237
27	8239
27	8241
27	8244
27	8247
27	8252
27	8254
27	8262
27	8263
27	8265
27	8266
27	8269
27	8284
27	8285
27	8287
27	8289
27	8290
27	8291
27	8294
27	8295
27	8296
27	8303
27	8307
27	8310
27	8313
27	8321
27	8325
27	8326
27	8330
27	8337
27	8338
27	8340
27	8344
27	8345
27	8352
27	8353
27	8354
27	8359
27	8360
27	8366
27	8372
27	8378
27	8382
27	8383
27	8387
27	8392
27	8398
27	8403
27	8407
27	8412
27	8418
27	8428
27	8429
27	8433
27	8437
27	8444
27	8447
27	8448
27	8451
27	8459
27	8463
27	8464
27	8467
27	8468
27	8471
27	8475
27	8479
27	8484
27	8489
27	8495
27	8506
27	8509
27	8511
27	8512
27	8514
27	8517
27	8536
27	8541
27	8543
27	8545
27	8551
27	8552
27	8564
27	8565
27	8570
27	8571
27	8573
27	8574
27	8576
27	8577
27	8579
27	8580
27	8582
27	8587
27	8596
27	8601
27	8607
27	8613
27	8615
27	8619
27	8620
27	8623
27	8625
27	8629
27	8630
27	8631
27	8632
27	8633
27	8635
27	8642
27	8645
27	8656
27	8659
27	8662
27	8664
27	8677
27	8680
27	8689
27	8695
27	8697
27	8698
27	8705
27	8708
27	8713
27	8717
27	8725
27	8732
27	8740
27	8745
27	8751
27	8754
27	8760
27	8763
27	8765
27	8766
27	8769
27	8773
27	8774
27	8780
27	8781
27	8782
27	8789
27	8793
27	8802
27	8805
27	8807
27	8808
27	8813
27	8817
27	8819
27	8820
27	8822
27	8824
27	8825
27	8827
27	8832
27	8833
27	8837
27	8841
27	8842
27	8845
27	8850
27	8861
27	8862
27	8864
27	8868
27	8869
27	8870
27	8872
27	8875
27	8881
27	8885
27	8887
27	8896
27	8898
27	8911
27	8912
27	8913
27	8914
27	8915
27	8916
27	8917
27	8918
27	8919
27	8922
27	8924
27	8926
27	8928
27	8934
27	8938
27	8939
27	8942
27	8947
27	8956
27	8964
27	8966
27	8968
27	8974
27	8975
27	8981
27	8982
27	8984
27	8986
27	8992
27	9005
27	9012
27	9016
27	9019
27	9024
27	9025
27	9026
27	9028
27	9032
27	9033
27	9038
27	9055
27	9056
27	9061
27	9063
27	9064
27	9066
27	9077
27	9078
27	9079
27	9090
27	9095
27	9096
27	9100
27	9104
27	9105
27	9106
27	9108
27	9109
27	9111
27	9113
27	9117
27	9119
27	9124
27	9126
27	9127
27	9128
27	9129
27	9130
27	9131
27	9133
27	9134
27	9138
27	9141
27	9145
27	9146
27	9159
27	9160
27	9163
27	9164
27	9165
27	9172
27	9177
27	9189
27	9196
27	9197
27	9198
27	9199
27	9200
27	9204
27	9207
27	9213
27	9219
27	9223
27	9227
27	9236
27	9243
27	9244
27	9249
27	9250
27	9253
27	9274
27	9275
27	9285
27	9286
27	9290
27	9293
27	9294
27	9301
27	9303
27	9306
27	9311
27	9322
27	9325
27	9326
27	9333
27	9338
27	9341
27	9347
27	9348
27	9353
27	9360
27	9363
27	9371
27	9374
27	9379
27	9381
27	9388
27	9389
27	9400
27	9407
27	9410
27	9411
27	9420
27	9426
27	9429
27	9431
27	9437
27	9438
27	9441
27	9447
27	9462
27	9463
27	9464
27	9466
27	9471
27	9475
27	9478
27	9488
27	9496
27	9500
27	9502
27	9503
27	9507
27	9510
27	9511
27	9514
27	9515
27	9518
27	9519
27	9525
27	9529
27	9530
27	9537
27	9561
27	9564
27	9566
27	9568
27	9586
27	9594
27	9597
27	9599
27	9601
27	9612
27	9615
27	9619
27	9633
27	9634
27	9636
27	9645
27	9647
27	9648
27	9649
27	9674
27	9677
27	9684
27	9685
27	9687
27	9689
27	9694
27	9695
27	9696
27	9697
27	9699
27	9705
27	9712
27	9713
27	9719
27	9723
27	9725
27	9727
27	9730
27	9731
27	9733
27	9734
27	9738
27	9739
27	9741
27	9742
27	9749
27	9755
27	9758
27	9768
27	9769
27	9770
27	9775
27	9777
27	9778
27	9781
27	9782
27	9783
27	9787
27	9793
27	9796
27	9800
27	9805
27	9806
27	9809
27	9813
27	9814
27	9815
27	9816
27	9818
27	9819
27	9830
27	9836
27	9846
27	9848
27	9852
27	9857
27	9859
27	9860
27	9863
27	9870
27	9871
27	9875
27	9877
27	9879
27	9880
27	9882
27	9885
27	9887
27	9888
27	9890
27	9891
27	9898
27	9904
27	9905
27	9914
27	9934
27	9942
27	9943
27	9946
27	9947
27	9951
27	9954
27	9957
27	9963
27	9973
27	9980
27	9983
27	9986
27	9988
28	1
28	6
28	9
28	10
28	11
28	17
28	18
28	19
28	22
28	23
28	27
28	28
28	29
28	31
28	32
28	35
28	36
28	37
28	39
28	40
28	46
28	47
28	49
28	52
28	54
28	57
28	63
28	65
28	67
28	70
28	71
28	83
28	85
28	86
28	88
28	90
28	92
28	96
28	98
28	99
28	100
28	104
28	110
28	118
28	119
28	122
28	127
28	128
28	129
28	130
28	133
28	134
28	140
28	144
28	145
28	147
28	154
28	158
28	160
28	161
28	165
28	171
28	173
28	177
28	178
28	182
28	184
28	187
28	190
28	191
28	197
28	198
28	203
28	206
28	208
28	220
28	222
28	224
28	226
28	227
28	233
28	236
28	237
28	239
28	240
28	248
28	251
28	258
28	260
28	263
28	265
28	266
28	272
28	281
28	292
28	303
28	306
28	314
28	315
28	316
28	318
28	319
28	320
28	322
28	323
28	332
28	335
28	340
28	341
28	345
28	349
28	357
28	360
28	365
28	369
28	370
28	371
28	372
28	375
28	379
28	380
28	381
28	387
28	392
28	396
28	401
28	402
28	404
28	405
28	406
28	407
28	408
28	409
28	411
28	413
28	418
28	419
28	425
28	427
28	431
28	434
28	437
28	438
28	440
28	443
28	464
28	470
28	475
28	476
28	478
28	480
28	481
28	483
28	484
28	485
28	489
28	493
28	501
28	509
28	510
28	511
28	518
28	520
28	524
28	527
28	529
28	530
28	533
28	534
28	535
28	536
28	539
28	540
28	542
28	544
28	545
28	557
28	558
28	561
28	562
28	564
28	569
28	570
28	573
28	580
28	581
28	585
28	586
28	590
28	591
28	593
28	595
28	603
28	610
28	611
28	613
28	617
28	618
28	619
28	620
28	625
28	628
28	631
28	632
28	634
28	635
28	636
28	638
28	643
28	648
28	649
28	650
28	652
28	654
28	657
28	659
28	662
28	663
28	664
28	666
28	669
28	672
28	673
28	675
28	676
28	678
28	684
28	687
28	693
28	695
28	698
28	699
28	700
28	701
28	702
28	703
28	705
28	707
28	714
28	718
28	719
28	721
28	724
28	725
28	727
28	730
28	733
28	734
28	735
28	736
28	739
28	745
28	747
28	748
28	749
28	751
28	756
28	757
28	762
28	763
28	766
28	767
28	769
28	774
28	775
28	777
28	785
28	786
28	787
28	791
28	795
28	796
28	797
28	799
28	800
28	802
28	804
28	805
28	806
28	808
28	809
28	812
28	818
28	819
28	824
28	827
28	831
28	832
28	838
28	841
28	849
28	853
28	856
28	863
28	865
28	867
28	869
28	872
28	876
28	877
28	878
28	880
28	882
28	883
28	886
28	889
28	890
28	891
28	897
28	904
28	907
28	909
28	914
28	915
28	918
28	922
28	923
28	927
28	930
28	931
28	934
28	935
28	936
28	937
28	938
28	941
28	943
28	944
28	946
28	951
28	956
28	958
28	961
28	963
28	972
28	976
28	979
28	980
28	985
28	986
28	987
28	992
28	995
28	996
28	999
28	1002
28	1006
28	1007
28	1010
28	1014
28	1015
28	1016
28	1017
28	1018
28	1020
28	1022
28	1026
28	1029
28	1031
28	1032
28	1034
28	1038
28	1039
28	1041
28	1044
28	1049
28	1050
28	1057
28	1059
28	1067
28	1068
28	1069
28	1072
28	1076
28	1077
28	1078
28	1082
28	1083
28	1084
28	1085
28	1087
28	1088
28	1091
28	1096
28	1098
28	1101
28	1106
28	1109
28	1110
28	1111
28	1113
28	1114
28	1115
28	1119
28	1120
28	1127
28	1129
28	1132
28	1134
28	1136
28	1145
28	1146
28	1153
28	1158
28	1162
28	1163
28	1164
28	1165
28	1167
28	1168
28	1170
28	1172
28	1176
28	1179
28	1180
28	1183
28	1185
28	1186
28	1190
28	1192
28	1197
28	1198
28	1201
28	1203
28	1204
28	1207
28	1209
28	1212
28	1213
28	1216
28	1217
28	1221
28	1222
28	1226
28	1228
28	1230
28	1231
28	1232
28	1236
28	1237
28	1238
28	1241
28	1242
28	1246
28	1249
28	1253
28	1254
28	1255
28	1256
28	1260
28	1263
28	1264
28	1269
28	1272
28	1274
28	1276
28	1281
28	1285
28	1286
28	1287
28	1288
28	1291
28	1295
28	1298
28	1299
28	1302
28	1303
28	1309
28	1316
28	1321
28	1322
28	1329
28	1330
28	1337
28	1339
28	1342
28	1343
28	1344
28	1351
28	1353
28	1354
28	1359
28	1361
28	1362
28	1363
28	1365
28	1368
28	1371
28	1373
28	1374
28	1379
28	1381
28	1389
28	1395
28	1396
28	1397
28	1399
28	1400
28	1404
28	1405
28	1410
28	1412
28	1413
28	1417
28	1419
28	1425
28	1426
28	1429
28	1430
28	1433
28	1434
28	1435
28	1437
28	1440
28	1442
28	1443
28	1447
28	1449
28	1453
28	1454
28	1457
28	1460
28	1461
28	1463
28	1465
28	1468
28	1475
28	1480
28	1482
28	1486
28	1490
28	1492
28	1496
28	1500
28	1503
28	1505
28	1506
28	1510
28	1511
28	1512
28	1513
28	1522
28	1523
28	1529
28	1530
28	1531
28	1534
28	1536
28	1540
28	1541
28	1546
28	1550
28	1551
28	1555
28	1556
28	1566
28	1568
28	1572
28	1574
28	1576
28	1577
28	1578
28	1581
28	1583
28	1586
28	1588
28	1590
28	1594
28	1596
28	1597
28	1598
28	1599
28	1600
28	1602
28	1603
28	1604
28	1605
28	1609
28	1610
28	1612
28	1614
28	1622
28	1623
28	1626
28	1634
28	1643
28	1645
28	1646
28	1648
28	1649
28	1650
28	1651
28	1662
28	1665
28	1667
28	1669
28	1675
28	1676
28	1677
28	1678
28	1680
28	1686
28	1689
28	1690
28	1691
28	1693
28	1694
28	1698
28	1701
28	1702
28	1704
28	1706
28	1716
28	1717
28	1720
28	1724
28	1726
28	1730
28	1731
28	1733
28	1736
28	1739
28	1744
28	1748
28	1750
28	1751
28	1755
28	1756
28	1758
28	1759
28	1761
28	1762
28	1767
28	1769
28	1770
28	1774
28	1776
28	1782
28	1784
28	1788
28	1794
28	1797
28	1798
28	1799
28	1800
28	1801
28	1803
28	1806
28	1807
28	1815
28	1817
28	1819
28	1821
28	1825
28	1828
28	1835
28	1836
28	1839
28	1841
28	1844
28	1845
28	1852
28	1854
28	1855
28	1856
28	1862
28	1865
28	1868
28	1870
28	1871
28	1872
28	1873
28	1874
28	1883
28	1890
28	1893
28	1894
28	1896
28	1901
28	1903
28	1904
28	1910
28	1918
28	1919
28	1920
28	1926
28	1930
28	1933
28	1934
28	1935
28	1936
28	1938
28	1940
28	1941
28	1944
28	1945
28	1946
28	1948
28	1950
28	1953
28	1954
28	1955
28	1956
28	1968
28	1969
28	1970
28	1971
28	1973
28	1975
28	1976
28	1978
28	1984
28	1985
28	1986
28	1990
28	1996
28	1998
28	2000
28	2014
28	2015
28	2016
28	2017
28	2021
28	2023
28	2026
28	2028
28	2030
28	2035
28	2037
28	2039
28	2040
28	2042
28	2044
28	2047
28	2049
28	2055
28	2056
28	2057
28	2059
28	2066
28	2070
28	2079
28	2080
28	2082
28	2086
28	2087
28	2092
28	2097
28	2099
28	2100
28	2103
28	2104
28	2106
28	2115
28	2117
28	2123
28	2131
28	2137
28	2139
28	2141
28	2142
28	2147
28	2150
28	2152
28	2154
28	2161
28	2163
28	2166
28	2169
28	2174
28	2176
28	2177
28	2182
28	2184
28	2187
28	2189
28	2190
28	2192
28	2193
28	2194
28	2195
28	2197
28	2199
28	2201
28	2203
28	2205
28	2208
28	2209
28	2210
28	2214
28	2215
28	2216
28	2219
28	2220
28	2222
28	2223
28	2227
28	2228
28	2231
28	2234
28	2236
28	2244
28	2248
28	2249
28	2252
28	2255
28	2260
28	2261
28	2263
28	2266
28	2268
28	2272
28	2274
28	2276
28	2280
28	2285
28	2287
28	2289
28	2292
28	2296
28	2307
28	2312
28	2313
28	2314
28	2315
28	2317
28	2320
28	2322
28	2325
28	2327
28	2332
28	2338
28	2339
28	2340
28	2343
28	2347
28	2348
28	2351
28	2353
28	2357
28	2367
28	2368
28	2369
28	2372
28	2380
28	2388
28	2392
28	2394
28	2398
28	2403
28	2404
28	2407
28	2408
28	2410
28	2411
28	2414
28	2416
28	2418
28	2425
28	2431
28	2433
28	2443
28	2444
28	2446
28	2449
28	2450
28	2451
28	2455
28	2459
28	2460
28	2463
28	2465
28	2468
28	2469
28	2476
28	2478
28	2480
28	2487
28	2489
28	2494
28	2495
28	2496
28	2503
28	2507
28	2508
28	2510
28	2513
28	2514
28	2515
28	2521
28	2526
28	2527
28	2530
28	2533
28	2534
28	2546
28	2548
28	2549
28	2550
28	2554
28	2557
28	2558
28	2562
28	2564
28	2565
28	2575
28	2587
28	2588
28	2593
28	2597
28	2598
28	2599
28	2600
28	2601
28	2606
28	2607
28	2612
28	2615
28	2616
28	2619
28	2621
28	2623
28	2624
28	2627
28	2629
28	2632
28	2633
28	2635
28	2639
28	2641
28	2643
28	2645
28	2649
28	2652
28	2653
28	2656
28	2658
28	2663
28	2665
28	2669
28	2670
28	2672
28	2673
28	2674
28	2675
28	2678
28	2679
28	2682
28	2691
28	2692
28	2695
28	2697
28	2698
28	2702
28	2703
28	2705
28	2706
28	2711
28	2712
28	2714
28	2717
28	2719
28	2721
28	2727
28	2728
28	2730
28	2731
28	2734
28	2735
28	2739
28	2742
28	2743
28	2752
28	2753
28	2758
28	2759
28	2760
28	2761
28	2765
28	2767
28	2770
28	2773
28	2774
28	2775
28	2777
28	2779
28	2780
28	2781
28	2785
28	2791
28	2797
28	2801
28	2806
28	2811
28	2812
28	2817
28	2820
28	2827
28	2830
28	2831
28	2836
28	2839
28	2845
28	2850
28	2855
28	2869
28	2872
28	2874
28	2876
28	2877
28	2878
28	2885
28	2890
28	2895
28	2897
28	2898
28	2899
28	2902
28	2903
28	2905
28	2907
28	2908
28	2914
28	2915
28	2916
28	2917
28	2920
28	2922
28	2926
28	2928
28	2931
28	2935
28	2937
28	2939
28	2943
28	2944
28	2952
28	2953
28	2955
28	2961
28	2962
28	2963
28	2968
28	2971
28	2973
28	2979
28	2981
28	2984
28	2987
28	2990
28	2991
28	2992
28	2994
28	2997
28	2998
28	3001
28	3002
28	3006
28	3009
28	3012
28	3014
28	3019
28	3020
28	3021
28	3022
28	3023
28	3025
28	3026
28	3027
28	3028
28	3032
28	3039
28	3041
28	3042
28	3043
28	3046
28	3047
28	3049
28	3053
28	3062
28	3067
28	3068
28	3070
28	3071
28	3072
28	3073
28	3074
28	3075
28	3078
28	3082
28	3085
28	3087
28	3090
28	3095
28	3096
28	3097
28	3100
28	3107
28	3109
28	3111
28	3113
28	3116
28	3118
28	3119
28	3130
28	3137
28	3138
28	3149
28	3151
28	3153
28	3155
28	3159
28	3164
28	3177
28	3180
28	3181
28	3182
28	3183
28	3187
28	3191
28	3193
28	3194
28	3196
28	3198
28	3199
28	3200
28	3201
28	3203
28	3204
28	3208
28	3209
28	3211
28	3214
28	3215
28	3217
28	3218
28	3220
28	3221
28	3223
28	3224
28	3230
28	3235
28	3241
28	3242
28	3243
28	3244
28	3246
28	3252
28	3254
28	3257
28	3259
28	3261
28	3264
28	3265
28	3271
28	3273
28	3279
28	3280
28	3282
28	3287
28	3288
28	3289
28	3292
28	3296
28	3297
28	3298
28	3302
28	3303
28	3309
28	3310
28	3312
28	3313
28	3314
28	3318
28	3323
28	3329
28	3334
28	3335
28	3336
28	3341
28	3343
28	3346
28	3347
28	3349
28	3351
28	3352
28	3353
28	3354
28	3355
28	3356
28	3359
28	3360
28	3363
28	3374
28	3375
28	3376
28	3377
28	3380
28	3381
28	3383
28	3387
28	3389
28	3390
28	3391
28	3393
28	3395
28	3396
28	3398
28	3400
28	3405
28	3408
28	3411
28	3412
28	3417
28	3419
28	3423
28	3427
28	3433
28	3436
28	3443
28	3445
28	3447
28	3448
28	3449
28	3450
28	3454
28	3458
28	3461
28	3470
28	3472
28	3474
28	3485
28	3487
28	3488
28	3489
28	3491
28	3501
28	3502
28	3507
28	3509
28	3511
28	3512
28	3513
28	3526
28	3528
28	3530
28	3533
28	3534
28	3535
28	3539
28	3546
28	3549
28	3551
28	3556
28	3558
28	3559
28	3562
28	3565
28	3569
28	3577
28	3582
28	3589
28	3592
28	3596
28	3598
28	3599
28	3600
28	3602
28	3605
28	3609
28	3611
28	3613
28	3614
28	3617
28	3618
28	3620
28	3625
28	3626
28	3629
28	3630
28	3633
28	3634
28	3638
28	3640
28	3643
28	3644
28	3646
28	3662
28	3663
28	3664
28	3667
28	3668
28	3669
28	3673
28	3679
28	3687
28	3688
28	3693
28	3697
28	3703
28	3706
28	3707
28	3710
28	3713
28	3714
28	3716
28	3721
28	3724
28	3726
28	3727
28	3728
28	3729
28	3731
28	3733
28	3736
28	3737
28	3738
28	3740
28	3742
28	3743
28	3744
28	3746
28	3749
28	3750
28	3755
28	3759
28	3762
28	3773
28	3776
28	3777
28	3780
28	3787
28	3791
28	3796
28	3799
28	3804
28	3805
28	3808
28	3810
28	3812
28	3814
28	3817
28	3820
28	3822
28	3823
28	3826
28	3829
28	3830
28	3836
28	3837
28	3838
28	3840
28	3841
28	3846
28	3847
28	3849
28	3850
28	3851
28	3864
28	3865
28	3866
28	3867
28	3868
28	3869
28	3871
28	3877
28	3878
28	3881
28	3887
28	3889
28	3893
28	3897
28	3898
28	3899
28	3901
28	3902
28	3906
28	3907
28	3909
28	3910
28	3914
28	3925
28	3928
28	3930
28	3934
28	3936
28	3939
28	3947
28	3950
28	3958
28	3959
28	3961
28	3967
28	3969
28	3975
28	3979
28	3982
28	3983
28	3992
28	3994
28	3995
28	3997
28	3999
28	4001
28	4009
28	4011
28	4015
28	4016
28	4018
28	4022
28	4026
28	4033
28	4037
28	4043
28	4044
28	4047
28	4050
28	4054
28	4056
28	4057
28	4059
28	4069
28	4073
28	4079
28	4080
28	4086
28	4087
28	4088
28	4089
28	4096
28	4098
28	4100
28	4101
28	4105
28	4107
28	4110
28	4113
28	4114
28	4118
28	4120
28	4121
28	4122
28	4126
28	4131
28	4133
28	4135
28	4138
28	4139
28	4141
28	4143
28	4144
28	4145
28	4148
28	4152
28	4163
28	4164
28	4165
28	4168
28	4172
28	4176
28	4177
28	4181
28	4182
28	4187
28	4188
28	4190
28	4191
28	4192
28	4194
28	4197
28	4202
28	4204
28	4214
28	4216
28	4217
28	4219
28	4222
28	4224
28	4232
28	4234
28	4238
28	4241
28	4244
28	4246
28	4250
28	4253
28	4256
28	4257
28	4259
28	4264
28	4265
28	4271
28	4273
28	4275
28	4276
28	4277
28	4280
28	4282
28	4286
28	4287
28	4290
28	4291
28	4293
28	4299
28	4300
28	4301
28	4303
28	4304
28	4306
28	4311
28	4313
28	4316
28	4319
28	4321
28	4326
28	4328
28	4332
28	4333
28	4336
28	4337
28	4342
28	4343
28	4345
28	4346
28	4360
28	4361
28	4362
28	4363
28	4367
28	4369
28	4370
28	4379
28	4380
28	4381
28	4382
28	4383
28	4385
28	4386
28	4395
28	4398
28	4400
28	4404
28	4407
28	4412
28	4419
28	4423
28	4428
28	4432
28	4433
28	4434
28	4443
28	4448
28	4450
28	4452
28	4453
28	4455
28	4461
28	4465
28	4467
28	4476
28	4478
28	4479
28	4481
28	4483
28	4488
28	4490
28	4493
28	4497
28	4503
28	4506
28	4507
28	4509
28	4510
28	4511
28	4513
28	4522
28	4525
28	4528
28	4529
28	4534
28	4535
28	4537
28	4539
28	4545
28	4547
28	4549
28	4551
28	4556
28	4561
28	4569
28	4570
28	4571
28	4573
28	4574
28	4575
28	4577
28	4579
28	4583
28	4584
28	4588
28	4593
28	4594
28	4599
28	4601
28	4606
28	4609
28	4610
28	4611
28	4612
28	4613
28	4614
28	4625
28	4631
28	4633
28	4635
28	4636
28	4641
28	4642
28	4649
28	4650
28	4652
28	4658
28	4664
28	4668
28	4670
28	4671
28	4682
28	4683
28	4685
28	4688
28	4698
28	4704
28	4709
28	4711
28	4713
28	4717
28	4719
28	4720
28	4722
28	4724
28	4725
28	4727
28	4729
28	4730
28	4731
28	4735
28	4736
28	4737
28	4738
28	4742
28	4744
28	4748
28	4755
28	4757
28	4759
28	4760
28	4763
28	4764
28	4766
28	4771
28	4772
28	4774
28	4775
28	4786
28	4788
28	4790
28	4793
28	4794
28	4795
28	4797
28	4798
28	4799
28	4804
28	4807
28	4812
28	4813
28	4816
28	4823
28	4824
28	4826
28	4827
28	4831
28	4832
28	4837
28	4838
28	4844
28	4848
28	4851
28	4852
28	4860
28	4863
28	4868
28	4870
28	4872
28	4875
28	4878
28	4882
28	4883
28	4885
28	4889
28	4896
28	4898
28	4900
28	4901
28	4903
28	4906
28	4909
28	4913
28	4917
28	4919
28	4922
28	4927
28	4928
28	4929
28	4931
28	4932
28	4933
28	4937
28	4939
28	4943
28	4946
28	4949
28	4953
28	4956
28	4958
28	4960
28	4962
28	4963
28	4964
28	4965
28	4966
28	4968
28	4969
28	4980
28	4986
28	4988
28	4989
28	4991
28	4994
28	4995
28	5000
28	5001
28	5002
28	5003
28	5004
28	5008
28	5012
28	5015
28	5018
28	5019
28	5022
28	5023
28	5029
28	5046
28	5047
28	5048
28	5049
28	5055
28	5056
28	5061
28	5062
28	5063
28	5067
28	5069
28	5070
28	5072
28	5073
28	5075
28	5076
28	5077
28	5079
28	5080
28	5081
28	5087
28	5091
28	5094
28	5097
28	5098
28	5099
28	5100
28	5103
28	5104
28	5113
28	5114
28	5115
28	5119
28	5122
28	5123
28	5126
28	5128
28	5132
28	5134
28	5136
28	5139
28	5140
28	5146
28	5148
28	5149
28	5150
28	5152
28	5162
28	5164
28	5165
28	5166
28	5168
28	5169
28	5170
28	5171
28	5172
28	5173
28	5174
28	5178
28	5180
28	5185
28	5187
28	5195
28	5196
28	5201
28	5202
28	5204
28	5205
28	5207
28	5208
28	5211
28	5215
28	5217
28	5228
28	5231
28	5233
28	5239
28	5240
28	5242
28	5245
28	5248
28	5250
28	5252
28	5261
28	5263
28	5267
28	5269
28	5271
28	5279
28	5280
28	5283
28	5293
28	5300
28	5301
28	5307
28	5308
28	5310
28	5313
28	5315
28	5316
28	5319
28	5321
28	5322
28	5324
28	5327
28	5328
28	5330
28	5331
28	5333
28	5335
28	5336
28	5340
28	5341
28	5345
28	5347
28	5348
28	5352
28	5361
28	5363
28	5365
28	5367
28	5370
28	5374
28	5375
28	5380
28	5382
28	5383
28	5384
28	5387
28	5388
28	5392
28	5394
28	5395
28	5397
28	5400
28	5405
28	5406
28	5408
28	5417
28	5419
28	5422
28	5423
28	5426
28	5429
28	5430
28	5431
28	5435
28	5443
28	5444
28	5447
28	5450
28	5453
28	5455
28	5459
28	5461
28	5462
28	5463
28	5467
28	5472
28	5475
28	5477
28	5478
28	5485
28	5488
28	5492
28	5496
28	5501
28	5508
28	5513
28	5519
28	5521
28	5529
28	5531
28	5534
28	5535
28	5540
28	5541
28	5544
28	5547
28	5551
28	5552
28	5553
28	5559
28	5560
28	5568
28	5570
28	5571
28	5575
28	5576
28	5578
28	5579
28	5584
28	5595
28	5597
28	5598
28	5603
28	5606
28	5610
28	5614
28	5616
28	5620
28	5623
28	5625
28	5626
28	5627
28	5630
28	5631
28	5633
28	5634
28	5640
28	5642
28	5645
28	5647
28	5648
28	5650
28	5651
28	5655
28	5657
28	5661
28	5662
28	5666
28	5672
28	5678
28	5686
28	5689
28	5691
28	5694
28	5696
28	5697
28	5703
28	5706
28	5708
28	5713
28	5720
28	5724
28	5725
28	5729
28	5730
28	5731
28	5733
28	5734
28	5735
28	5737
28	5740
28	5744
28	5749
28	5750
28	5752
28	5753
28	5764
28	5770
28	5771
28	5773
28	5776
28	5784
28	5785
28	5787
28	5789
28	5791
28	5794
28	5795
28	5797
28	5799
28	5801
28	5806
28	5809
28	5811
28	5812
28	5817
28	5818
28	5819
28	5821
28	5838
28	5839
28	5841
28	5842
28	5843
28	5845
28	5846
28	5853
28	5860
28	5861
28	5862
28	5867
28	5878
28	5884
28	5891
28	5893
28	5896
28	5897
28	5901
28	5902
28	5908
28	5909
28	5910
28	5912
28	5913
28	5914
28	5915
28	5920
28	5921
28	5925
28	5926
28	5930
28	5935
28	5937
28	5938
28	5939
28	5941
28	5945
28	5951
28	5954
28	5957
28	5960
28	5966
28	5968
28	5969
28	5973
28	5975
28	5976
28	5978
28	5979
28	5983
28	5984
28	5987
28	5991
28	5994
28	5995
28	5998
28	6009
28	6013
28	6019
28	6021
28	6022
28	6025
28	6030
28	6033
28	6037
28	6041
28	6044
28	6046
28	6051
28	6061
28	6062
28	6064
28	6065
28	6070
28	6071
28	6072
28	6076
28	6077
28	6085
28	6090
28	6096
28	6097
28	6099
28	6100
28	6101
28	6103
28	6106
28	6107
28	6109
28	6110
28	6113
28	6122
28	6123
28	6124
28	6126
28	6130
28	6131
28	6132
28	6133
28	6134
28	6136
28	6138
28	6139
28	6141
28	6142
28	6145
28	6146
28	6148
28	6149
28	6150
28	6153
28	6156
28	6158
28	6165
28	6166
28	6169
28	6170
28	6171
28	6172
28	6173
28	6174
28	6176
28	6177
28	6184
28	6186
28	6187
28	6189
28	6191
28	6192
28	6195
28	6199
28	6203
28	6210
28	6212
28	6213
28	6217
28	6224
28	6225
28	6227
28	6229
28	6232
28	6236
28	6238
28	6239
28	6241
28	6244
28	6249
28	6252
28	6253
28	6254
28	6256
28	6263
28	6264
28	6265
28	6266
28	6267
28	6268
28	6269
28	6281
28	6282
28	6284
28	6286
28	6287
28	6288
28	6291
28	6294
28	6296
28	6300
28	6301
28	6306
28	6310
28	6318
28	6322
28	6324
28	6327
28	6329
28	6335
28	6336
28	6337
28	6338
28	6339
28	6340
28	6342
28	6344
28	6345
28	6348
28	6349
28	6350
28	6351
28	6352
28	6353
28	6356
28	6358
28	6359
28	6364
28	6365
28	6366
28	6369
28	6370
28	6372
28	6373
28	6376
28	6380
28	6384
28	6385
28	6387
28	6390
28	6391
28	6395
28	6399
28	6404
28	6410
28	6412
28	6414
28	6417
28	6419
28	6420
28	6422
28	6423
28	6425
28	6426
28	6427
28	6428
28	6430
28	6431
28	6432
28	6433
28	6438
28	6441
28	6443
28	6459
28	6460
28	6462
28	6465
28	6466
28	6471
28	6477
28	6478
28	6481
28	6485
28	6487
28	6490
28	6492
28	6497
28	6498
28	6499
28	6500
28	6506
28	6508
28	6509
28	6513
28	6515
28	6516
28	6518
28	6519
28	6520
28	6523
28	6524
28	6526
28	6531
28	6533
28	6536
28	6537
28	6538
28	6539
28	6546
28	6551
28	6556
28	6561
28	6562
28	6563
28	6565
28	6573
28	6574
28	6585
28	6589
28	6590
28	6595
28	6596
28	6597
28	6599
28	6601
28	6610
28	6611
28	6612
28	6618
28	6620
28	6621
28	6622
28	6623
28	6627
28	6628
28	6632
28	6633
28	6635
28	6638
28	6645
28	6647
28	6650
28	6654
28	6655
28	6656
28	6657
28	6660
28	6662
28	6663
28	6665
28	6666
28	6667
28	6669
28	6673
28	6674
28	6677
28	6681
28	6682
28	6684
28	6688
28	6690
28	6691
28	6693
28	6694
28	6695
28	6702
28	6703
28	6704
28	6707
28	6708
28	6712
28	6713
28	6721
28	6722
28	6723
28	6733
28	6736
28	6740
28	6742
28	6749
28	6752
28	6753
28	6756
28	6761
28	6763
28	6764
28	6765
28	6772
28	6775
28	6776
28	6777
28	6779
28	6780
28	6783
28	6785
28	6786
28	6789
28	6792
28	6793
28	6795
28	6797
28	6801
28	6812
28	6813
28	6814
28	6828
28	6832
28	6838
28	6839
28	6842
28	6844
28	6847
28	6851
28	6852
28	6856
28	6859
28	6862
28	6864
28	6874
28	6877
28	6879
28	6880
28	6883
28	6885
28	6886
28	6891
28	6895
28	6896
28	6899
28	6900
28	6901
28	6902
28	6903
28	6904
28	6905
28	6910
28	6911
28	6915
28	6918
28	6921
28	6923
28	6924
28	6927
28	6929
28	6930
28	6931
28	6932
28	6935
28	6937
28	6941
28	6943
28	6944
28	6947
28	6948
28	6953
28	6956
28	6961
28	6963
28	6964
28	6970
28	6973
28	6974
28	6975
28	6977
28	6978
28	6980
28	6981
28	6982
28	6987
28	6989
28	6992
28	6993
28	6994
28	6996
28	7000
28	7002
28	7003
28	7004
28	7005
28	7006
28	7007
28	7009
28	7010
28	7014
28	7015
28	7016
28	7017
28	7022
28	7024
28	7025
28	7032
28	7033
28	7036
28	7040
28	7041
28	7044
28	7050
28	7053
28	7054
28	7056
28	7058
28	7063
28	7065
28	7066
28	7071
28	7073
28	7075
28	7081
28	7089
28	7094
28	7097
28	7101
28	7102
28	7105
28	7108
28	7111
28	7112
28	7113
28	7117
28	7131
28	7135
28	7138
28	7148
28	7149
28	7150
28	7153
28	7154
28	7158
28	7161
28	7165
28	7168
28	7169
28	7170
28	7175
28	7178
28	7185
28	7186
28	7193
28	7196
28	7199
28	7202
28	7206
28	7207
28	7208
28	7210
28	7213
28	7214
28	7215
28	7216
28	7218
28	7220
28	7222
28	7224
28	7227
28	7231
28	7236
28	7237
28	7238
28	7239
28	7240
28	7253
28	7256
28	7266
28	7268
28	7270
28	7271
28	7272
28	7274
28	7276
28	7282
28	7283
28	7285
28	7288
28	7290
28	7293
28	7301
28	7303
28	7310
28	7313
28	7314
28	7318
28	7322
28	7323
28	7324
28	7325
28	7326
28	7328
28	7330
28	7331
28	7333
28	7337
28	7340
28	7343
28	7351
28	7355
28	7362
28	7363
28	7364
28	7366
28	7367
28	7369
28	7376
28	7379
28	7381
28	7384
28	7385
28	7389
28	7391
28	7392
28	7394
28	7396
28	7398
28	7399
28	7401
28	7403
28	7408
28	7409
28	7414
28	7419
28	7422
28	7423
28	7424
28	7425
28	7426
28	7430
28	7431
28	7432
28	7435
28	7439
28	7441
28	7444
28	7448
28	7451
28	7453
28	7458
28	7459
28	7460
28	7461
28	7464
28	7468
28	7469
28	7470
28	7473
28	7475
28	7482
28	7485
28	7487
28	7489
28	7502
28	7503
28	7504
28	7505
28	7508
28	7510
28	7512
28	7513
28	7514
28	7515
28	7517
28	7518
28	7521
28	7531
28	7542
28	7543
28	7544
28	7546
28	7552
28	7554
28	7557
28	7559
28	7564
28	7574
28	7580
28	7592
28	7593
28	7594
28	7595
28	7601
28	7604
28	7608
28	7610
28	7611
28	7615
28	7616
28	7619
28	7620
28	7622
28	7625
28	7626
28	7631
28	7632
28	7633
28	7634
28	7636
28	7640
28	7642
28	7645
28	7646
28	7650
28	7655
28	7656
28	7659
28	7663
28	7664
28	7665
28	7666
28	7667
28	7670
28	7672
28	7676
28	7677
28	7680
28	7682
28	7688
28	7690
28	7691
28	7692
28	7693
28	7697
28	7698
28	7699
28	7704
28	7707
28	7709
28	7710
28	7711
28	7712
28	7716
28	7718
28	7721
28	7724
28	7727
28	7728
28	7732
28	7738
28	7740
28	7741
28	7745
28	7747
28	7753
28	7755
28	7757
28	7761
28	7764
28	7767
28	7770
28	7777
28	7779
28	7780
28	7782
28	7785
28	7786
28	7788
28	7789
28	7792
28	7793
28	7797
28	7799
28	7800
28	7803
28	7806
28	7807
28	7811
28	7815
28	7819
28	7823
28	7825
28	7827
28	7828
28	7829
28	7831
28	7835
28	7839
28	7840
28	7842
28	7845
28	7846
28	7848
28	7849
28	7851
28	7854
28	7856
28	7862
28	7863
28	7876
28	7877
28	7879
28	7880
28	7884
28	7886
28	7900
28	7901
28	7906
28	7912
28	7919
28	7921
28	7923
28	7929
28	7931
28	7937
28	7939
28	7943
28	7944
28	7948
28	7950
28	7953
28	7956
28	7957
28	7960
28	7961
28	7962
28	7964
28	7968
28	7972
28	7974
28	7976
28	7977
28	7978
28	7980
28	7981
28	7987
28	7991
28	7993
28	7995
28	7997
28	8000
28	8004
28	8009
28	8011
28	8018
28	8019
28	8020
28	8021
28	8022
28	8025
28	8026
28	8030
28	8031
28	8036
28	8037
28	8038
28	8044
28	8049
28	8050
28	8052
28	8055
28	8058
28	8061
28	8067
28	8069
28	8071
28	8075
28	8078
28	8080
28	8081
28	8083
28	8084
28	8088
28	8089
28	8095
28	8098
28	8101
28	8103
28	8104
28	8106
28	8108
28	8109
28	8112
28	8113
28	8117
28	8120
28	8125
28	8126
28	8130
28	8133
28	8136
28	8137
28	8138
28	8140
28	8142
28	8143
28	8155
28	8157
28	8160
28	8163
28	8164
28	8168
28	8183
28	8188
28	8190
28	8192
28	8195
28	8197
28	8199
28	8200
28	8205
28	8206
28	8208
28	8219
28	8220
28	8222
28	8224
28	8230
28	8240
28	8242
28	8245
28	8246
28	8250
28	8253
28	8255
28	8256
28	8259
28	8260
28	8261
28	8267
28	8268
28	8271
28	8273
28	8276
28	8277
28	8279
28	8281
28	8282
28	8286
28	8297
28	8298
28	8299
28	8304
28	8305
28	8308
28	8309
28	8314
28	8315
28	8318
28	8319
28	8320
28	8323
28	8328
28	8335
28	8343
28	8346
28	8347
28	8349
28	8350
28	8351
28	8361
28	8362
28	8365
28	8367
28	8371
28	8375
28	8376
28	8380
28	8381
28	8388
28	8389
28	8390
28	8391
28	8393
28	8400
28	8405
28	8408
28	8409
28	8410
28	8413
28	8415
28	8422
28	8423
28	8424
28	8426
28	8430
28	8432
28	8443
28	8449
28	8450
28	8457
28	8460
28	8461
28	8462
28	8472
28	8474
28	8477
28	8481
28	8482
28	8483
28	8487
28	8491
28	8496
28	8497
28	8499
28	8500
28	8502
28	8510
28	8516
28	8519
28	8522
28	8524
28	8525
28	8527
28	8530
28	8537
28	8539
28	8540
28	8547
28	8553
28	8554
28	8556
28	8558
28	8560
28	8563
28	8566
28	8569
28	8575
28	8581
28	8585
28	8586
28	8588
28	8589
28	8592
28	8595
28	8597
28	8598
28	8602
28	8605
28	8606
28	8608
28	8610
28	8612
28	8618
28	8621
28	8626
28	8634
28	8637
28	8638
28	8639
28	8640
28	8644
28	8647
28	8649
28	8650
28	8653
28	8654
28	8657
28	8658
28	8661
28	8666
28	8667
28	8668
28	8670
28	8671
28	8673
28	8675
28	8676
28	8678
28	8679
28	8681
28	8683
28	8687
28	8691
28	8692
28	8693
28	8694
28	8696
28	8699
28	8702
28	8706
28	8707
28	8712
28	8714
28	8715
28	8718
28	8722
28	8724
28	8728
28	8733
28	8735
28	8737
28	8738
28	8744
28	8750
28	8753
28	8757
28	8758
28	8759
28	8761
28	8762
28	8767
28	8768
28	8770
28	8772
28	8775
28	8777
28	8778
28	8784
28	8788
28	8792
28	8794
28	8796
28	8798
28	8800
28	8806
28	8809
28	8810
28	8815
28	8818
28	8821
28	8823
28	8829
28	8831
28	8835
28	8840
28	8847
28	8848
28	8857
28	8858
28	8863
28	8866
28	8874
28	8876
28	8878
28	8883
28	8888
28	8890
28	8891
28	8892
28	8893
28	8899
28	8900
28	8901
28	8902
28	8906
28	8907
28	8908
28	8909
28	8910
28	8923
28	8929
28	8931
28	8932
28	8933
28	8936
28	8940
28	8943
28	8949
28	8950
28	8958
28	8960
28	8962
28	8963
28	8970
28	8972
28	8973
28	8977
28	8979
28	8988
28	8990
28	8995
28	8996
28	8997
28	8998
28	9004
28	9007
28	9008
28	9009
28	9010
28	9011
28	9014
28	9015
28	9018
28	9020
28	9029
28	9034
28	9036
28	9037
28	9039
28	9041
28	9048
28	9051
28	9053
28	9059
28	9068
28	9070
28	9071
28	9072
28	9075
28	9081
28	9082
28	9084
28	9085
28	9087
28	9088
28	9093
28	9097
28	9099
28	9101
28	9102
28	9107
28	9110
28	9112
28	9120
28	9121
28	9122
28	9139
28	9140
28	9149
28	9150
28	9153
28	9154
28	9155
28	9161
28	9167
28	9168
28	9169
28	9171
28	9174
28	9175
28	9179
28	9181
28	9182
28	9186
28	9190
28	9192
28	9209
28	9210
28	9211
28	9215
28	9221
28	9225
28	9228
28	9229
28	9231
28	9232
28	9235
28	9237
28	9239
28	9240
28	9242
28	9247
28	9256
28	9264
28	9265
28	9269
28	9270
28	9272
28	9276
28	9279
28	9280
28	9282
28	9284
28	9287
28	9295
28	9296
28	9297
28	9299
28	9300
28	9304
28	9305
28	9307
28	9313
28	9318
28	9320
28	9321
28	9323
28	9324
28	9327
28	9331
28	9334
28	9335
28	9336
28	9340
28	9342
28	9345
28	9352
28	9364
28	9366
28	9369
28	9375
28	9378
28	9385
28	9387
28	9393
28	9395
28	9397
28	9398
28	9399
28	9402
28	9405
28	9409
28	9412
28	9414
28	9417
28	9418
28	9421
28	9423
28	9430
28	9432
28	9433
28	9436
28	9439
28	9440
28	9443
28	9444
28	9445
28	9446
28	9449
28	9451
28	9452
28	9453
28	9456
28	9460
28	9461
28	9469
28	9472
28	9473
28	9476
28	9477
28	9479
28	9480
28	9482
28	9483
28	9484
28	9485
28	9489
28	9490
28	9492
28	9494
28	9499
28	9501
28	9505
28	9506
28	9508
28	9509
28	9512
28	9516
28	9517
28	9524
28	9528
28	9535
28	9538
28	9542
28	9545
28	9548
28	9553
28	9554
28	9557
28	9563
28	9565
28	9569
28	9570
28	9571
28	9572
28	9573
28	9574
28	9578
28	9580
28	9582
28	9583
28	9585
28	9591
28	9592
28	9595
28	9603
28	9607
28	9610
28	9611
28	9622
28	9624
28	9629
28	9630
28	9631
28	9632
28	9641
28	9643
28	9653
28	9655
28	9656
28	9661
28	9665
28	9667
28	9668
28	9669
28	9670
28	9671
28	9672
28	9673
28	9678
28	9680
28	9682
28	9683
28	9690
28	9691
28	9692
28	9698
28	9700
28	9704
28	9707
28	9708
28	9709
28	9714
28	9718
28	9720
28	9721
28	9722
28	9726
28	9729
28	9732
28	9740
28	9744
28	9748
28	9751
28	9762
28	9763
28	9765
28	9772
28	9773
28	9776
28	9780
28	9784
28	9785
28	9786
28	9789
28	9790
28	9791
28	9792
28	9798
28	9802
28	9808
28	9812
28	9817
28	9820
28	9821
28	9824
28	9827
28	9831
28	9837
28	9839
28	9842
28	9843
28	9844
28	9847
28	9853
28	9855
28	9856
28	9861
28	9865
28	9868
28	9878
28	9886
28	9889
28	9892
28	9897
28	9899
28	9907
28	9911
28	9913
28	9916
28	9918
28	9923
28	9926
28	9927
28	9930
28	9938
28	9941
28	9950
28	9953
28	9962
28	9968
28	9969
28	9970
28	9971
28	9974
28	9975
28	9976
28	9977
28	9978
28	9982
28	9993
28	9999
29	0
29	5
29	8
29	16
29	21
29	26
29	30
29	33
29	42
29	45
29	50
29	51
29	56
29	58
29	62
29	64
29	74
29	80
29	87
29	93
29	105
29	106
29	108
29	109
29	113
29	114
29	116
29	121
29	123
29	124
29	126
29	131
29	132
29	146
29	149
29	153
29	155
29	157
29	169
29	170
29	174
29	201
29	202
29	210
29	212
29	213
29	215
29	217
29	221
29	228
29	229
29	230
29	238
29	241
29	244
29	245
29	246
29	252
29	254
29	259
29	262
29	267
29	269
29	271
29	277
29	280
29	282
29	286
29	290
29	291
29	296
29	297
29	301
29	304
29	307
29	309
29	310
29	311
29	313
29	324
29	325
29	333
29	336
29	350
29	351
29	353
29	355
29	358
29	362
29	363
29	364
29	366
29	367
29	368
29	376
29	378
29	382
29	383
29	388
29	390
29	397
29	412
29	416
29	417
29	421
29	426
29	435
29	441
29	448
29	450
29	454
29	455
29	456
29	457
29	458
29	462
29	463
29	468
29	469
29	471
29	474
29	497
29	499
29	500
29	503
29	504
29	506
29	512
29	519
29	521
29	522
29	528
29	537
29	550
29	552
29	554
29	555
29	556
29	560
29	566
29	567
29	575
29	578
29	579
29	587
29	588
29	597
29	602
29	604
29	605
29	612
29	616
29	622
29	629
29	630
29	644
29	646
29	647
29	655
29	661
29	679
29	685
29	696
29	706
29	708
29	709
29	715
29	720
29	728
29	738
29	741
29	743
29	752
29	753
29	761
29	770
29	780
29	784
29	788
29	789
29	790
29	793
29	803
29	811
29	813
29	814
29	817
29	821
29	829
29	835
29	836
29	840
29	842
29	843
29	845
29	854
29	857
29	862
29	884
29	885
29	895
29	896
29	898
29	903
29	905
29	919
29	929
29	932
29	933
29	939
29	942
29	949
29	953
29	955
29	964
29	966
29	967
29	971
29	975
29	981
29	982
29	983
29	1000
29	1005
29	1008
29	1011
29	1012
29	1013
29	1019
29	1024
29	1033
29	1035
29	1036
29	1051
29	1056
29	1060
29	1064
29	1066
29	1073
29	1079
29	1089
29	1093
29	1100
29	1103
29	1107
29	1121
29	1124
29	1125
29	1130
29	1137
29	1142
29	1151
29	1154
29	1155
29	1157
29	1159
29	1160
29	1173
29	1174
29	1177
29	1178
29	1184
29	1187
29	1188
29	1191
29	1194
29	1195
29	1196
29	1200
29	1205
29	1206
29	1215
29	1218
29	1227
29	1229
29	1235
29	1239
29	1240
29	1243
29	1244
29	1245
29	1250
29	1259
29	1261
29	1267
29	1270
29	1280
29	1282
29	1292
29	1300
29	1308
29	1317
29	1318
29	1319
29	1320
29	1323
29	1324
29	1325
29	1326
29	1340
29	1341
29	1345
29	1346
29	1347
29	1349
29	1356
29	1358
29	1366
29	1369
29	1372
29	1375
29	1376
29	1378
29	1382
29	1386
29	1398
29	1401
29	1408
29	1414
29	1415
29	1416
29	1428
29	1431
29	1448
29	1450
29	1458
29	1464
29	1467
29	1470
29	1473
29	1484
29	1487
29	1494
29	1504
29	1508
29	1514
29	1516
29	1517
29	1519
29	1527
29	1533
29	1537
29	1538
29	1539
29	1542
29	1548
29	1552
29	1553
29	1562
29	1563
29	1571
29	1585
29	1591
29	1595
29	1606
29	1613
29	1615
29	1618
29	1619
29	1624
29	1625
29	1628
29	1631
29	1635
29	1638
29	1640
29	1641
29	1642
29	1647
29	1656
29	1657
29	1659
29	1668
29	1672
29	1674
29	1682
29	1683
29	1684
29	1692
29	1695
29	1700
29	1707
29	1712
29	1721
29	1737
29	1738
29	1745
29	1747
29	1749
29	1752
29	1754
29	1768
29	1772
29	1777
29	1779
29	1781
29	1783
29	1789
29	1793
29	1795
29	1805
29	1812
29	1823
29	1833
29	1834
29	1837
29	1842
29	1848
29	1849
29	1857
29	1858
29	1860
29	1867
29	1875
29	1877
29	1878
29	1879
29	1886
29	1895
29	1898
29	1899
29	1902
29	1906
29	1907
29	1915
29	1922
29	1924
29	1928
29	1931
29	1939
29	1942
29	1949
29	1952
29	1960
29	1972
29	1979
29	1981
29	1989
29	2001
29	2002
29	2003
29	2005
29	2007
29	2013
29	2018
29	2027
29	2029
29	2031
29	2032
29	2038
29	2041
29	2043
29	2045
29	2048
29	2053
29	2058
29	2061
29	2063
29	2067
29	2074
29	2083
29	2088
29	2090
29	2096
29	2108
29	2109
29	2112
29	2113
29	2118
29	2119
29	2120
29	2121
29	2124
29	2125
29	2126
29	2129
29	2133
29	2138
29	2143
29	2145
29	2153
29	2157
29	2159
29	2160
29	2168
29	2170
29	2171
29	2178
29	2186
29	2202
29	2204
29	2207
29	2212
29	2217
29	2218
29	2221
29	2225
29	2229
29	2233
29	2237
29	2243
29	2246
29	2254
29	2259
29	2264
29	2267
29	2270
29	2273
29	2279
29	2281
29	2284
29	2290
29	2298
29	2300
29	2302
29	2304
29	2308
29	2321
29	2323
29	2329
29	2335
29	2337
29	2344
29	2345
29	2349
29	2352
29	2356
29	2362
29	2376
29	2377
29	2381
29	2382
29	2384
29	2385
29	2386
29	2390
29	2391
29	2395
29	2400
29	2409
29	2417
29	2419
29	2420
29	2422
29	2430
29	2434
29	2437
29	2441
29	2453
29	2461
29	2464
29	2467
29	2473
29	2475
29	2479
29	2483
29	2486
29	2488
29	2490
29	2491
29	2492
29	2497
29	2499
29	2501
29	2506
29	2509
29	2512
29	2518
29	2523
29	2525
29	2529
29	2531
29	2535
29	2539
29	2541
29	2544
29	2545
29	2551
29	2553
29	2561
29	2566
29	2567
29	2569
29	2573
29	2574
29	2577
29	2578
29	2579
29	2582
29	2583
29	2590
29	2596
29	2608
29	2610
29	2620
29	2640
29	2644
29	2648
29	2650
29	2654
29	2660
29	2661
29	2662
29	2664
29	2666
29	2667
29	2668
29	2676
29	2677
29	2683
29	2685
29	2688
29	2693
29	2699
29	2707
29	2708
29	2709
29	2713
29	2715
29	2716
29	2722
29	2729
29	2738
29	2746
29	2751
29	2763
29	2766
29	2769
29	2771
29	2778
29	2786
29	2787
29	2793
29	2794
29	2795
29	2803
29	2807
29	2813
29	2818
29	2822
29	2824
29	2841
29	2849
29	2854
29	2859
29	2860
29	2861
29	2862
29	2870
29	2871
29	2882
29	2887
29	2889
29	2893
29	2894
29	2901
29	2925
29	2929
29	2940
29	2946
29	2950
29	2951
29	2956
29	2957
29	2958
29	2964
29	2969
29	2972
29	2974
29	2975
29	2985
29	2988
29	2995
29	2996
29	2999
29	3000
29	3007
29	3008
29	3017
29	3018
29	3029
29	3030
29	3034
29	3036
29	3037
29	3040
29	3048
29	3060
29	3079
29	3083
29	3086
29	3093
29	3099
29	3102
29	3104
29	3108
29	3112
29	3122
29	3123
29	3128
29	3132
29	3136
29	3139
29	3141
29	3143
29	3148
29	3156
29	3157
29	3158
29	3162
29	3165
29	3171
29	3178
29	3179
29	3184
29	3185
29	3210
29	3212
29	3216
29	3219
29	3225
29	3226
29	3229
29	3238
29	3239
29	3240
29	3248
29	3253
29	3255
29	3262
29	3263
29	3267
29	3268
29	3269
29	3272
29	3281
29	3285
29	3286
29	3291
29	3307
29	3308
29	3311
29	3315
29	3319
29	3321
29	3324
29	3325
29	3328
29	3330
29	3332
29	3337
29	3340
29	3342
29	3344
29	3357
29	3365
29	3369
29	3371
29	3372
29	3379
29	3382
29	3384
29	3386
29	3394
29	3397
29	3401
29	3403
29	3416
29	3422
29	3424
29	3428
29	3429
29	3430
29	3431
29	3434
29	3437
29	3438
29	3441
29	3444
29	3446
29	3451
29	3457
29	3460
29	3462
29	3464
29	3467
29	3471
29	3473
29	3476
29	3480
29	3486
29	3495
29	3496
29	3497
29	3499
29	3505
29	3506
29	3514
29	3517
29	3518
29	3521
29	3522
29	3525
29	3527
29	3529
29	3532
29	3541
29	3543
29	3544
29	3545
29	3547
29	3548
29	3553
29	3555
29	3557
29	3560
29	3561
29	3571
29	3572
29	3575
29	3576
29	3585
29	3586
29	3587
29	3588
29	3594
29	3603
29	3604
29	3607
29	3622
29	3623
29	3624
29	3632
29	3635
29	3636
29	3637
29	3642
29	3647
29	3654
29	3655
29	3659
29	3674
29	3680
29	3684
29	3689
29	3694
29	3695
29	3696
29	3699
29	3700
29	3701
29	3702
29	3709
29	3711
29	3712
29	3715
29	3717
29	3718
29	3730
29	3741
29	3756
29	3757
29	3770
29	3771
29	3774
29	3775
29	3779
29	3785
29	3788
29	3789
29	3792
29	3794
29	3795
29	3800
29	3802
29	3806
29	3825
29	3828
29	3833
29	3835
29	3843
29	3848
29	3854
29	3857
29	3872
29	3873
29	3876
29	3880
29	3883
29	3890
29	3891
29	3900
29	3905
29	3912
29	3913
29	3919
29	3923
29	3929
29	3932
29	3933
29	3942
29	3944
29	3946
29	3949
29	3953
29	3956
29	3963
29	3964
29	3966
29	3968
29	3970
29	3971
29	3978
29	3980
29	3981
29	3984
29	3990
29	3993
29	3998
29	4003
29	4005
29	4012
29	4017
29	4019
29	4021
29	4025
29	4028
29	4030
29	4032
29	4049
29	4051
29	4052
29	4053
29	4055
29	4062
29	4064
29	4078
29	4083
29	4085
29	4090
29	4092
29	4095
29	4099
29	4102
29	4104
29	4108
29	4109
29	4111
29	4123
29	4124
29	4128
29	4129
29	4132
29	4136
29	4140
29	4142
29	4153
29	4154
29	4156
29	4157
29	4160
29	4161
29	4167
29	4170
29	4174
29	4175
29	4178
29	4179
29	4193
29	4199
29	4201
29	4207
29	4208
29	4209
29	4220
29	4233
29	4235
29	4237
29	4239
29	4243
29	4245
29	4252
29	4254
29	4258
29	4269
29	4274
29	4285
29	4288
29	4289
29	4296
29	4297
29	4298
29	4305
29	4307
29	4308
29	4309
29	4315
29	4317
29	4325
29	4327
29	4329
29	4334
29	4335
29	4338
29	4340
29	4344
29	4356
29	4358
29	4375
29	4378
29	4384
29	4388
29	4393
29	4396
29	4397
29	4402
29	4405
29	4409
29	4413
29	4415
29	4421
29	4426
29	4429
29	4431
29	4438
29	4441
29	4451
29	4458
29	4468
29	4471
29	4474
29	4475
29	4477
29	4484
29	4495
29	4499
29	4502
29	4512
29	4514
29	4515
29	4520
29	4548
29	4552
29	4555
29	4558
29	4560
29	4562
29	4564
29	4567
29	4568
29	4590
29	4591
29	4592
29	4595
29	4597
29	4598
29	4602
29	4615
29	4617
29	4620
29	4623
29	4624
29	4630
29	4639
29	4644
29	4645
29	4648
29	4655
29	4657
29	4663
29	4665
29	4669
29	4676
29	4678
29	4699
29	4705
29	4706
29	4708
29	4710
29	4712
29	4714
29	4718
29	4726
29	4732
29	4739
29	4740
29	4741
29	4743
29	4747
29	4749
29	4756
29	4758
29	4768
29	4769
29	4770
29	4773
29	4780
29	4783
29	4787
29	4800
29	4802
29	4805
29	4806
29	4814
29	4836
29	4840
29	4849
29	4850
29	4855
29	4857
29	4858
29	4862
29	4864
29	4865
29	4866
29	4867
29	4879
29	4880
29	4884
29	4886
29	4891
29	4897
29	4902
29	4907
29	4916
29	4920
29	4921
29	4923
29	4924
29	4925
29	4941
29	4945
29	4950
29	4951
29	4954
29	4955
29	4957
29	4959
29	4970
29	4972
29	4974
29	4975
29	4982
29	4990
29	4993
29	4996
29	4997
29	4999
29	5005
29	5006
29	5011
29	5017
29	5024
29	5025
29	5031
29	5033
29	5034
29	5036
29	5039
29	5045
29	5057
29	5058
29	5059
29	5065
29	5066
29	5082
29	5085
29	5088
29	5092
29	5093
29	5095
29	5096
29	5106
29	5107
29	5111
29	5112
29	5116
29	5117
29	5120
29	5125
29	5129
29	5131
29	5138
29	5141
29	5143
29	5144
29	5151
29	5154
29	5158
29	5159
29	5160
29	5175
29	5188
29	5191
29	5192
29	5197
29	5200
29	5206
29	5213
29	5214
29	5219
29	5222
29	5224
29	5225
29	5227
29	5232
29	5234
29	5237
29	5243
29	5246
29	5247
29	5254
29	5255
29	5256
29	5258
29	5260
29	5265
29	5270
29	5274
29	5275
29	5277
29	5278
29	5281
29	5284
29	5287
29	5290
29	5291
29	5292
29	5294
29	5295
29	5302
29	5304
29	5311
29	5312
29	5317
29	5337
29	5354
29	5377
29	5378
29	5379
29	5381
29	5389
29	5398
29	5404
29	5407
29	5411
29	5415
29	5427
29	5432
29	5438
29	5439
29	5445
29	5469
29	5473
29	5474
29	5476
29	5479
29	5483
29	5484
29	5487
29	5489
29	5490
29	5494
29	5495
29	5497
29	5498
29	5504
29	5505
29	5507
29	5510
29	5512
29	5515
29	5525
29	5527
29	5532
29	5539
29	5546
29	5549
29	5550
29	5554
29	5556
29	5565
29	5567
29	5582
29	5583
29	5586
29	5587
29	5588
29	5593
29	5596
29	5599
29	5600
29	5604
29	5605
29	5608
29	5609
29	5611
29	5615
29	5618
29	5619
29	5624
29	5628
29	5632
29	5637
29	5644
29	5654
29	5658
29	5660
29	5669
29	5673
29	5675
29	5679
29	5688
29	5693
29	5695
29	5704
29	5711
29	5717
29	5719
29	5723
29	5741
29	5742
29	5743
29	5755
29	5756
29	5757
29	5758
29	5760
29	5763
29	5766
29	5769
29	5774
29	5780
29	5781
29	5782
29	5798
29	5804
29	5810
29	5814
29	5815
29	5816
29	5825
29	5826
29	5831
29	5834
29	5835
29	5837
29	5849
29	5850
29	5854
29	5855
29	5856
29	5868
29	5876
29	5879
29	5885
29	5906
29	5907
29	5916
29	5923
29	5924
29	5927
29	5929
29	5932
29	5933
29	5942
29	5944
29	5949
29	5952
29	5962
29	5970
29	5972
29	5977
29	5981
29	5985
29	5986
29	5989
29	5990
29	6001
29	6007
29	6010
29	6012
29	6017
29	6018
29	6023
29	6028
29	6029
29	6031
29	6034
29	6042
29	6045
29	6049
29	6050
29	6053
29	6054
29	6055
29	6059
29	6060
29	6067
29	6078
29	6088
29	6092
29	6093
29	6095
29	6105
29	6121
29	6140
29	6143
29	6157
29	6161
29	6162
29	6178
29	6180
29	6183
29	6194
29	6200
29	6207
29	6214
29	6216
29	6218
29	6221
29	6222
29	6226
29	6234
29	6235
29	6240
29	6242
29	6246
29	6255
29	6257
29	6262
29	6272
29	6276
29	6277
29	6278
29	6280
29	6297
29	6299
29	6303
29	6307
29	6311
29	6315
29	6316
29	6325
29	6326
29	6330
29	6332
29	6333
29	6334
29	6346
29	6361
29	6371
29	6377
29	6378
29	6379
29	6382
29	6389
29	6393
29	6396
29	6398
29	6402
29	6403
29	6405
29	6406
29	6407
29	6408
29	6409
29	6415
29	6416
29	6424
29	6435
29	6442
29	6447
29	6449
29	6452
29	6458
29	6461
29	6463
29	6468
29	6472
29	6473
29	6480
29	6482
29	6484
29	6486
29	6489
29	6491
29	6502
29	6507
29	6510
29	6512
29	6534
29	6540
29	6543
29	6548
29	6552
29	6553
29	6554
29	6564
29	6568
29	6570
29	6572
29	6578
29	6587
29	6592
29	6593
29	6594
29	6600
29	6604
29	6608
29	6617
29	6625
29	6631
29	6637
29	6642
29	6644
29	6646
29	6659
29	6661
29	6671
29	6676
29	6678
29	6686
29	6687
29	6692
29	6698
29	6699
29	6700
29	6710
29	6714
29	6718
29	6720
29	6751
29	6768
29	6774
29	6782
29	6784
29	6790
29	6794
29	6796
29	6802
29	6806
29	6807
29	6808
29	6816
29	6817
29	6818
29	6823
29	6824
29	6825
29	6829
29	6831
29	6833
29	6840
29	6841
29	6843
29	6846
29	6849
29	6863
29	6871
29	6872
29	6884
29	6887
29	6888
29	6889
29	6892
29	6893
29	6897
29	6909
29	6912
29	6920
29	6926
29	6939
29	6940
29	6950
29	6952
29	6954
29	6955
29	6957
29	6967
29	6969
29	6971
29	6979
29	6983
29	6984
29	6988
29	6999
29	7011
29	7012
29	7019
29	7027
29	7030
29	7034
29	7038
29	7046
29	7057
29	7059
29	7060
29	7061
29	7064
29	7067
29	7069
29	7076
29	7078
29	7083
29	7087
29	7096
29	7098
29	7106
29	7107
29	7115
29	7116
29	7121
29	7124
29	7125
29	7132
29	7133
29	7134
29	7136
29	7144
29	7146
29	7151
29	7159
29	7162
29	7164
29	7173
29	7176
29	7177
29	7180
29	7182
29	7187
29	7189
29	7192
29	7194
29	7198
29	7200
29	7203
29	7211
29	7212
29	7219
29	7223
29	7228
29	7234
29	7241
29	7242
29	7245
29	7247
29	7252
29	7257
29	7261
29	7262
29	7269
29	7273
29	7280
29	7284
29	7286
29	7287
29	7289
29	7291
29	7294
29	7296
29	7304
29	7305
29	7306
29	7307
29	7316
29	7327
29	7329
29	7334
29	7339
29	7344
29	7349
29	7350
29	7352
29	7358
29	7360
29	7365
29	7372
29	7373
29	7374
29	7378
29	7388
29	7390
29	7393
29	7395
29	7397
29	7406
29	7410
29	7412
29	7417
29	7420
29	7421
29	7436
29	7438
29	7442
29	7449
29	7462
29	7477
29	7483
29	7486
29	7492
29	7495
29	7496
29	7501
29	7507
29	7519
29	7524
29	7525
29	7526
29	7528
29	7537
29	7538
29	7539
29	7556
29	7558
29	7561
29	7563
29	7565
29	7570
29	7571
29	7572
29	7573
29	7575
29	7581
29	7582
29	7584
29	7586
29	7588
29	7589
29	7591
29	7599
29	7600
29	7602
29	7612
29	7617
29	7629
29	7641
29	7647
29	7648
29	7654
29	7660
29	7661
29	7662
29	7668
29	7673
29	7681
29	7687
29	7689
29	7696
29	7703
29	7705
29	7713
29	7715
29	7719
29	7720
29	7722
29	7726
29	7729
29	7730
29	7734
29	7736
29	7752
29	7758
29	7762
29	7766
29	7768
29	7775
29	7776
29	7781
29	7783
29	7784
29	7796
29	7801
29	7802
29	7808
29	7812
29	7814
29	7837
29	7838
29	7844
29	7850
29	7855
29	7857
29	7858
29	7868
29	7871
29	7874
29	7883
29	7885
29	7887
29	7888
29	7889
29	7893
29	7894
29	7896
29	7902
29	7904
29	7910
29	7914
29	7917
29	7925
29	7932
29	7933
29	7935
29	7936
29	7954
29	7955
29	7969
29	7979
29	7985
29	7992
29	7998
29	8001
29	8006
29	8007
29	8008
29	8010
29	8013
29	8015
29	8023
29	8024
29	8028
29	8033
29	8034
29	8039
29	8040
29	8041
29	8045
29	8047
29	8048
29	8053
29	8057
29	8063
29	8064
29	8074
29	8085
29	8087
29	8090
29	8092
29	8102
29	8111
29	8115
29	8124
29	8131
29	8134
29	8141
29	8144
29	8149
29	8154
29	8156
29	8158
29	8159
29	8165
29	8167
29	8173
29	8176
29	8177
29	8178
29	8180
29	8181
29	8187
29	8189
29	8196
29	8202
29	8203
29	8212
29	8214
29	8215
29	8221
29	8226
29	8228
29	8234
29	8236
29	8251
29	8257
29	8258
29	8264
29	8270
29	8274
29	8278
29	8280
29	8292
29	8300
29	8301
29	8302
29	8311
29	8312
29	8316
29	8317
29	8322
29	8327
29	8331
29	8334
29	8336
29	8358
29	8373
29	8379
29	8396
29	8397
29	8399
29	8401
29	8406
29	8411
29	8416
29	8417
29	8420
29	8425
29	8431
29	8434
29	8435
29	8436
29	8438
29	8439
29	8441
29	8442
29	8446
29	8453
29	8455
29	8456
29	8469
29	8473
29	8476
29	8480
29	8485
29	8486
29	8490
29	8494
29	8501
29	8513
29	8523
29	8531
29	8532
29	8533
29	8534
29	8544
29	8548
29	8549
29	8557
29	8561
29	8568
29	8578
29	8583
29	8584
29	8591
29	8593
29	8594
29	8604
29	8609
29	8611
29	8616
29	8617
29	8622
29	8624
29	8627
29	8628
29	8636
29	8641
29	8648
29	8651
29	8663
29	8669
29	8674
29	8682
29	8684
29	8686
29	8688
29	8703
29	8704
29	8709
29	8710
29	8711
29	8716
29	8721
29	8723
29	8726
29	8727
29	8734
29	8739
29	8741
29	8742
29	8748
29	8752
29	8764
29	8771
29	8785
29	8786
29	8790
29	8797
29	8804
29	8811
29	8812
29	8816
29	8828
29	8834
29	8838
29	8844
29	8846
29	8851
29	8852
29	8853
29	8855
29	8856
29	8860
29	8871
29	8873
29	8877
29	8879
29	8880
29	8882
29	8886
29	8889
29	8894
29	8897
29	8904
29	8921
29	8925
29	8927
29	8930
29	8935
29	8941
29	8951
29	8952
29	8953
29	8955
29	8959
29	8983
29	8987
29	8989
29	8991
29	8993
29	9000
29	9001
29	9021
29	9022
29	9023
29	9027
29	9040
29	9042
29	9044
29	9045
29	9047
29	9049
29	9052
29	9054
29	9060
29	9062
29	9065
29	9076
29	9086
29	9089
29	9092
29	9094
29	9114
29	9115
29	9116
29	9123
29	9125
29	9132
29	9135
29	9136
29	9142
29	9143
29	9147
29	9151
29	9156
29	9162
29	9166
29	9176
29	9178
29	9180
29	9188
29	9195
29	9201
29	9202
29	9203
29	9205
29	9216
29	9218
29	9220
29	9224
29	9238
29	9241
29	9245
29	9258
29	9259
29	9260
29	9266
29	9268
29	9271
29	9273
29	9278
29	9281
29	9289
29	9291
29	9292
29	9298
29	9302
29	9312
29	9316
29	9317
29	9339
29	9344
29	9346
29	9349
29	9350
29	9351
29	9354
29	9356
29	9359
29	9362
29	9365
29	9367
29	9368
29	9370
29	9373
29	9376
29	9377
29	9382
29	9386
29	9392
29	9394
29	9401
29	9403
29	9404
29	9408
29	9413
29	9416
29	9419
29	9424
29	9425
29	9427
29	9428
29	9434
29	9442
29	9448
29	9454
29	9457
29	9458
29	9474
29	9481
29	9486
29	9487
29	9495
29	9497
29	9498
29	9504
29	9513
29	9520
29	9522
29	9526
29	9531
29	9539
29	9540
29	9543
29	9547
29	9552
29	9556
29	9559
29	9560
29	9567
29	9576
29	9581
29	9587
29	9589
29	9598
29	9600
29	9602
29	9604
29	9605
29	9609
29	9613
29	9616
29	9617
29	9618
29	9620
29	9627
29	9635
29	9639
29	9640
29	9642
29	9644
29	9650
29	9651
29	9654
29	9658
29	9659
29	9664
29	9675
29	9676
29	9681
29	9686
29	9693
29	9702
29	9703
29	9706
29	9710
29	9715
29	9716
29	9717
29	9724
29	9728
29	9736
29	9743
29	9746
29	9752
29	9753
29	9757
29	9759
29	9760
29	9764
29	9779
29	9797
29	9801
29	9804
29	9810
29	9811
29	9826
29	9829
29	9833
29	9834
29	9835
29	9840
29	9849
29	9851
29	9858
29	9867
29	9874
29	9876
29	9883
29	9884
29	9893
29	9895
29	9903
29	9909
29	9910
29	9915
29	9917
29	9919
29	9921
29	9922
29	9928
29	9929
29	9931
29	9933
29	9935
29	9937
29	9939
29	9944
29	9945
29	9948
29	9955
29	9956
29	9960
29	9966
29	9972
29	9979
29	9984
29	9987
29	9990
29	9991
29	9992
29	9997
29	9998
30	2
30	14
30	55
30	60
30	68
30	97
30	101
30	112
30	120
30	136
30	176
30	188
30	189
30	200
30	214
30	216
30	231
30	253
30	268
30	270
30	278
30	285
30	288
30	305
30	308
30	312
30	317
30	329
30	331
30	334
30	337
30	339
30	395
30	420
30	429
30	433
30	442
30	445
30	461
30	465
30	473
30	490
30	515
30	553
30	559
30	565
30	568
30	582
30	583
30	584
30	589
30	592
30	599
30	600
30	607
30	641
30	651
30	658
30	671
30	691
30	692
30	704
30	713
30	722
30	729
30	754
30	779
30	801
30	822
30	825
30	833
30	834
30	859
30	860
30	866
30	873
30	875
30	911
30	916
30	925
30	947
30	970
30	977
30	991
30	1023
30	1030
30	1043
30	1046
30	1048
30	1058
30	1065
30	1080
30	1081
30	1086
30	1099
30	1102
30	1112
30	1133
30	1135
30	1139
30	1161
30	1166
30	1181
30	1189
30	1193
30	1208
30	1220
30	1234
30	1247
30	1248
30	1252
30	1271
30	1275
30	1293
30	1296
30	1315
30	1336
30	1383
30	1390
30	1406
30	1421
30	1427
30	1446
30	1456
30	1466
30	1477
30	1478
30	1481
30	1485
30	1488
30	1501
30	1509
30	1518
30	1525
30	1532
30	1535
30	1570
30	1575
30	1593
30	1611
30	1627
30	1639
30	1655
30	1664
30	1670
30	1673
30	1710
30	1711
30	1713
30	1728
30	1729
30	1753
30	1760
30	1763
30	1766
30	1773
30	1778
30	1791
30	1829
30	1846
30	1851
30	1866
30	1869
30	1882
30	1884
30	1929
30	1943
30	1947
30	1958
30	1961
30	1966
30	1974
30	1977
30	1983
30	1987
30	1992
30	1999
30	2006
30	2019
30	2020
30	2036
30	2062
30	2064
30	2072
30	2094
30	2102
30	2107
30	2114
30	2127
30	2144
30	2149
30	2151
30	2155
30	2164
30	2167
30	2196
30	2226
30	2242
30	2256
30	2262
30	2269
30	2278
30	2286
30	2305
30	2306
30	2310
30	2333
30	2360
30	2374
30	2387
30	2402
30	2415
30	2423
30	2424
30	2429
30	2438
30	2448
30	2458
30	2471
30	2484
30	2500
30	2538
30	2543
30	2547
30	2555
30	2556
30	2568
30	2570
30	2580
30	2585
30	2589
30	2591
30	2602
30	2611
30	2613
30	2634
30	2637
30	2642
30	2646
30	2655
30	2671
30	2686
30	2690
30	2696
30	2701
30	2710
30	2725
30	2733
30	2736
30	2747
30	2749
30	2788
30	2802
30	2805
30	2808
30	2810
30	2814
30	2816
30	2819
30	2821
30	2826
30	2829
30	2834
30	2840
30	2846
30	2847
30	2852
30	2857
30	2863
30	2867
30	2868
30	2873
30	2875
30	2884
30	2888
30	2891
30	2892
30	2906
30	2910
30	2913
30	2918
30	2924
30	2933
30	2938
30	2941
30	2977
30	2980
30	3011
30	3016
30	3055
30	3063
30	3065
30	3076
30	3077
30	3089
30	3091
30	3092
30	3115
30	3127
30	3129
30	3134
30	3145
30	3160
30	3169
30	3170
30	3172
30	3173
30	3174
30	3176
30	3190
30	3192
30	3195
30	3205
30	3227
30	3233
30	3234
30	3245
30	3251
30	3260
30	3274
30	3299
30	3301
30	3317
30	3322
30	3345
30	3350
30	3392
30	3404
30	3407
30	3415
30	3418
30	3425
30	3426
30	3455
30	3463
30	3468
30	3477
30	3482
30	3484
30	3493
30	3500
30	3504
30	3520
30	3563
30	3567
30	3583
30	3591
30	3593
30	3652
30	3657
30	3661
30	3671
30	3683
30	3685
30	3723
30	3739
30	3748
30	3752
30	3758
30	3766
30	3781
30	3784
30	3798
30	3811
30	3819
30	3839
30	3853
30	3858
30	3862
30	3874
30	3885
30	3892
30	3921
30	3926
30	3962
30	3972
30	3976
30	3985
30	4006
30	4008
30	4036
30	4039
30	4040
30	4060
30	4061
30	4063
30	4065
30	4066
30	4068
30	4070
30	4094
30	4097
30	4116
30	4119
30	4147
30	4150
30	4171
30	4180
30	4183
30	4195
30	4203
30	4210
30	4231
30	4247
30	4248
30	4267
30	4270
30	4278
30	4294
30	4302
30	4312
30	4322
30	4323
30	4324
30	4350
30	4365
30	4391
30	4392
30	4399
30	4403
30	4414
30	4420
30	4439
30	4444
30	4445
30	4454
30	4462
30	4470
30	4472
30	4473
30	4505
30	4516
30	4517
30	4530
30	4536
30	4542
30	4544
30	4550
30	4554
30	4566
30	4576
30	4600
30	4608
30	4660
30	4667
30	4673
30	4679
30	4696
30	4697
30	4703
30	4716
30	4728
30	4750
30	4762
30	4778
30	4782
30	4803
30	4815
30	4820
30	4822
30	4834
30	4845
30	4871
30	4874
30	4890
30	4894
30	4908
30	4938
30	4940
30	4947
30	4976
30	4992
30	4998
30	5013
30	5014
30	5016
30	5083
30	5089
30	5101
30	5102
30	5137
30	5147
30	5153
30	5156
30	5177
30	5190
30	5226
30	5230
30	5241
30	5253
30	5282
30	5334
30	5343
30	5344
30	5346
30	5359
30	5371
30	5391
30	5396
30	5399
30	5418
30	5428
30	5441
30	5449
30	5466
30	5471
30	5481
30	5482
30	5500
30	5506
30	5509
30	5511
30	5516
30	5517
30	5530
30	5533
30	5542
30	5558
30	5573
30	5577
30	5589
30	5590
30	5613
30	5617
30	5638
30	5643
30	5652
30	5667
30	5690
30	5698
30	5702
30	5709
30	5710
30	5712
30	5715
30	5718
30	5721
30	5726
30	5748
30	5759
30	5762
30	5767
30	5772
30	5777
30	5779
30	5786
30	5796
30	5823
30	5830
30	5844
30	5847
30	5851
30	5858
30	5859
30	5863
30	5864
30	5865
30	5869
30	5873
30	5877
30	5881
30	5883
30	5887
30	5888
30	5892
30	5895
30	5928
30	5931
30	5940
30	5947
30	5964
30	5965
30	5974
30	6004
30	6005
30	6016
30	6040
30	6056
30	6057
30	6058
30	6066
30	6075
30	6079
30	6089
30	6102
30	6111
30	6114
30	6116
30	6154
30	6159
30	6164
30	6179
30	6188
30	6190
30	6198
30	6215
30	6219
30	6231
30	6247
30	6261
30	6271
30	6283
30	6292
30	6293
30	6319
30	6320
30	6323
30	6328
30	6355
30	6360
30	6383
30	6392
30	6397
30	6418
30	6429
30	6445
30	6455
30	6457
30	6464
30	6469
30	6474
30	6495
30	6501
30	6505
30	6532
30	6557
30	6559
30	6571
30	6579
30	6602
30	6624
30	6630
30	6640
30	6649
30	6651
30	6679
30	6697
30	6705
30	6711
30	6719
30	6727
30	6729
30	6741
30	6744
30	6746
30	6767
30	6769
30	6773
30	6778
30	6798
30	6799
30	6820
30	6830
30	6855
30	6861
30	6867
30	6870
30	6881
30	6906
30	6908
30	6922
30	6928
30	6933
30	6938
30	6951
30	6959
30	6995
30	7013
30	7020
30	7042
30	7051
30	7070
30	7072
30	7074
30	7077
30	7085
30	7100
30	7103
30	7110
30	7118
30	7120
30	7130
30	7142
30	7163
30	7174
30	7201
30	7204
30	7226
30	7244
30	7246
30	7254
30	7292
30	7309
30	7317
30	7320
30	7336
30	7346
30	7353
30	7361
30	7386
30	7402
30	7415
30	7429
30	7434
30	7437
30	7443
30	7456
30	7480
30	7490
30	7499
30	7520
30	7530
30	7535
30	7536
30	7545
30	7549
30	7553
30	7555
30	7567
30	7579
30	7585
30	7609
30	7627
30	7651
30	7653
30	7683
30	7684
30	7694
30	7708
30	7717
30	7737
30	7739
30	7744
30	7748
30	7750
30	7760
30	7773
30	7791
30	7816
30	7865
30	7875
30	7897
30	7918
30	7920
30	7926
30	7942
30	7945
30	7946
30	7949
30	7966
30	7967
30	7984
30	8002
30	8027
30	8032
30	8035
30	8043
30	8060
30	8066
30	8068
30	8076
30	8082
30	8093
30	8096
30	8132
30	8153
30	8169
30	8182
30	8185
30	8191
30	8194
30	8211
30	8227
30	8238
30	8248
30	8249
30	8272
30	8275
30	8288
30	8341
30	8348
30	8355
30	8357
30	8364
30	8368
30	8369
30	8374
30	8377
30	8395
30	8402
30	8404
30	8419
30	8427
30	8445
30	8465
30	8466
30	8488
30	8493
30	8498
30	8503
30	8504
30	8505
30	8507
30	8508
30	8515
30	8526
30	8528
30	8535
30	8538
30	8542
30	8546
30	8550
30	8590
30	8599
30	8646
30	8655
30	8665
30	8672
30	8720
30	8729
30	8747
30	8755
30	8756
30	8779
30	8783
30	8791
30	8801
30	8826
30	8830
30	8839
30	8843
30	8854
30	8859
30	8867
30	8884
30	8937
30	8948
30	8961
30	8976
30	8978
30	8985
30	8994
30	8999
30	9002
30	9003
30	9013
30	9035
30	9057
30	9058
30	9067
30	9073
30	9080
30	9083
30	9091
30	9137
30	9144
30	9148
30	9152
30	9157
30	9170
30	9173
30	9183
30	9185
30	9187
30	9206
30	9208
30	9217
30	9226
30	9230
30	9246
30	9255
30	9257
30	9261
30	9263
30	9288
30	9308
30	9329
30	9330
30	9332
30	9337
30	9343
30	9358
30	9361
30	9380
30	9383
30	9391
30	9406
30	9450
30	9455
30	9465
30	9467
30	9491
30	9493
30	9523
30	9532
30	9533
30	9544
30	9546
30	9550
30	9551
30	9584
30	9590
30	9596
30	9608
30	9614
30	9621
30	9623
30	9625
30	9628
30	9638
30	9652
30	9660
30	9662
30	9663
30	9666
30	9679
30	9737
30	9745
30	9750
30	9754
30	9756
30	9767
30	9788
30	9794
30	9803
30	9807
30	9823
30	9828
30	9832
30	9845
30	9864
30	9866
30	9869
30	9872
30	9873
30	9894
30	9900
30	9902
30	9908
30	9925
30	9936
30	9949
30	9964
30	9981
31	3
31	41
31	53
31	59
31	82
31	135
31	159
31	186
31	343
31	459
31	460
31	492
31	532
31	538
31	609
31	660
31	674
31	782
31	858
31	887
31	1028
31	1052
31	1053
31	1075
31	1150
31	1307
31	1439
31	1441
31	1451
31	1483
31	1497
31	1544
31	1589
31	1629
31	1633
31	1685
31	1703
31	1709
31	1732
31	1742
31	1792
31	1810
31	1816
31	1889
31	1914
31	1921
31	1963
31	2004
31	2111
31	2365
31	2379
31	2436
31	2536
31	2552
31	2636
31	2680
31	2689
31	2800
31	2886
31	2911
31	2960
31	2970
31	3094
31	3247
31	3304
31	3305
31	3331
31	3481
31	3515
31	3573
31	3597
31	3601
31	3610
31	3656
31	3681
31	3772
31	3834
31	3879
31	3884
31	3888
31	3937
31	3960
31	3974
31	3986
31	4115
31	4255
31	4427
31	4430
31	4447
31	4480
31	4500
31	4504
31	4540
31	4543
31	4581
31	4626
31	4628
31	4632
31	4695
31	4785
31	4792
31	4873
31	4887
31	5010
31	5037
31	5086
31	5142
31	5157
31	5184
31	5193
31	5194
31	5223
31	5244
31	5314
31	5457
31	5514
31	5607
31	5800
31	5807
31	5840
31	5900
31	5917
31	6002
31	6160
31	6168
31	6223
31	6230
31	6237
31	6245
31	6259
31	6260
31	6308
31	6362
31	6467
31	6475
31	6558
31	6616
31	6658
31	6737
31	6747
31	6754
31	6758
31	6791
31	6821
31	6834
31	6854
31	6869
31	6873
31	6942
31	6998
31	7018
31	7037
31	7047
31	7221
31	7243
31	7251
31	7263
31	7297
31	7440
31	7471
31	7506
31	7630
31	7678
31	7818
31	7859
31	7869
31	7922
31	7973
31	8003
31	8072
31	8146
31	8162
31	8186
31	8225
31	8332
31	8339
31	8356
31	8386
31	8559
31	8643
31	8652
31	8749
31	8795
31	8799
31	8814
31	8849
31	8895
31	8920
31	8944
31	9031
31	9069
31	9158
31	9248
31	9252
31	9309
31	9314
31	9319
31	9328
31	9384
31	9415
31	9577
31	9896
31	9924
31	9940
31	9958
31	9965
31	9989
32	549
32	879
32	1951
32	2098
32	2462
32	3860
32	3920
32	4466
32	4494
32	4721
32	5368
32	5524
32	5562
32	5680
32	5988
32	7166
32	7810
32	8059
32	8209
32	8363
32	8555
32	8954
32	8965
32	8969
32	9254
32	9459
32	9606
32	9841
32	9961
33	4942
33	7735
