Minimo	Corrida
64	119
64	156
64	856
64	886
65	21
65	40
65	54
65	62
65	77
65	92
65	93
65	153
65	174
65	195
65	206
65	222
65	239
65	248
65	258
65	298
65	301
65	337
65	342
65	344
65	345
65	355
65	369
65	377
65	436
65	442
65	448
65	455
65	536
65	541
65	554
65	591
65	595
65	597
65	599
65	610
65	615
65	636
65	638
65	650
65	659
65	674
65	679
65	688
65	692
65	713
65	717
65	740
65	756
65	796
65	812
65	816
65	829
65	832
65	840
65	849
65	872
65	941
65	962
65	977
65	998
66	7
66	8
66	10
66	12
66	13
66	14
66	17
66	24
66	26
66	32
66	33
66	36
66	41
66	47
66	52
66	53
66	55
66	56
66	64
66	66
66	67
66	70
66	71
66	72
66	73
66	78
66	81
66	88
66	90
66	95
66	99
66	105
66	108
66	110
66	114
66	120
66	121
66	122
66	133
66	138
66	143
66	147
66	150
66	151
66	158
66	159
66	162
66	168
66	179
66	186
66	187
66	191
66	198
66	202
66	203
66	214
66	218
66	223
66	228
66	229
66	230
66	250
66	254
66	256
66	259
66	260
66	261
66	289
66	293
66	300
66	304
66	307
66	310
66	311
66	315
66	318
66	319
66	326
66	327
66	331
66	333
66	339
66	340
66	367
66	370
66	378
66	380
66	390
66	403
66	411
66	416
66	437
66	441
66	449
66	450
66	451
66	459
66	463
66	464
66	476
66	477
66	478
66	491
66	492
66	497
66	498
66	500
66	502
66	509
66	516
66	519
66	521
66	523
66	534
66	535
66	544
66	546
66	551
66	556
66	558
66	560
66	563
66	565
66	572
66	576
66	593
66	596
66	600
66	603
66	605
66	612
66	614
66	619
66	621
66	623
66	625
66	637
66	643
66	652
66	665
66	666
66	673
66	680
66	682
66	687
66	690
66	693
66	695
66	703
66	712
66	714
66	721
66	724
66	726
66	734
66	737
66	738
66	743
66	744
66	745
66	749
66	751
66	753
66	757
66	764
66	765
66	767
66	773
66	777
66	800
66	801
66	803
66	804
66	805
66	807
66	809
66	835
66	836
66	839
66	843
66	852
66	853
66	854
66	862
66	863
66	870
66	871
66	873
66	875
66	880
66	890
66	892
66	893
66	895
66	897
66	899
66	905
66	906
66	915
66	917
66	920
66	921
66	927
66	930
66	931
66	934
66	942
66	945
66	948
66	950
66	952
66	957
66	964
66	967
66	970
66	980
66	981
66	982
66	983
66	990
67	0
67	3
67	9
67	15
67	20
67	25
67	29
67	38
67	39
67	42
67	43
67	45
67	48
67	50
67	57
67	58
67	60
67	63
67	68
67	74
67	75
67	86
67	91
67	96
67	100
67	101
67	106
67	109
67	113
67	115
67	118
67	124
67	126
67	128
67	129
67	130
67	132
67	137
67	140
67	142
67	146
67	157
67	161
67	164
67	169
67	170
67	171
67	172
67	173
67	175
67	176
67	178
67	180
67	183
67	184
67	189
67	190
67	192
67	193
67	194
67	200
67	201
67	205
67	208
67	216
67	219
67	221
67	226
67	227
67	232
67	233
67	234
67	238
67	240
67	243
67	244
67	246
67	249
67	255
67	257
67	264
67	267
67	268
67	270
67	271
67	273
67	275
67	279
67	281
67	284
67	292
67	294
67	295
67	297
67	299
67	306
67	309
67	313
67	320
67	321
67	323
67	328
67	329
67	330
67	332
67	334
67	336
67	341
67	343
67	349
67	350
67	353
67	357
67	360
67	361
67	362
67	364
67	371
67	374
67	375
67	376
67	381
67	382
67	384
67	385
67	386
67	388
67	391
67	392
67	394
67	398
67	399
67	401
67	402
67	404
67	407
67	408
67	409
67	410
67	417
67	418
67	419
67	420
67	425
67	428
67	429
67	430
67	431
67	432
67	438
67	439
67	440
67	444
67	446
67	447
67	456
67	465
67	468
67	470
67	472
67	474
67	475
67	479
67	481
67	485
67	486
67	487
67	490
67	493
67	495
67	496
67	499
67	501
67	503
67	504
67	505
67	508
67	511
67	512
67	513
67	515
67	517
67	520
67	522
67	524
67	525
67	527
67	528
67	529
67	532
67	533
67	539
67	543
67	548
67	549
67	550
67	552
67	561
67	562
67	568
67	570
67	573
67	577
67	579
67	580
67	581
67	582
67	583
67	584
67	585
67	586
67	588
67	589
67	602
67	611
67	622
67	624
67	626
67	627
67	629
67	630
67	633
67	634
67	640
67	641
67	648
67	649
67	651
67	653
67	654
67	655
67	658
67	660
67	661
67	662
67	663
67	664
67	668
67	670
67	675
67	677
67	678
67	685
67	686
67	691
67	694
67	698
67	699
67	700
67	702
67	706
67	707
67	708
67	709
67	710
67	711
67	716
67	718
67	720
67	723
67	725
67	727
67	728
67	730
67	731
67	732
67	746
67	747
67	754
67	761
67	762
67	763
67	766
67	769
67	771
67	772
67	774
67	779
67	780
67	781
67	782
67	785
67	786
67	787
67	788
67	793
67	794
67	797
67	802
67	814
67	817
67	818
67	821
67	822
67	825
67	826
67	827
67	828
67	830
67	841
67	842
67	844
67	845
67	847
67	848
67	857
67	865
67	866
67	867
67	868
67	877
67	878
67	879
67	881
67	882
67	883
67	885
67	887
67	888
67	898
67	901
67	903
67	904
67	910
67	913
67	914
67	916
67	918
67	919
67	922
67	923
67	924
67	925
67	929
67	932
67	935
67	937
67	939
67	940
67	943
67	944
67	946
67	949
67	953
67	955
67	958
67	963
67	965
67	966
67	968
67	969
67	971
67	972
67	973
67	974
67	978
67	979
67	984
67	985
67	988
67	989
67	991
67	994
67	995
67	997
67	999
68	2
68	4
68	5
68	6
68	11
68	16
68	18
68	19
68	22
68	27
68	28
68	30
68	31
68	34
68	46
68	49
68	51
68	61
68	65
68	76
68	79
68	80
68	82
68	83
68	84
68	85
68	87
68	89
68	94
68	102
68	103
68	107
68	112
68	116
68	117
68	131
68	134
68	135
68	141
68	144
68	145
68	148
68	149
68	154
68	155
68	160
68	163
68	165
68	166
68	167
68	177
68	181
68	182
68	185
68	188
68	196
68	197
68	199
68	207
68	209
68	210
68	211
68	212
68	213
68	215
68	217
68	220
68	231
68	235
68	236
68	241
68	242
68	245
68	247
68	252
68	253
68	263
68	265
68	266
68	274
68	276
68	277
68	278
68	280
68	283
68	285
68	286
68	287
68	290
68	291
68	296
68	302
68	303
68	312
68	316
68	317
68	322
68	335
68	346
68	348
68	354
68	356
68	358
68	359
68	365
68	366
68	368
68	379
68	383
68	387
68	393
68	395
68	396
68	397
68	405
68	406
68	413
68	421
68	422
68	424
68	427
68	434
68	435
68	443
68	445
68	452
68	453
68	454
68	457
68	458
68	466
68	467
68	469
68	471
68	480
68	482
68	483
68	484
68	488
68	489
68	506
68	507
68	510
68	518
68	530
68	531
68	537
68	542
68	545
68	547
68	553
68	557
68	559
68	566
68	567
68	569
68	574
68	578
68	587
68	590
68	592
68	594
68	598
68	604
68	607
68	608
68	613
68	616
68	618
68	628
68	631
68	632
68	635
68	639
68	642
68	646
68	647
68	657
68	667
68	669
68	671
68	672
68	676
68	681
68	683
68	684
68	697
68	715
68	722
68	733
68	735
68	736
68	739
68	742
68	748
68	752
68	755
68	758
68	759
68	760
68	768
68	770
68	775
68	776
68	778
68	783
68	784
68	789
68	790
68	791
68	795
68	798
68	799
68	808
68	810
68	811
68	813
68	819
68	820
68	823
68	831
68	834
68	837
68	838
68	846
68	850
68	851
68	855
68	860
68	861
68	864
68	874
68	876
68	889
68	894
68	896
68	900
68	902
68	907
68	908
68	909
68	911
68	928
68	936
68	938
68	947
68	951
68	954
68	956
68	959
68	960
68	975
68	976
68	986
68	987
68	993
68	996
69	1
69	23
69	35
69	37
69	44
69	59
69	69
69	97
69	98
69	104
69	111
69	123
69	127
69	136
69	139
69	204
69	224
69	225
69	251
69	262
69	272
69	282
69	288
69	305
69	314
69	347
69	351
69	352
69	363
69	372
69	389
69	400
69	412
69	414
69	415
69	426
69	433
69	460
69	461
69	462
69	473
69	494
69	526
69	538
69	540
69	555
69	571
69	575
69	601
69	606
69	609
69	644
69	645
69	656
69	689
69	696
69	704
69	705
69	719
69	750
69	806
69	815
69	824
69	833
69	858
69	859
69	869
69	884
69	891
69	912
69	926
69	933
69	961
70	125
70	152
70	237
70	269
70	308
70	324
70	325
70	338
70	423
70	514
70	564
70	617
70	620
70	701
70	729
70	741
70	792
70	992
71	373
