Minimo	Corrida
100	6
100	71
100	104
100	257
100	347
100	365
100	415
100	482
100	587
100	622
100	782
100	795
100	849
101	25
101	33
101	103
101	161
101	213
101	229
101	286
101	295
101	297
101	301
101	311
101	315
101	320
101	345
101	350
101	352
101	392
101	400
101	428
101	446
101	454
101	462
101	467
101	485
101	503
101	558
101	560
101	589
101	590
101	628
101	632
101	649
101	650
101	657
101	671
101	675
101	685
101	686
101	728
101	742
101	755
101	774
101	784
101	831
101	851
101	860
101	873
101	877
101	882
101	898
101	928
101	937
101	967
101	988
101	991
102	4
102	20
102	27
102	30
102	44
102	52
102	65
102	85
102	90
102	105
102	109
102	129
102	140
102	141
102	151
102	152
102	160
102	186
102	199
102	200
102	203
102	214
102	231
102	232
102	245
102	258
102	259
102	274
102	276
102	280
102	282
102	290
102	302
102	303
102	309
102	313
102	342
102	354
102	375
102	377
102	386
102	398
102	412
102	416
102	418
102	429
102	436
102	440
102	441
102	451
102	476
102	478
102	481
102	500
102	504
102	511
102	514
102	520
102	523
102	527
102	528
102	551
102	559
102	594
102	596
102	597
102	601
102	602
102	603
102	625
102	633
102	636
102	639
102	646
102	668
102	670
102	684
102	689
102	696
102	699
102	708
102	715
102	730
102	744
102	745
102	751
102	761
102	768
102	783
102	792
102	794
102	800
102	802
102	804
102	809
102	814
102	815
102	829
102	834
102	840
102	853
102	854
102	856
102	859
102	870
102	881
102	891
102	901
102	907
102	915
102	920
102	923
102	925
102	929
102	930
102	936
102	947
102	959
102	966
102	981
102	982
102	983
102	984
102	985
102	995
102	999
103	7
103	8
103	9
103	13
103	15
103	16
103	17
103	23
103	28
103	29
103	31
103	40
103	41
103	42
103	45
103	55
103	62
103	67
103	69
103	72
103	77
103	80
103	82
103	86
103	98
103	102
103	113
103	119
103	123
103	131
103	132
103	136
103	137
103	139
103	142
103	149
103	150
103	156
103	159
103	167
103	169
103	176
103	183
103	185
103	204
103	219
103	225
103	237
103	242
103	243
103	251
103	252
103	261
103	262
103	271
103	291
103	292
103	299
103	304
103	306
103	307
103	312
103	314
103	321
103	323
103	324
103	331
103	332
103	333
103	334
103	338
103	341
103	355
103	358
103	364
103	370
103	373
103	374
103	379
103	382
103	388
103	394
103	403
103	404
103	410
103	421
103	422
103	426
103	430
103	431
103	433
103	439
103	442
103	445
103	452
103	463
103	469
103	473
103	474
103	477
103	483
103	484
103	486
103	506
103	507
103	510
103	513
103	519
103	526
103	530
103	531
103	535
103	536
103	542
103	549
103	561
103	562
103	564
103	569
103	570
103	574
103	580
103	581
103	595
103	598
103	613
103	617
103	618
103	619
103	623
103	629
103	641
103	647
103	648
103	651
103	652
103	654
103	674
103	676
103	679
103	680
103	682
103	683
103	687
103	688
103	692
103	693
103	695
103	698
103	700
103	705
103	707
103	710
103	714
103	717
103	735
103	753
103	754
103	758
103	760
103	769
103	773
103	786
103	790
103	805
103	813
103	817
103	823
103	825
103	826
103	830
103	833
103	838
103	841
103	842
103	847
103	848
103	855
103	872
103	874
103	878
103	885
103	892
103	895
103	899
103	900
103	903
103	911
103	918
103	919
103	924
103	933
103	940
103	944
103	949
103	954
103	955
103	956
103	957
103	965
103	968
103	969
103	971
103	973
103	986
103	989
103	996
103	998
104	0
104	10
104	11
104	12
104	14
104	18
104	19
104	34
104	35
104	36
104	37
104	54
104	58
104	60
104	61
104	66
104	68
104	73
104	79
104	83
104	84
104	93
104	101
104	116
104	121
104	127
104	128
104	135
104	143
104	148
104	154
104	162
104	164
104	172
104	173
104	177
104	178
104	179
104	180
104	184
104	187
104	188
104	190
104	191
104	192
104	193
104	195
104	197
104	202
104	206
104	208
104	210
104	212
104	215
104	217
104	221
104	235
104	236
104	238
104	239
104	246
104	253
104	254
104	255
104	256
104	263
104	265
104	268
104	272
104	273
104	277
104	283
104	296
104	298
104	300
104	308
104	310
104	316
104	317
104	318
104	319
104	326
104	327
104	328
104	337
104	353
104	356
104	357
104	361
104	367
104	368
104	376
104	378
104	384
104	387
104	390
104	391
104	393
104	395
104	405
104	407
104	417
104	419
104	423
104	424
104	425
104	427
104	453
104	458
104	466
104	468
104	470
104	471
104	475
104	487
104	490
104	495
104	502
104	505
104	509
104	515
104	533
104	534
104	538
104	540
104	543
104	556
104	557
104	565
104	567
104	571
104	577
104	583
104	586
104	588
104	591
104	593
104	599
104	600
104	604
104	608
104	609
104	614
104	620
104	624
104	626
104	635
104	637
104	638
104	642
104	653
104	655
104	660
104	664
104	678
104	691
104	697
104	702
104	703
104	709
104	711
104	712
104	720
104	721
104	724
104	725
104	733
104	734
104	736
104	738
104	740
104	743
104	746
104	748
104	752
104	756
104	759
104	763
104	766
104	777
104	785
104	787
104	791
104	793
104	796
104	799
104	806
104	808
104	811
104	819
104	827
104	832
104	835
104	837
104	858
104	861
104	863
104	864
104	866
104	868
104	869
104	875
104	884
104	886
104	887
104	902
104	904
104	926
104	932
104	934
104	946
104	948
104	951
104	952
104	961
104	970
104	972
104	974
104	976
104	977
104	987
104	993
105	1
105	2
105	3
105	22
105	43
105	46
105	47
105	48
105	49
105	53
105	56
105	57
105	59
105	63
105	70
105	74
105	75
105	76
105	81
105	88
105	89
105	91
105	95
105	99
105	100
105	106
105	107
105	112
105	114
105	118
105	120
105	122
105	124
105	126
105	130
105	133
105	134
105	138
105	144
105	145
105	146
105	158
105	166
105	168
105	171
105	181
105	189
105	194
105	201
105	209
105	216
105	218
105	222
105	223
105	228
105	233
105	244
105	247
105	250
105	260
105	264
105	275
105	279
105	281
105	284
105	285
105	287
105	289
105	305
105	322
105	335
105	336
105	339
105	340
105	343
105	349
105	359
105	366
105	369
105	372
105	380
105	381
105	389
105	399
105	406
105	411
105	420
105	437
105	447
105	448
105	449
105	456
105	457
105	459
105	464
105	472
105	489
105	491
105	493
105	494
105	498
105	499
105	512
105	516
105	518
105	524
105	529
105	541
105	544
105	545
105	546
105	552
105	554
105	555
105	563
105	568
105	573
105	575
105	578
105	579
105	585
105	592
105	606
105	610
105	611
105	612
105	615
105	621
105	634
105	640
105	643
105	645
105	656
105	663
105	665
105	666
105	667
105	669
105	672
105	673
105	681
105	690
105	701
105	704
105	706
105	713
105	716
105	718
105	722
105	726
105	732
105	739
105	747
105	749
105	750
105	762
105	764
105	765
105	770
105	771
105	772
105	775
105	778
105	780
105	788
105	797
105	803
105	807
105	810
105	818
105	822
105	824
105	828
105	839
105	845
105	846
105	850
105	865
105	867
105	871
105	879
105	883
105	889
105	890
105	894
105	896
105	897
105	905
105	906
105	908
105	910
105	912
105	916
105	917
105	921
105	927
105	931
105	935
105	939
105	942
105	943
105	950
105	953
105	960
105	962
105	963
105	964
105	975
105	978
105	980
105	990
105	992
105	994
105	997
106	21
106	24
106	26
106	32
106	38
106	50
106	51
106	64
106	78
106	92
106	94
106	108
106	110
106	111
106	125
106	147
106	153
106	155
106	163
106	170
106	174
106	196
106	198
106	205
106	207
106	220
106	224
106	226
106	227
106	230
106	234
106	267
106	269
106	270
106	278
106	288
106	293
106	294
106	325
106	329
106	330
106	344
106	346
106	348
106	351
106	360
106	363
106	371
106	385
106	396
106	397
106	401
106	409
106	413
106	414
106	434
106	435
106	438
106	443
106	444
106	455
106	460
106	465
106	479
106	480
106	492
106	501
106	517
106	521
106	522
106	532
106	537
106	539
106	547
106	548
106	550
106	566
106	572
106	576
106	582
106	616
106	631
106	661
106	662
106	694
106	723
106	727
106	729
106	737
106	741
106	757
106	767
106	779
106	781
106	789
106	820
106	821
106	844
106	852
106	857
106	876
106	880
106	913
106	941
106	945
107	39
107	87
107	96
107	97
107	115
107	117
107	157
107	175
107	182
107	211
107	240
107	241
107	248
107	249
107	362
107	383
107	402
107	432
107	450
107	461
107	497
107	508
107	525
107	553
107	584
107	607
107	627
107	644
107	658
107	659
107	677
107	731
107	776
107	798
107	801
107	812
107	836
107	843
107	862
107	888
107	893
107	909
107	914
107	958
107	979
108	5
108	165
108	408
108	488
108	496
108	605
108	630
108	719
108	816
108	922
108	938
109	266
