Minimo	Corrida
98	716
98	771
99	525
99	693
99	808
100	57
100	70
100	76
100	98
100	107
100	177
100	259
100	299
100	314
100	355
100	373
100	375
100	399
100	461
100	496
100	499
100	632
100	637
100	697
100	720
100	757
100	759
100	818
100	828
100	835
100	878
100	896
100	939
100	962
100	971
100	973
100	979
101	5
101	6
101	12
101	22
101	27
101	44
101	60
101	81
101	102
101	126
101	131
101	158
101	169
101	191
101	204
101	220
101	225
101	233
101	251
101	266
101	277
101	283
101	285
101	286
101	294
101	302
101	303
101	306
101	325
101	331
101	340
101	351
101	376
101	390
101	394
101	400
101	407
101	419
101	420
101	423
101	424
101	438
101	454
101	503
101	505
101	508
101	520
101	524
101	530
101	541
101	557
101	578
101	589
101	590
101	604
101	606
101	608
101	619
101	626
101	627
101	641
101	659
101	661
101	671
101	688
101	711
101	724
101	734
101	737
101	745
101	747
101	763
101	770
101	772
101	774
101	775
101	789
101	791
101	811
101	851
101	858
101	863
101	864
101	871
101	872
101	907
101	923
101	926
101	970
101	974
101	975
101	988
101	995
102	1
102	2
102	7
102	15
102	25
102	28
102	31
102	35
102	39
102	50
102	51
102	52
102	58
102	62
102	63
102	64
102	67
102	69
102	88
102	105
102	111
102	113
102	116
102	117
102	118
102	124
102	129
102	134
102	137
102	139
102	140
102	143
102	145
102	146
102	148
102	149
102	151
102	154
102	156
102	161
102	165
102	166
102	171
102	173
102	175
102	178
102	180
102	181
102	188
102	189
102	193
102	197
102	198
102	199
102	207
102	218
102	223
102	224
102	226
102	227
102	229
102	236
102	238
102	246
102	250
102	254
102	260
102	261
102	267
102	269
102	276
102	280
102	291
102	295
102	296
102	311
102	312
102	313
102	320
102	326
102	328
102	332
102	334
102	338
102	341
102	342
102	343
102	349
102	354
102	357
102	362
102	363
102	365
102	366
102	368
102	371
102	377
102	378
102	380
102	396
102	404
102	411
102	416
102	421
102	441
102	442
102	443
102	445
102	447
102	450
102	451
102	453
102	459
102	463
102	472
102	473
102	476
102	477
102	478
102	479
102	484
102	486
102	490
102	493
102	497
102	509
102	510
102	512
102	513
102	516
102	519
102	521
102	529
102	535
102	539
102	552
102	560
102	566
102	569
102	570
102	572
102	581
102	585
102	588
102	593
102	595
102	596
102	597
102	602
102	605
102	609
102	610
102	612
102	616
102	622
102	633
102	643
102	646
102	647
102	649
102	650
102	651
102	652
102	654
102	656
102	658
102	663
102	666
102	672
102	675
102	677
102	680
102	690
102	692
102	696
102	703
102	705
102	708
102	714
102	718
102	729
102	732
102	736
102	738
102	743
102	749
102	752
102	754
102	756
102	760
102	764
102	768
102	777
102	779
102	780
102	794
102	799
102	804
102	806
102	809
102	819
102	832
102	834
102	836
102	842
102	854
102	855
102	856
102	861
102	862
102	868
102	870
102	882
102	883
102	886
102	887
102	888
102	889
102	890
102	891
102	894
102	897
102	898
102	903
102	910
102	916
102	919
102	927
102	930
102	933
102	940
102	944
102	945
102	946
102	955
102	967
102	969
102	981
102	983
102	986
102	992
102	994
103	3
103	4
103	10
103	11
103	17
103	24
103	33
103	34
103	36
103	38
103	41
103	42
103	46
103	47
103	53
103	54
103	61
103	71
103	73
103	75
103	77
103	79
103	80
103	82
103	83
103	84
103	85
103	86
103	87
103	90
103	94
103	95
103	97
103	106
103	108
103	115
103	119
103	120
103	122
103	123
103	127
103	132
103	133
103	136
103	144
103	153
103	157
103	159
103	162
103	164
103	167
103	168
103	172
103	179
103	184
103	185
103	190
103	196
103	200
103	202
103	209
103	210
103	211
103	212
103	213
103	216
103	217
103	219
103	221
103	230
103	234
103	235
103	237
103	240
103	242
103	243
103	244
103	255
103	256
103	257
103	258
103	264
103	265
103	268
103	270
103	275
103	278
103	279
103	284
103	297
103	298
103	304
103	309
103	315
103	319
103	321
103	323
103	324
103	329
103	335
103	337
103	339
103	344
103	345
103	346
103	347
103	353
103	356
103	360
103	369
103	374
103	383
103	386
103	388
103	389
103	395
103	397
103	402
103	403
103	409
103	412
103	413
103	414
103	417
103	426
103	429
103	431
103	433
103	439
103	444
103	449
103	460
103	464
103	465
103	466
103	468
103	469
103	475
103	481
103	482
103	488
103	489
103	500
103	502
103	504
103	506
103	507
103	514
103	515
103	517
103	523
103	527
103	528
103	531
103	532
103	533
103	534
103	536
103	537
103	538
103	542
103	546
103	550
103	556
103	562
103	563
103	564
103	567
103	571
103	580
103	586
103	587
103	592
103	599
103	603
103	614
103	615
103	617
103	618
103	620
103	621
103	623
103	630
103	631
103	634
103	635
103	638
103	640
103	648
103	655
103	657
103	664
103	665
103	669
103	670
103	673
103	674
103	676
103	678
103	679
103	691
103	694
103	695
103	700
103	704
103	710
103	713
103	715
103	719
103	723
103	725
103	727
103	728
103	730
103	733
103	735
103	740
103	741
103	744
103	748
103	750
103	758
103	761
103	762
103	766
103	769
103	773
103	778
103	781
103	782
103	784
103	785
103	787
103	788
103	792
103	796
103	798
103	802
103	803
103	810
103	813
103	816
103	820
103	822
103	823
103	824
103	825
103	827
103	839
103	841
103	843
103	844
103	845
103	846
103	848
103	853
103	857
103	860
103	866
103	867
103	869
103	874
103	880
103	881
103	884
103	885
103	892
103	893
103	895
103	902
103	905
103	908
103	909
103	912
103	913
103	918
103	920
103	921
103	928
103	929
103	931
103	937
103	941
103	942
103	947
103	948
103	949
103	952
103	954
103	956
103	958
103	963
103	964
103	965
103	968
103	972
103	977
103	980
103	982
103	990
103	991
103	993
103	996
103	997
103	999
104	9
104	13
104	14
104	16
104	18
104	20
104	23
104	29
104	30
104	32
104	37
104	40
104	43
104	45
104	48
104	49
104	55
104	56
104	66
104	72
104	74
104	78
104	89
104	91
104	93
104	96
104	99
104	100
104	101
104	103
104	104
104	109
104	110
104	112
104	114
104	121
104	128
104	130
104	141
104	142
104	147
104	152
104	160
104	170
104	174
104	186
104	187
104	192
104	194
104	195
104	203
104	208
104	214
104	215
104	222
104	228
104	231
104	239
104	241
104	248
104	249
104	252
104	253
104	262
104	273
104	281
104	282
104	287
104	288
104	289
104	301
104	305
104	307
104	308
104	310
104	322
104	327
104	330
104	333
104	336
104	358
104	359
104	364
104	370
104	372
104	379
104	382
104	387
104	392
104	393
104	401
104	410
104	415
104	418
104	422
104	425
104	432
104	436
104	437
104	440
104	448
104	452
104	455
104	456
104	457
104	462
104	471
104	474
104	483
104	487
104	492
104	494
104	495
104	498
104	544
104	547
104	548
104	549
104	554
104	555
104	558
104	561
104	565
104	573
104	574
104	579
104	582
104	584
104	594
104	598
104	600
104	601
104	613
104	625
104	628
104	629
104	636
104	639
104	642
104	644
104	645
104	653
104	662
104	667
104	682
104	683
104	684
104	685
104	686
104	689
104	698
104	699
104	702
104	706
104	707
104	717
104	721
104	722
104	731
104	742
104	746
104	753
104	755
104	765
104	767
104	790
104	795
104	801
104	805
104	807
104	812
104	814
104	815
104	817
104	821
104	826
104	829
104	837
104	847
104	850
104	865
104	873
104	875
104	899
104	900
104	901
104	904
104	911
104	914
104	915
104	922
104	934
104	935
104	936
104	938
104	943
104	950
104	951
104	953
104	957
104	959
104	960
104	966
104	978
104	984
104	985
104	987
104	998
105	0
105	8
105	19
105	21
105	59
105	68
105	92
105	135
105	138
105	150
105	155
105	163
105	176
105	183
105	201
105	205
105	206
105	232
105	245
105	247
105	271
105	274
105	290
105	293
105	300
105	317
105	318
105	348
105	350
105	352
105	361
105	381
105	384
105	385
105	391
105	398
105	405
105	406
105	427
105	428
105	430
105	435
105	446
105	458
105	470
105	480
105	485
105	501
105	511
105	518
105	526
105	540
105	545
105	551
105	553
105	559
105	568
105	575
105	576
105	591
105	607
105	611
105	624
105	668
105	681
105	687
105	701
105	709
105	712
105	726
105	776
105	783
105	793
105	797
105	800
105	830
105	831
105	833
105	838
105	849
105	852
105	859
105	879
105	906
105	917
105	924
105	925
105	932
105	961
105	976
105	989
106	26
106	65
106	125
106	272
106	292
106	316
106	367
106	408
106	434
106	467
106	491
106	522
106	543
106	577
106	583
106	739
106	751
106	786
106	840
106	876
106	877
107	182
107	263
108	660
